	A1	A2	A3	A4	A5	A6	A7	A8
A1	1.0	0.9212	0.7772	0.7201	0.5625	0.5897	0.6413	0.6359
A2	0.9212	1.0	0.712	0.6685	0.5326	0.5543	0.6087	0.6005
A3	0.7772	0.712	1.0	0.9158	0.5109	0.5543	0.5842	0.5842
A4	0.7201	0.6685	0.9158	1.0	0.4755	0.5109	0.5408	0.5408
A5	0.5625	0.5326	0.5109	0.4755	1.0	0.7092	0.7092	0.7065
A6	0.5897	0.5543	0.5543	0.5109	0.7092	1.0	0.7554	0.75
A7	0.6413	0.6087	0.5842	0.5408	0.7092	0.7554	1.0	0.9402
A8	0.6359	0.6005	0.5842	0.5408	0.7065	0.75	0.9402	1.0
