	A1	A2	A3	A4	A5	A6	A7	A8
A1	1.0	0.8006	0.7302	0.695	0.6276	0.5455	0.5513	0.5836
A2	0.8006	1.0	0.7449	0.695	0.6393	0.5543	0.5689	0.6041
A3	0.7302	0.7449	1.0	0.9032	0.6833	0.6041	0.6305	0.654
A4	0.695	0.695	0.9032	1.0	0.6774	0.5953	0.5953	0.607
A5	0.6276	0.6393	0.6833	0.6774	1.0	0.7126	0.651	0.6774
A6	0.5455	0.5543	0.6041	0.5953	0.7126	1.0	0.5924	0.6364
A7	0.5513	0.5689	0.6305	0.5953	0.651	0.5924	1.0	0.739
A8	0.5836	0.6041	0.654	0.607	0.6774	0.6364	0.739	1.0
