	A1	A2	A3	A4	A5	A6	A7	A8
A1	1.0	0.7947	0.7302	0.695	0.6188	0.5484	0.5601	0.5894
A2	0.7947	1.0	0.7449	0.695	0.6305	0.5543	0.5777	0.607
A3	0.7302	0.7449	1.0	0.9032	0.6745	0.6041	0.6393	0.6569
A4	0.695	0.695	0.9032	1.0	0.651	0.5953	0.6041	0.61
A5	0.6188	0.6305	0.6745	0.651	1.0	0.6804	0.6481	0.6716
A6	0.5484	0.5543	0.6041	0.5953	0.6804	1.0	0.6041	0.6393
A7	0.5601	0.5777	0.6393	0.6041	0.6481	0.6041	1.0	0.7419
A8	0.5894	0.607	0.6569	0.61	0.6716	0.6393	0.7419	1.0
