	A1	A2	A3	A4	A5	A6	A7	A8
A1	1.0	0.8006	0.7273	0.6921	0.6276	0.5044	0.522	0.5836
A2	0.8006	1.0	0.7419	0.6921	0.6393	0.5132	0.5367	0.6041
A3	0.7273	0.7419	1.0	0.9032	0.6804	0.6012	0.6246	0.651
A4	0.6921	0.6921	0.9032	1.0	0.6745	0.5924	0.5894	0.6041
A5	0.6276	0.6393	0.6804	0.6745	1.0	0.6686	0.6217	0.6774
A6	0.5044	0.5132	0.6012	0.5924	0.6686	1.0	0.6364	0.5836
A7	0.522	0.5367	0.6246	0.5894	0.6217	0.6364	1.0	0.7038
A8	0.5836	0.6041	0.651	0.6041	0.6774	0.5836	0.7038	1.0
