	A5	A6	A7	A8	A1	A2	A3	A4
A5	1.0	0.4372	0.4332	0.5182	0.2753	0.2915	0.3158	0.3239
A6	0.4372	1.0	0.4332	0.4534	0.3968	0.3279	0.2955	0.247
A7	0.4332	0.4332	1.0	0.5506	0.2834	0.3239	0.2794	0.2794
A8	0.5182	0.4534	0.5506	1.0	0.2915	0.3644	0.3846	0.3441
A1	0.2753	0.3968	0.2834	0.2915	1.0	0.4453	0.3036	0.3036
A2	0.2915	0.3279	0.3239	0.3644	0.4453	1.0	0.3603	0.3644
A3	0.3158	0.2955	0.2794	0.3846	0.3036	0.3603	1.0	0.583
A4	0.3239	0.247	0.2794	0.3441	0.3036	0.3644	0.583	1.0
