	A7	A5	A6	A3	A4	A1	A2
A7	1.0	0.6469	0.6053	0.5045	0.5846	0.632	0.5608
A5	0.6469	1.0	0.8902	0.5757	0.6172	0.6439	0.5757
A6	0.6053	0.8902	1.0	0.5401	0.5697	0.5994	0.5401
A3	0.5045	0.5757	0.5401	1.0	0.7418	0.727	0.6677
A4	0.5846	0.6172	0.5697	0.7418	1.0	0.822	0.7418
A1	0.632	0.6439	0.5994	0.727	0.822	1.0	0.8576
A2	0.5608	0.5757	0.5401	0.6677	0.7418	0.8576	1.0
