	A7	A8	A5	A6	A3	A4	A1	A2
A7	1.0	0.8434	0.6538	0.6071	0.5165	0.5907	0.6374	0.5714
A8	0.8434	1.0	0.5989	0.5577	0.4863	0.5275	0.5797	0.5275
A5	0.6538	0.5989	1.0	0.8901	0.5659	0.6071	0.6346	0.5714
A6	0.6071	0.5577	0.8901	1.0	0.5247	0.5549	0.5852	0.5302
A3	0.5165	0.4863	0.5659	0.5247	1.0	0.7418	0.7225	0.6538
A4	0.5907	0.5275	0.6071	0.5549	0.7418	1.0	0.8159	0.7253
A1	0.6374	0.5797	0.6346	0.5852	0.7225	0.8159	1.0	0.8516
A2	0.5714	0.5275	0.5714	0.5302	0.6538	0.7253	0.8516	1.0
