	A1	A2	A3	A4	A5	A6	A7	A8
A1	1.0	0.7448	0.6585	0.6712	0.5407	0.5466	0.5829	0.5447
A2	0.7448	1.0	0.6565	0.6663	0.5643	0.5711	0.581	0.5545
A3	0.6585	0.6565	1.0	0.7772	0.5476	0.5525	0.5711	0.5388
A4	0.6712	0.6663	0.7772	1.0	0.5584	0.5535	0.5643	0.5407
A5	0.5407	0.5643	0.5476	0.5584	1.0	0.7812	0.6693	0.6546
A6	0.5466	0.5711	0.5525	0.5535	0.7812	1.0	0.6968	0.6693
A7	0.5829	0.581	0.5711	0.5643	0.6693	0.6968	1.0	0.7341
A8	0.5447	0.5545	0.5388	0.5407	0.6546	0.6693	0.7341	1.0
