	A1	A2	A3	A4	A5	A6	A7	A8
A1	1.0	0.8278	0.6221	0.6812	0.5656	0.5167	0.5039	0.5887
A2	0.8278	1.0	0.6478	0.7018	0.5964	0.5476	0.5553	0.6324
A3	0.6221	0.6478	1.0	0.9049	0.509	0.4627	0.4679	0.5424
A4	0.6812	0.7018	0.9049	1.0	0.5527	0.5193	0.5141	0.5861
A5	0.5656	0.5964	0.509	0.5527	1.0	0.7609	0.5424	0.6298
A6	0.5167	0.5476	0.4627	0.5193	0.7609	1.0	0.4859	0.5656
A7	0.5039	0.5553	0.4679	0.5141	0.5424	0.4859	1.0	0.7532
A8	0.5887	0.6324	0.5424	0.5861	0.6298	0.5656	0.7532	1.0
