	A1	A2	A3	A4	A5	A6	A7	A8
A1	1.0	0.8289	0.6077	0.6726	0.5339	0.5074	0.5103	0.5929
A2	0.8289	1.0	0.6077	0.6696	0.5457	0.5192	0.5369	0.6136
A3	0.6077	0.6077	1.0	0.8909	0.4631	0.4366	0.4366	0.5103
A4	0.6726	0.6696	0.8909	1.0	0.5074	0.4867	0.4897	0.5605
A5	0.5339	0.5457	0.4631	0.5074	1.0	0.7522	0.5103	0.6018
A6	0.5074	0.5192	0.4366	0.4867	0.7522	1.0	0.472	0.5575
A7	0.5103	0.5369	0.4366	0.4897	0.5103	0.472	1.0	0.764
A8	0.5929	0.6136	0.5103	0.5605	0.6018	0.5575	0.764	1.0
