	A1	A3	A4	A5	A6	A8
A1	1.0	0.6202	0.724	0.454	0.4688	0.4392
A3	0.6202	1.0	0.8131	0.362	0.3739	0.3412
A4	0.724	0.8131	1.0	0.454	0.4688	0.4303
A5	0.454	0.362	0.454	1.0	0.7211	0.7181
A6	0.4688	0.3739	0.4688	0.7211	1.0	0.6617
A8	0.4392	0.3412	0.4303	0.7181	0.6617	1.0
