	A1	A2	A3	A4	A5	A6	A7	A8
A1	1.0	0.816	0.6439	0.7092	0.5074	0.5252	0.4362	0.4955
A2	0.816	1.0	0.5104	0.5668	0.4184	0.4303	0.3591	0.3976
A3	0.6439	0.5104	1.0	0.8516	0.4421	0.4599	0.3769	0.4125
A4	0.7092	0.5668	0.8516	1.0	0.5074	0.5252	0.4451	0.4837
A5	0.5074	0.4184	0.4421	0.5074	1.0	0.7211	0.632	0.7181
A6	0.5252	0.4303	0.4599	0.5252	0.7211	1.0	0.5875	0.6617
A7	0.4362	0.3591	0.3769	0.4451	0.632	0.5875	1.0	0.7715
A8	0.4955	0.3976	0.4125	0.4837	0.7181	0.6617	0.7715	1.0
