	A1	A2	A3	A4	A5	A6	A7	A8
A1	1.0	0.7433	0.6418	0.7045	0.5134	0.5254	0.4358	0.4955
A2	0.7433	1.0	0.4537	0.5104	0.3851	0.3881	0.3164	0.3552
A3	0.6418	0.4537	1.0	0.8507	0.4478	0.4597	0.3821	0.4179
A4	0.7045	0.5104	0.8507	1.0	0.5134	0.5254	0.4507	0.4896
A5	0.5134	0.3851	0.4478	0.5134	1.0	0.7164	0.6269	0.7104
A6	0.5254	0.3881	0.4597	0.5254	0.7164	1.0	0.5881	0.6627
A7	0.4358	0.3164	0.3821	0.4507	0.6269	0.5881	1.0	0.7701
A8	0.4955	0.3552	0.4179	0.4896	0.7104	0.6627	0.7701	1.0
