	A5	A6	A8	A7	A3	A4	A1	A2
A5	1.0	0.8457	0.7062	0.8071	0.6617	0.5697	0.4837	0.546
A6	0.8457	1.0	0.6499	0.7359	0.6024	0.5193	0.457	0.5074
A8	0.7062	0.6499	1.0	0.8042	0.5015	0.4273	0.3947	0.4303
A7	0.8071	0.7359	0.8042	1.0	0.5846	0.4837	0.4362	0.4866
A3	0.6617	0.6024	0.5015	0.5846	1.0	0.7893	0.5846	0.6825
A4	0.5697	0.5193	0.4273	0.4837	0.7893	1.0	0.5193	0.5846
A1	0.4837	0.457	0.3947	0.4362	0.5846	0.5193	1.0	0.7893
A2	0.546	0.5074	0.4303	0.4866	0.6825	0.5846	0.7893	1.0
