	A1	A2	A3	A4	A5	A6	A8
A1	1.0	0.6275	0.5964	0.6044	0.5653	0.504	0.5944
A2	0.6275	1.0	0.5673	0.5653	0.488	0.4448	0.5472
A3	0.5964	0.5673	1.0	0.7751	0.5211	0.4538	0.5542
A4	0.6044	0.5653	0.7751	1.0	0.503	0.4548	0.5472
A5	0.5653	0.488	0.5211	0.503	1.0	0.6516	0.6155
A6	0.504	0.4448	0.4538	0.4548	0.6516	1.0	0.5442
A8	0.5944	0.5472	0.5542	0.5472	0.6155	0.5442	1.0
