	A1	A2	A3	A4	A5	A6	A7	A8
A1	1.0	0.929	0.6243	0.5651	0.7367	0.7308	0.5769	0.5976
A2	0.929	1.0	0.6775	0.6124	0.7899	0.784	0.6213	0.6331
A3	0.6243	0.6775	1.0	0.7367	0.7219	0.713	0.5503	0.5651
A4	0.5651	0.6124	0.7367	1.0	0.6479	0.6361	0.497	0.5148
A5	0.7367	0.7899	0.7219	0.6479	1.0	0.9852	0.7367	0.7604
A6	0.7308	0.784	0.713	0.6361	0.9852	1.0	0.7278	0.7485
A7	0.5769	0.6213	0.5503	0.497	0.7367	0.7278	1.0	0.6657
A8	0.5976	0.6331	0.5651	0.5148	0.7604	0.7485	0.6657	1.0
