	A1	A2	A3	A4	A5	A6	A7	A8
A1	1.0	0.9288	0.6202	0.5549	0.7389	0.7329	0.5786	0.6024
A2	0.9288	1.0	0.6736	0.6053	0.7953	0.7893	0.6261	0.6409
A3	0.6202	0.6736	1.0	0.7389	0.7211	0.7122	0.549	0.5697
A4	0.5549	0.6053	0.7389	1.0	0.6439	0.632	0.4926	0.5134
A5	0.7389	0.7953	0.7211	0.6439	1.0	0.9852	0.7418	0.7685
A6	0.7329	0.7893	0.7122	0.632	0.9852	1.0	0.7329	0.7567
A7	0.5786	0.6261	0.549	0.4926	0.7418	0.7329	1.0	0.6706
A8	0.6024	0.6409	0.5697	0.5134	0.7685	0.7567	0.6706	1.0
