	A1	A5	A2	A7	A8	A3	A6	A4
A1	1.0	0.4704	0.5122	0.4808	0.4077	0.4111	0.4111	0.3902
A5	0.4704	1.0	0.4564	0.5052	0.4286	0.4286	0.5505	0.4181
A2	0.5122	0.4564	1.0	0.4599	0.4634	0.3728	0.4739	0.4321
A7	0.4808	0.5052	0.4599	1.0	0.5052	0.4669	0.4774	0.4669
A8	0.4077	0.4286	0.4634	0.5052	1.0	0.4007	0.4669	0.4355
A3	0.4111	0.4286	0.3728	0.4669	0.4007	1.0	0.4913	0.5192
A6	0.4111	0.5505	0.4739	0.4774	0.4669	0.4913	1.0	0.4983
A4	0.3902	0.4181	0.4321	0.4669	0.4355	0.5192	0.4983	1.0
