	A5	A6	A7	A8	A3	A4
A5	1.0	0.8529	0.7207	0.6877	0.5826	0.5075
A6	0.8529	1.0	0.6727	0.6336	0.5796	0.4204
A7	0.7207	0.6727	1.0	0.8018	0.5285	0.4625
A8	0.6877	0.6336	0.8018	1.0	0.5195	0.4595
A3	0.5826	0.5796	0.5285	0.5195	1.0	0.6547
A4	0.5075	0.4204	0.4625	0.4595	0.6547	1.0
