	A5	A6	A7	A8	A2	A1	A3	A4
A5	1.0	0.8892	0.7351	0.7054	0.4946	0.4919	0.6486	0.5162
A6	0.8892	1.0	0.7216	0.6838	0.4568	0.4541	0.6027	0.473
A7	0.7351	0.7216	1.0	0.8162	0.4541	0.4595	0.6	0.4703
A8	0.7054	0.6838	0.8162	1.0	0.4459	0.4486	0.5892	0.4703
A2	0.4946	0.4568	0.4541	0.4459	1.0	0.6946	0.6838	0.5486
A1	0.4919	0.4541	0.4595	0.4486	0.6946	1.0	0.6838	0.5568
A3	0.6486	0.6027	0.6	0.5892	0.6838	0.6838	1.0	0.7703
A4	0.5162	0.473	0.4703	0.4703	0.5486	0.5568	0.7703	1.0
