	A5	A6	A7	A8	A1	A2	A3	A4
A5	1.0	0.4111	0.4466	0.4585	0.3439	0.3874	0.3755	0.4071
A6	0.4111	1.0	0.4071	0.3636	0.3597	0.4387	0.4625	0.4387
A7	0.4466	0.4071	1.0	0.4269	0.3202	0.3715	0.4348	0.4032
A8	0.4585	0.3636	0.4269	1.0	0.2964	0.3083	0.3676	0.3636
A1	0.3439	0.3597	0.3202	0.2964	1.0	0.5731	0.3281	0.3043
A2	0.3874	0.4387	0.3715	0.3083	0.5731	1.0	0.4032	0.3676
A3	0.3755	0.4625	0.4348	0.3676	0.3281	0.4032	1.0	0.5059
A4	0.4071	0.4387	0.4032	0.3636	0.3043	0.3676	0.5059	1.0
