	A5	A6	A7	A8	A1	A2	A3	A4
A5	1.0	0.632	0.4556	0.5183	0.3278	0.3219	0.3893	0.3609
A6	0.632	1.0	0.4485	0.4982	0.3243	0.3077	0.3834	0.3373
A7	0.4556	0.4485	1.0	0.6249	0.3361	0.3645	0.3929	0.3834
A8	0.5183	0.4982	0.6249	1.0	0.355	0.3089	0.4497	0.4095
A1	0.3278	0.3243	0.3361	0.355	1.0	0.5373	0.3444	0.3385
A2	0.3219	0.3077	0.3645	0.3089	0.5373	1.0	0.2888	0.2982
A3	0.3893	0.3834	0.3929	0.4497	0.3444	0.2888	1.0	0.7373
A4	0.3609	0.3373	0.3834	0.4095	0.3385	0.2982	0.7373	1.0
