	A1	A2	A3	A4	A5	A6	A7	A8
A1	1.0	0.8811	0.5568	0.5297	0.4838	0.5081	0.573	0.6351
A2	0.8811	1.0	0.5081	0.4703	0.4541	0.4622	0.5378	0.5865
A3	0.5568	0.5081	1.0	0.773	0.4649	0.4946	0.5216	0.5514
A4	0.5297	0.4703	0.773	1.0	0.4486	0.4541	0.4892	0.5243
A5	0.4838	0.4541	0.4649	0.4486	1.0	0.7135	0.6486	0.6784
A6	0.5081	0.4622	0.4946	0.4541	0.7135	1.0	0.6378	0.6892
A7	0.573	0.5378	0.5216	0.4892	0.6486	0.6378	1.0	0.873
A8	0.6351	0.5865	0.5514	0.5243	0.6784	0.6892	0.873	1.0
