	A1	A2	A3	A4	A5	A6	A7	A8
A1	1.0	0.8918	0.5556	0.5439	0.4737	0.5	0.5819	0.6433
A2	0.8918	1.0	0.5029	0.4795	0.4415	0.4503	0.5439	0.5906
A3	0.5556	0.5029	1.0	0.7251	0.4327	0.462	0.5088	0.5322
A4	0.5439	0.4795	0.7251	1.0	0.4298	0.4357	0.4854	0.5175
A5	0.4737	0.4415	0.4327	0.4298	1.0	0.693	0.6345	0.6637
A6	0.5	0.4503	0.462	0.4357	0.693	1.0	0.6228	0.6754
A7	0.5819	0.5439	0.5088	0.4854	0.6345	0.6228	1.0	0.8801
A8	0.6433	0.5906	0.5322	0.5175	0.6637	0.6754	0.8801	1.0
