	A5	A6	A7	A8	A1	A2	A4
A5	1.0	0.985	0.6757	0.6517	0.5736	0.5375	0.5255
A6	0.985	1.0	0.6637	0.6396	0.5616	0.5285	0.5135
A7	0.6757	0.6637	1.0	0.8979	0.6396	0.5826	0.5826
A8	0.6517	0.6396	0.8979	1.0	0.6246	0.5736	0.5736
A1	0.5736	0.5616	0.6396	0.6246	1.0	0.8679	0.6216
A2	0.5375	0.5285	0.5826	0.5736	0.8679	1.0	0.5826
A4	0.5255	0.5135	0.5826	0.5736	0.6216	0.5826	1.0
