	A5	A6	A7	A8	A1	A2	A4	A3
A5	1.0	0.9823	0.708	0.6814	0.59	0.5546	0.5369	0.5133
A6	0.9823	1.0	0.6991	0.6726	0.5811	0.5487	0.528	0.5044
A7	0.708	0.6991	1.0	0.8997	0.6283	0.5723	0.5723	0.5428
A8	0.6814	0.6726	0.8997	1.0	0.6136	0.5634	0.5634	0.5251
A1	0.59	0.5811	0.6283	0.6136	1.0	0.8673	0.6195	0.5988
A2	0.5546	0.5487	0.5723	0.5634	0.8673	1.0	0.5811	0.5369
A4	0.5369	0.528	0.5723	0.5634	0.6195	0.5811	1.0	0.6667
A3	0.5133	0.5044	0.5428	0.5251	0.5988	0.5369	0.6667	1.0
