	A5	A6	A7	A8	A1	A2	A4	A3
A5	1.0	0.9834	0.7072	0.6851	0.5967	0.5525	0.5442	0.5276
A6	0.9834	1.0	0.6989	0.6768	0.5884	0.547	0.5359	0.5193
A7	0.7072	0.6989	1.0	0.8923	0.6354	0.5718	0.5801	0.558
A8	0.6851	0.6768	0.8923	1.0	0.6243	0.5663	0.5746	0.5442
A1	0.5967	0.5884	0.6354	0.6243	1.0	0.8536	0.6243	0.616
A2	0.5525	0.547	0.5718	0.5663	0.8536	1.0	0.5773	0.547
A4	0.5442	0.5359	0.5801	0.5746	0.6243	0.5773	1.0	0.6713
A3	0.5276	0.5193	0.558	0.5442	0.616	0.547	0.6713	1.0
