	A5	A6	A7	A8	A1	A2	A3	A4
A5	1.0	0.4728	0.41	0.3431	0.3138	0.2929	0.4561	0.3849
A6	0.4728	1.0	0.3808	0.4435	0.3891	0.3891	0.4142	0.4142
A7	0.41	0.3808	1.0	0.3766	0.3975	0.3808	0.3556	0.3515
A8	0.3431	0.4435	0.3766	1.0	0.3473	0.3598	0.41	0.3724
A1	0.3138	0.3891	0.3975	0.3473	1.0	0.59	0.3766	0.41
A2	0.2929	0.3891	0.3808	0.3598	0.59	1.0	0.3556	0.4059
A3	0.4561	0.4142	0.3556	0.41	0.3766	0.3556	1.0	0.4854
A4	0.3849	0.4142	0.3515	0.3724	0.41	0.4059	0.4854	1.0
