	A1	A2	A3	A4	A5	A6	A8
A1	1.0	0.926	0.787	0.6627	0.571	0.571	0.568
A2	0.926	1.0	0.7574	0.642	0.5562	0.5533	0.5562
A3	0.787	0.7574	1.0	0.8343	0.4822	0.4822	0.4822
A4	0.6627	0.642	0.8343	1.0	0.4053	0.4024	0.4083
A5	0.571	0.5562	0.4822	0.4053	1.0	0.7604	0.6716
A6	0.571	0.5533	0.4822	0.4024	0.7604	1.0	0.6686
A8	0.568	0.5562	0.4822	0.4083	0.6716	0.6686	1.0
