	A5	A6	A7	A8	A1	A2	A3	A4
A5	1.0	0.5677	0.4624	0.4662	0.3571	0.3684	0.3647	0.2744
A6	0.5677	1.0	0.4662	0.4549	0.3271	0.3346	0.3233	0.3008
A7	0.4624	0.4662	1.0	0.4925	0.3722	0.3459	0.3496	0.2932
A8	0.4662	0.4549	0.4925	1.0	0.3759	0.3947	0.3684	0.282
A1	0.3571	0.3271	0.3722	0.3759	1.0	0.5451	0.3947	0.3647
A2	0.3684	0.3346	0.3459	0.3947	0.5451	1.0	0.4135	0.3271
A3	0.3647	0.3233	0.3496	0.3684	0.3947	0.4135	1.0	0.5038
A4	0.2744	0.3008	0.2932	0.282	0.3647	0.3271	0.5038	1.0
