	1o5i_A	1ae1_A	1h5q_A	1doh_A	BDHA_ALCEU	FABG_MYCAV	FABG_ECOLI	FABG_VIBHA	FABG_BUCAP	FABG_BUCAI	FABG_BUCBP	FABG_RICPR	PHAB_ACISP	DHB8_HUMAN	FABG_CHLPN	PHAB_PARDE	YD50_MYCTU	NODG_AZOBR	PHBB_ALCEU	PHBB_CHRVI	YWFD_BACSU	YXBG_BACSU	YK02_MYCTU	DHBA_BACSU	ENTA_ECOLI	DHMA_FLAS1	YJGI_ECOLI	Y4VI_RHISN	BUTA_STAAM	DHG2_BACSU	YGFF_ECOLI	HDHA_ECOLI	DHS4_BOVIN	DHS4_PIG	DHS4_MOUSE	DHS2_HUMAN	SORD_KLEPN	FAG2_SYNY3	FABG_ACTAC	NODG_RHIME	NOG4_RHIME	HDHA_CLOSO	DHK2_STRVN	SOU1_CANAL	SOU2_CANAL	MTDH_UROFA	ARDH_CANAL	YWFH_BACSU	CMTB_PSEPU	GS39_BACSU	YHDF_BACSU	TRN2_DATST	TRNH_DATST	FIXR_BRAJA	YGHA_ECOLI	1rkx_A	1kep_A	1dhr_	1i24_A
1o5i_A	1.0	0.3273	0.2687	0.2812	0.2643	0.3289	0.3556	0.32	0.3467	0.3067	0.2844	0.371	0.3274	0.2775	0.3067	0.3257	0.2812	0.308	0.3125	0.2812	0.2851	0.292	0.2727	0.3094	0.2877	0.3036	0.3049	0.2818	0.2907	0.2952	0.3272	0.2896	0.3304	0.3348	0.3172	0.2844	0.2832	0.3244	0.3288	0.3467	0.3018	0.2895	0.2793	0.2825	0.2748	0.2731	0.28	0.3333	0.3216	0.2743	0.2743	0.3377	0.3084	0.32	0.2941	0.1527	0.1699	0.2065	0.21
1ae1_A	0.3273	1.0	0.275	0.2941	0.3136	0.2895	0.308	0.3122	0.2785	0.2785	0.2954	0.3419	0.272	0.2875	0.3167	0.2727	0.3013	0.27	0.2532	0.2616	0.3347	0.3182	0.2924	0.2437	0.2788	0.2888	0.3182	0.3234	0.2971	0.3347	0.3117	0.3193	0.343	0.3306	0.343	0.3125	0.3202	0.2807	0.2979	0.3193	0.2766	0.2992	0.3258	0.3167	0.3013	0.2905	0.2924	0.2833	0.3278	0.3292	0.3042	0.6531	0.6516	0.3274	0.318	0.1963	0.2	0.2108	0.1604
1h5q_A	0.2687	0.275	1.0	0.2329	0.2541	0.312	0.2746	0.2582	0.2828	0.2992	0.2623	0.2917	0.2753	0.2834	0.2927	0.3347	0.3061	0.298	0.2694	0.3184	0.3099	0.3252	0.2887	0.2922	0.2802	0.2618	0.2991	0.2983	0.3036	0.3145	0.3517	0.2975	0.2915	0.2794	0.2753	0.2327	0.2966	0.3319	0.3029	0.2664	0.2241	0.2874	0.2578	0.3831	0.3725	0.6175	0.332	0.2336	0.2308	0.264	0.26	0.2591	0.3036	0.3114	0.2683	0.1586	0.1903	0.2073	0.1883
1doh_A	0.2812	0.2941	0.2329	1.0	0.2659	0.2988	0.3361	0.3278	0.2946	0.2697	0.278	0.3571	0.3115	0.292	0.252	0.2911	0.2694	0.2893	0.281	0.3099	0.2932	0.3175	0.2899	0.2967	0.2457	0.2971	0.3125	0.2806	0.2913	0.3279	0.3277	0.3036	0.2824	0.302	0.302	0.2806	0.2203	0.2966	0.3054	0.2851	0.2636	0.2805	0.3363	0.3008	0.2588	0.2419	0.2351	0.2428	0.2627	0.3192	0.3192	0.2925	0.2741	0.3249	0.3152	0.1733	0.1991	0.2073	0.2045
BDHA_ALCEU	0.2643	0.3136	0.2541	0.2659	1.0	0.3064	0.3208	0.3375	0.3042	0.2833	0.2875	0.3093	0.298	0.2975	0.314	0.3263	0.3237	0.3663	0.2881	0.3333	0.3293	0.32	0.3447	0.2769	0.2607	0.2906	0.2568	0.2794	0.2727	0.3361	0.2863	0.2762	0.2857	0.2857	0.2735	0.2634	0.2563	0.2638	0.2869	0.3083	0.2532	0.2459	0.2844	0.2614	0.275	0.1926	0.2417	0.2346	0.3049	0.2881	0.2922	0.3024	0.2742	0.2643	0.2573	0.1273	0.1409	0.1753	0.1382
FABG_MYCAV	0.3289	0.2895	0.312	0.2988	0.3064	1.0	0.4807	0.4292	0.412	0.3906	0.3863	0.387	0.359	0.3824	0.3462	0.4159	0.3932	0.3948	0.382	0.3707	0.313	0.2618	0.2987	0.2821	0.2996	0.2645	0.3559	0.3609	0.3276	0.3165	0.3575	0.265	0.3086	0.3086	0.2963	0.2667	0.3222	0.4008	0.385	0.3675	0.3581	0.2809	0.2889	0.2823	0.2753	0.2815	0.3182	0.2965	0.3112	0.2581	0.2581	0.2815	0.2776	0.2881	0.2705	0.1714	0.1932	0.2359	0.1863
FABG_ECOLI	0.3556	0.308	0.2746	0.3361	0.3208	0.4807	1.0	0.7869	0.5451	0.5574	0.5123	0.4917	0.4321	0.3909	0.4486	0.4195	0.3388	0.4689	0.4274	0.4274	0.3222	0.3374	0.3361	0.3693	0.3668	0.3435	0.3529	0.3532	0.3169	0.3279	0.342	0.3305	0.332	0.3238	0.3156	0.2769	0.3219	0.4421	0.4025	0.4795	0.4393	0.3402	0.3153	0.3515	0.3529	0.2746	0.3013	0.2924	0.332	0.3223	0.3099	0.2951	0.3033	0.3142	0.3067	0.2304	0.1759	0.2356	0.1792
FABG_VIBHA	0.32	0.3122	0.2582	0.3278	0.3375	0.4292	0.7869	1.0	0.5328	0.5287	0.4959	0.4833	0.4033	0.3827	0.4938	0.4449	0.3512	0.4689	0.4191	0.4274	0.3305	0.3621	0.3277	0.3444	0.3144	0.3391	0.3484	0.3489	0.3128	0.3402	0.3506	0.3054	0.3238	0.3238	0.3361	0.281	0.3391	0.4764	0.3983	0.4631	0.4351	0.3525	0.3243	0.3389	0.3529	0.2705	0.3054	0.2669	0.3484	0.3182	0.3182	0.2828	0.2992	0.3097	0.2773	0.2258	0.1759	0.2251	0.1792
FABG_BUCAP	0.3467	0.2785	0.2828	0.2946	0.3042	0.412	0.5451	0.5328	1.0	0.7336	0.5902	0.4583	0.3868	0.321	0.3909	0.3729	0.2934	0.3859	0.3983	0.3817	0.3138	0.3086	0.2689	0.3361	0.2969	0.2696	0.3122	0.2979	0.2757	0.3279	0.3377	0.2971	0.3156	0.3033	0.3156	0.2769	0.3047	0.3906	0.3686	0.4221	0.3849	0.3689	0.2568	0.2803	0.2899	0.2705	0.3138	0.3051	0.291	0.2769	0.3017	0.291	0.2746	0.2832	0.2689	0.2166	0.1759	0.2356	0.1887
FABG_BUCAI	0.3067	0.2785	0.2992	0.2697	0.2833	0.3906	0.5574	0.5287	0.7336	1.0	0.5656	0.4792	0.3663	0.3251	0.3951	0.3432	0.3182	0.39	0.3776	0.3817	0.2887	0.3086	0.2689	0.3237	0.2838	0.2652	0.3167	0.2979	0.2881	0.3279	0.316	0.2971	0.3279	0.3115	0.3238	0.2934	0.2918	0.3863	0.3602	0.4303	0.3849	0.3361	0.2387	0.2803	0.2941	0.2664	0.2845	0.2966	0.291	0.2893	0.2893	0.2623	0.2746	0.2832	0.2815	0.2074	0.1713	0.199	0.1698
FABG_BUCBP	0.2844	0.2954	0.2623	0.278	0.2875	0.3863	0.5123	0.4959	0.5902	0.5656	1.0	0.4042	0.3333	0.3128	0.3745	0.3432	0.3264	0.3734	0.3817	0.3527	0.3096	0.3086	0.2941	0.2905	0.2795	0.2696	0.2624	0.2766	0.2922	0.3238	0.2857	0.3264	0.3033	0.2992	0.2992	0.2727	0.2747	0.3648	0.3305	0.3893	0.3515	0.3197	0.2297	0.3096	0.2983	0.25	0.2887	0.2839	0.2828	0.2603	0.2851	0.2787	0.291	0.2788	0.2353	0.1843	0.1713	0.2356	0.1557
FABG_RICPR	0.371	0.3419	0.2917	0.3571	0.3093	0.387	0.4917	0.4833	0.4583	0.4792	0.4042	1.0	0.3933	0.3875	0.4333	0.3922	0.3515	0.3924	0.3671	0.3502	0.3178	0.325	0.3106	0.3151	0.3156	0.304	0.3578	0.3621	0.3222	0.3485	0.3348	0.3008	0.3195	0.3195	0.3029	0.3054	0.3217	0.4087	0.3836	0.5436	0.4792	0.3071	0.3059	0.3093	0.3064	0.278	0.2797	0.3017	0.3112	0.3096	0.2887	0.3071	0.2988	0.3229	0.2894	0.1776	0.2113	0.1925	0.2019
PHAB_ACISP	0.3274	0.272	0.2753	0.3115	0.298	0.359	0.4321	0.4033	0.3868	0.3663	0.3333	0.3933	1.0	0.3551	0.3469	0.4937	0.3607	0.5081	0.4797	0.4715	0.3071	0.2816	0.3403	0.3099	0.2987	0.2931	0.2793	0.308	0.2886	0.3158	0.2936	0.2697	0.2967	0.2805	0.2683	0.25	0.3064	0.4128	0.3833	0.3992	0.35	0.3008	0.3139	0.2686	0.2573	0.2348	0.2739	0.251	0.3089	0.2776	0.2776	0.2846	0.2683	0.3407	0.2727	0.1689	0.1918	0.228	0.1521
DHB8_HUMAN	0.2775	0.2875	0.2834	0.292	0.2975	0.3824	0.3909	0.3827	0.321	0.3251	0.3128	0.3875	0.3551	1.0	0.3629	0.3924	0.413	0.3909	0.3663	0.3909	0.3333	0.3455	0.3417	0.2903	0.2851	0.3093	0.2743	0.3292	0.3537	0.3387	0.3475	0.2886	0.3214	0.3294	0.3214	0.3052	0.3051	0.3882	0.35	0.373	0.361	0.3117	0.3348	0.2874	0.2846	0.296	0.3216	0.2375	0.2925	0.324	0.288	0.28	0.2937	0.3025	0.3089	0.2152	0.208	0.224	0.162
FABG_CHLPN	0.3067	0.3167	0.2927	0.252	0.314	0.3462	0.4486	0.4938	0.3909	0.3951	0.3745	0.4333	0.3469	0.3629	1.0	0.3671	0.3846	0.3786	0.3457	0.3457	0.3457	0.3293	0.3208	0.332	0.3333	0.3103	0.2915	0.364	0.302	0.3347	0.3376	0.3169	0.3024	0.3185	0.3185	0.2927	0.3319	0.3686	0.3766	0.4098	0.361	0.3239	0.3304	0.3292	0.3347	0.2903	0.3333	0.2563	0.2903	0.3049	0.313	0.2834	0.3024	0.3275	0.3182	0.1719	0.2202	0.2211	0.1907
PHAB_PARDE	0.3257	0.2727	0.3347	0.2911	0.3263	0.4159	0.4195	0.4449	0.3729	0.3432	0.3432	0.3922	0.4937	0.3924	0.3671	1.0	0.3941	0.5168	0.5	0.4895	0.3262	0.2954	0.3247	0.3167	0.2889	0.3184	0.3131	0.3174	0.3347	0.3347	0.3624	0.2489	0.2857	0.2731	0.2815	0.2415	0.2876	0.4558	0.3872	0.3729	0.3362	0.2857	0.3023	0.3248	0.2961	0.3096	0.2863	0.2759	0.3235	0.3122	0.2869	0.2815	0.2815	0.3394	0.2575	0.1887	0.1869	0.2228	0.1643
YD50_MYCTU	0.2812	0.3013	0.3061	0.2694	0.3237	0.3932	0.3388	0.3512	0.2934	0.3182	0.3264	0.3515	0.3607	0.413	0.3846	0.3941	1.0	0.3786	0.3745	0.4091	0.3678	0.3633	0.4083	0.2798	0.2857	0.329	0.2883	0.3529	0.3607	0.3563	0.3305	0.2975	0.3036	0.3036	0.2955	0.2898	0.3205	0.3915	0.3655	0.3621	0.3167	0.313	0.3543	0.2881	0.2686	0.2915	0.2975	0.2616	0.3158	0.3347	0.3429	0.2805	0.2996	0.2982	0.3237	0.1591	0.1927	0.2053	0.1636
NODG_AZOBR	0.308	0.27	0.298	0.2893	0.3663	0.3948	0.4689	0.4689	0.3859	0.39	0.3734	0.3924	0.5081	0.3909	0.3786	0.5168	0.3786	1.0	0.6016	0.5592	0.2971	0.3292	0.3165	0.3125	0.2826	0.3304	0.3045	0.3277	0.3074	0.3388	0.3419	0.3222	0.3156	0.3074	0.2951	0.281	0.2833	0.4549	0.3766	0.4066	0.3487	0.3197	0.3213	0.3195	0.3083	0.302	0.2845	0.2941	0.3156	0.3374	0.321	0.2746	0.2992	0.3036	0.3208	0.1889	0.1872	0.2383	0.1806
PHBB_ALCEU	0.3125	0.2532	0.2694	0.281	0.2881	0.382	0.4274	0.4191	0.3983	0.3776	0.3817	0.3671	0.4797	0.3663	0.3457	0.5	0.3745	0.6016	1.0	0.5551	0.2929	0.2922	0.2911	0.2875	0.2696	0.2826	0.3182	0.2894	0.2623	0.3469	0.3077	0.272	0.3074	0.2705	0.2746	0.2645	0.2575	0.4077	0.3556	0.3776	0.3319	0.2787	0.3122	0.2697	0.2792	0.302	0.2469	0.3109	0.3197	0.2757	0.2593	0.2746	0.2787	0.308	0.2667	0.1751	0.1689	0.228	0.1713
PHBB_CHRVI	0.2812	0.2616	0.3184	0.3099	0.3333	0.3707	0.4274	0.4274	0.3817	0.3817	0.3527	0.3502	0.4715	0.3909	0.3457	0.4895	0.4091	0.5592	0.5551	1.0	0.2803	0.3128	0.3305	0.3208	0.2795	0.287	0.3045	0.2979	0.3115	0.3184	0.3319	0.272	0.2746	0.2623	0.25	0.2645	0.2661	0.4077	0.375	0.39	0.3445	0.291	0.3348	0.3	0.3054	0.2816	0.2762	0.2773	0.3607	0.3128	0.3004	0.2869	0.2623	0.2991	0.275	0.1521	0.1598	0.2332	0.1659
YWFD_BACSU	0.2851	0.3347	0.3099	0.2932	0.3293	0.313	0.3222	0.3305	0.3138	0.2887	0.3096	0.3178	0.3071	0.3333	0.3457	0.3262	0.3678	0.2971	0.2929	0.2803	1.0	0.4008	0.3933	0.2769	0.2969	0.3853	0.3394	0.3036	0.2972	0.3934	0.3333	0.2963	0.2846	0.2967	0.2724	0.2694	0.3117	0.3203	0.3106	0.3167	0.2869	0.3115	0.3227	0.2929	0.3109	0.2828	0.3013	0.2552	0.2874	0.3347	0.3678	0.3117	0.3024	0.317	0.2983	0.1835	0.1818	0.2258	0.184
YXBG_BACSU	0.292	0.3182	0.3252	0.3175	0.32	0.2618	0.3374	0.3621	0.3086	0.3086	0.3086	0.325	0.2816	0.3455	0.3293	0.2954	0.3633	0.3292	0.2922	0.3128	0.4008	1.0	0.3647	0.3115	0.2888	0.3651	0.3063	0.308	0.2885	0.3684	0.3462	0.3589	0.2984	0.3024	0.2742	0.2846	0.2839	0.3162	0.2773	0.2951	0.2614	0.358	0.308	0.3745	0.3595	0.3077	0.2798	0.2716	0.292	0.3211	0.3618	0.3004	0.2874	0.3362	0.3264	0.1584	0.2025	0.2094	0.1759
YK02_MYCTU	0.2727	0.2924	0.2887	0.2899	0.3447	0.2987	0.3361	0.3277	0.2689	0.2689	0.2941	0.3106	0.3403	0.3417	0.3208	0.3247	0.4083	0.3165	0.2911	0.3305	0.3933	0.3647	1.0	0.2971	0.3186	0.3771	0.3241	0.3147	0.3824	0.321	0.323	0.2822	0.3306	0.3264	0.3058	0.3	0.3013	0.3581	0.2684	0.3013	0.2723	0.2738	0.3532	0.3122	0.3093	0.2946	0.322	0.2198	0.2905	0.3333	0.325	0.2963	0.2869	0.3198	0.3021	0.1402	0.1732	0.2447	0.1739
DHBA_BACSU	0.3094	0.2437	0.2922	0.2967	0.2769	0.2821	0.3693	0.3444	0.3361	0.3237	0.2905	0.3151	0.3099	0.2903	0.332	0.3167	0.2798	0.3125	0.2875	0.3208	0.2769	0.3115	0.2971	1.0	0.4527	0.3074	0.2511	0.2782	0.2653	0.2927	0.313	0.3167	0.3213	0.3213	0.2972	0.2874	0.3193	0.309	0.2924	0.314	0.2521	0.3102	0.3111	0.2863	0.3	0.2805	0.2939	0.2731	0.2642	0.2776	0.2735	0.2429	0.246	0.2965	0.2792	0.1982	0.1892	0.2124	0.2
ENTA_ECOLI	0.2877	0.2788	0.2802	0.2457	0.2607	0.2996	0.3668	0.3144	0.2969	0.2838	0.2795	0.3156	0.2987	0.2851	0.3333	0.2889	0.2857	0.2826	0.2696	0.2795	0.2969	0.2888	0.3186	0.4527	1.0	0.2991	0.2944	0.3333	0.2949	0.2876	0.3288	0.2982	0.3021	0.2596	0.2681	0.2961	0.3203	0.2832	0.2844	0.31	0.2655	0.2747	0.2798	0.2851	0.304	0.2845	0.2759	0.2599	0.2414	0.2554	0.29	0.2468	0.265	0.35	0.2876	0.2009	0.1864	0.2567	0.2108
DHMA_FLAS1	0.3036	0.2888	0.2618	0.2971	0.2906	0.2645	0.3435	0.3391	0.2696	0.2652	0.2696	0.304	0.2931	0.3093	0.3103	0.3184	0.329	0.3304	0.2826	0.287	0.3853	0.3651	0.3771	0.3074	0.2991	1.0	0.3348	0.321	0.2974	0.3263	0.2969	0.3038	0.2833	0.3	0.2792	0.2689	0.2739	0.2851	0.2939	0.3247	0.2731	0.2397	0.2763	0.2727	0.2656	0.2658	0.2574	0.24	0.3361	0.314	0.3182	0.2941	0.25	0.308	0.2851	0.2037	0.19	0.1939	0.1852
YJGI_ECOLI	0.3049	0.3182	0.2991	0.3125	0.2568	0.3559	0.3529	0.3484	0.3122	0.3167	0.2624	0.3578	0.2793	0.2743	0.2915	0.3131	0.2883	0.3045	0.3182	0.3045	0.3394	0.3063	0.3241	0.2511	0.2944	0.3348	1.0	0.2922	0.2986	0.317	0.3333	0.3288	0.287	0.296	0.2915	0.2793	0.2735	0.317	0.3196	0.3288	0.3045	0.3004	0.2679	0.2711	0.2545	0.3022	0.2838	0.2752	0.308	0.2902	0.2946	0.3498	0.3004	0.3203	0.2946	0.1576	0.2	0.2044	0.1478
Y4VI_RHISN	0.2818	0.3234	0.2983	0.2806	0.2794	0.3609	0.3532	0.3489	0.2979	0.2979	0.2766	0.3621	0.308	0.3292	0.364	0.3174	0.3529	0.3277	0.2894	0.2979	0.3036	0.308	0.3147	0.2782	0.3333	0.321	0.2922	1.0	0.3185	0.3252	0.3826	0.3071	0.291	0.2787	0.2951	0.2881	0.3484	0.3377	0.3377	0.339	0.309	0.298	0.3453	0.314	0.2905	0.2769	0.275	0.2893	0.2992	0.302	0.2816	0.2955	0.344	0.3438	0.2857	0.1963	0.2038	0.2135	0.2064
BUTA_STAAM	0.2907	0.2971	0.3036	0.2913	0.2727	0.3276	0.3169	0.3128	0.2757	0.2881	0.2922	0.3222	0.2886	0.3537	0.302	0.3347	0.3607	0.3074	0.2623	0.3115	0.2972	0.2885	0.3824	0.2653	0.2949	0.2974	0.2986	0.3185	1.0	0.3049	0.3122	0.281	0.2984	0.3105	0.3185	0.2886	0.2906	0.3004	0.3071	0.3004	0.2625	0.2834	0.3259	0.2963	0.2686	0.2389	0.2675	0.252	0.3173	0.3429	0.3184	0.2829	0.2908	0.2907	0.2975	0.1525	0.2188	0.2591	0.1872
DHG2_BACSU	0.2952	0.3347	0.3145	0.3279	0.3361	0.3165	0.3279	0.3402	0.3279	0.3279	0.3238	0.3485	0.3158	0.3387	0.3347	0.3347	0.3563	0.3388	0.3469	0.3184	0.3934	0.3684	0.321	0.2927	0.2876	0.3263	0.317	0.3252	0.3049	1.0	0.3882	0.3457	0.32	0.324	0.308	0.3024	0.2743	0.3249	0.3375	0.302	0.2645	0.3056	0.3717	0.298	0.3074	0.316	0.2776	0.2946	0.3173	0.3092	0.3333	0.3133	0.3012	0.3043	0.3074	0.1982	0.1947	0.1869	0.2018
YGFF_ECOLI	0.3272	0.3117	0.3517	0.3277	0.2863	0.3575	0.342	0.3506	0.3377	0.316	0.2857	0.3348	0.2936	0.3475	0.3376	0.3624	0.3305	0.3419	0.3077	0.3319	0.3333	0.3462	0.323	0.313	0.3288	0.2969	0.3333	0.3826	0.3122	0.3882	1.0	0.2974	0.3034	0.2906	0.2991	0.3004	0.3422	0.3318	0.3559	0.3333	0.3026	0.2881	0.3486	0.2857	0.2658	0.2954	0.3047	0.309	0.3077	0.3319	0.339	0.3277	0.3234	0.3739	0.3502	0.216	0.2176	0.1925	0.2091
HDHA_ECOLI	0.2896	0.3193	0.2975	0.3036	0.2762	0.265	0.3305	0.3054	0.2971	0.2971	0.3264	0.3008	0.2697	0.2886	0.3169	0.2489	0.2975	0.3222	0.272	0.272	0.2963	0.3589	0.2822	0.3167	0.2982	0.3038	0.3288	0.3071	0.281	0.3457	0.2974	1.0	0.3253	0.3373	0.3293	0.2996	0.3043	0.29	0.2924	0.3	0.2616	0.3293	0.3242	0.3045	0.2975	0.3045	0.2963	0.2723	0.2823	0.3008	0.313	0.3414	0.2778	0.3231	0.3306	0.1991	0.2081	0.2097	0.169
DHS4_BOVIN	0.3304	0.343	0.2915	0.2824	0.2857	0.3086	0.332	0.3238	0.3156	0.3279	0.3033	0.3195	0.2967	0.3214	0.3024	0.2857	0.3036	0.3156	0.3074	0.2746	0.2846	0.2984	0.3306	0.3213	0.3021	0.2833	0.287	0.291	0.2984	0.32	0.3034	0.3253	1.0	0.8	0.7808	0.607	0.2899	0.3291	0.2971	0.3184	0.2769	0.34	0.3673	0.3068	0.312	0.32	0.2709	0.2603	0.2588	0.2824	0.2824	0.311	0.3411	0.3207	0.312	0.1928	0.1757	0.171	0.1674
DHS4_PIG	0.3348	0.3306	0.2794	0.302	0.2857	0.3086	0.3238	0.3238	0.3033	0.3115	0.2992	0.3195	0.2805	0.3294	0.3185	0.2731	0.3036	0.3074	0.2705	0.2623	0.2967	0.3024	0.3264	0.3213	0.2596	0.3	0.296	0.2787	0.3105	0.324	0.2906	0.3373	0.8	1.0	0.7923	0.6031	0.2857	0.3122	0.3096	0.3265	0.2769	0.332	0.3628	0.2988	0.3	0.296	0.259	0.2438	0.251	0.2863	0.2863	0.3268	0.3217	0.3038	0.3	0.1839	0.1937	0.1762	0.186
DHS4_MOUSE	0.3172	0.343	0.2753	0.302	0.2735	0.2963	0.3156	0.3361	0.3156	0.3238	0.2992	0.3029	0.2683	0.3214	0.3185	0.2815	0.2955	0.2951	0.2746	0.25	0.2724	0.2742	0.3058	0.2972	0.2681	0.2792	0.2915	0.2951	0.3185	0.308	0.2991	0.3293	0.7808	0.7923	1.0	0.5914	0.2983	0.3038	0.2929	0.3102	0.2727	0.328	0.3274	0.2869	0.292	0.292	0.247	0.2479	0.2314	0.2588	0.2627	0.3189	0.3101	0.3122	0.268	0.1883	0.1892	0.1503	0.1674
DHS2_HUMAN	0.2844	0.3125	0.2327	0.2806	0.2634	0.2667	0.2769	0.281	0.2769	0.2934	0.2727	0.3054	0.25	0.3052	0.2927	0.2415	0.2898	0.281	0.2645	0.2645	0.2694	0.2846	0.3	0.2874	0.2961	0.2689	0.2793	0.2881	0.2886	0.3024	0.3004	0.2996	0.607	0.6031	0.5914	1.0	0.2712	0.3106	0.27	0.2922	0.25	0.2944	0.3214	0.2702	0.2713	0.3065	0.2379	0.2292	0.2817	0.2727	0.3043	0.3108	0.298	0.2809	0.2903	0.2072	0.1727	0.1875	0.1814
SORD_KLEPN	0.2832	0.3202	0.2966	0.2203	0.2563	0.3222	0.3219	0.3391	0.3047	0.2918	0.2747	0.3217	0.3064	0.3051	0.3319	0.2876	0.3205	0.2833	0.2575	0.2661	0.3117	0.2839	0.3013	0.3193	0.3203	0.2739	0.2735	0.3484	0.2906	0.2743	0.3422	0.3043	0.2899	0.2857	0.2983	0.2712	1.0	0.3277	0.2907	0.3077	0.3	0.2929	0.2775	0.2669	0.2553	0.2833	0.2936	0.2237	0.2869	0.2762	0.2971	0.2966	0.3013	0.2833	0.2797	0.183	0.1962	0.1608	0.1524
FAG2_SYNY3	0.3244	0.2807	0.3319	0.2966	0.2638	0.4008	0.4421	0.4764	0.3906	0.3863	0.3648	0.4087	0.4128	0.3882	0.3686	0.4558	0.3915	0.4549	0.4077	0.4077	0.3203	0.3162	0.3581	0.309	0.2832	0.2851	0.317	0.3377	0.3004	0.3249	0.3318	0.29	0.3291	0.3122	0.3038	0.3106	0.3277	1.0	0.4254	0.3932	0.3739	0.3191	0.3304	0.3047	0.3103	0.3151	0.3047	0.2434	0.3249	0.2797	0.2754	0.2894	0.2869	0.3435	0.2833	0.1991	0.2039	0.2396	0.1854
FABG_ACTAC	0.3288	0.2979	0.3029	0.3054	0.2869	0.385	0.4025	0.3983	0.3686	0.3602	0.3305	0.3836	0.3833	0.35	0.3766	0.3872	0.3655	0.3766	0.3556	0.375	0.3106	0.2773	0.2684	0.2924	0.2844	0.2939	0.3196	0.3377	0.3071	0.3375	0.3559	0.2924	0.2971	0.3096	0.2929	0.27	0.2907	0.4254	1.0	0.4195	0.3863	0.2845	0.3379	0.2983	0.2785	0.2697	0.2821	0.3004	0.3054	0.2773	0.2647	0.3054	0.3013	0.3094	0.2658	0.1869	0.2047	0.164	0.1789
NODG_RHIME	0.3467	0.3193	0.2664	0.2851	0.3083	0.3675	0.4795	0.4631	0.4221	0.4303	0.3893	0.5436	0.3992	0.373	0.4098	0.3729	0.3621	0.4066	0.3776	0.39	0.3167	0.2951	0.3013	0.314	0.31	0.3247	0.3288	0.339	0.3004	0.302	0.3333	0.3	0.3184	0.3265	0.3102	0.2922	0.3077	0.3932	0.4195	1.0	0.8292	0.2735	0.3184	0.2958	0.3054	0.2449	0.3	0.2881	0.3347	0.2798	0.2798	0.302	0.298	0.3172	0.2887	0.1835	0.1806	0.1937	0.1745
NOG4_RHIME	0.3018	0.2766	0.2241	0.2636	0.2532	0.3581	0.4393	0.4351	0.3849	0.3849	0.3515	0.4792	0.35	0.361	0.361	0.3362	0.3167	0.3487	0.3319	0.3445	0.2869	0.2614	0.2723	0.2521	0.2655	0.2731	0.3045	0.309	0.2625	0.2645	0.3026	0.2616	0.2769	0.2769	0.2727	0.25	0.3	0.3739	0.3863	0.8292	1.0	0.2314	0.2805	0.27	0.2797	0.2273	0.2743	0.2661	0.281	0.2417	0.25	0.2645	0.2686	0.2978	0.2542	0.186	0.1682	0.1774	0.1483
HDHA_CLOSO	0.2895	0.2992	0.2874	0.2805	0.2459	0.2809	0.3402	0.3525	0.3689	0.3361	0.3197	0.3071	0.3008	0.3117	0.3239	0.2857	0.313	0.3197	0.2787	0.291	0.3115	0.358	0.2738	0.3102	0.2747	0.2397	0.3004	0.298	0.2834	0.3056	0.2881	0.3293	0.34	0.332	0.328	0.2944	0.2929	0.3191	0.2845	0.2735	0.2314	1.0	0.3333	0.2857	0.2746	0.2782	0.2746	0.2531	0.2298	0.2972	0.2932	0.2976	0.3095	0.2957	0.2869	0.1964	0.1787	0.203	0.2037
DHK2_STRVN	0.2793	0.3258	0.2578	0.3363	0.2844	0.2889	0.3153	0.3243	0.2568	0.2387	0.2297	0.3059	0.3139	0.3348	0.3304	0.3023	0.3543	0.3213	0.3122	0.3348	0.3227	0.308	0.3532	0.3111	0.2798	0.2763	0.2679	0.3453	0.3259	0.3717	0.3486	0.3242	0.3673	0.3628	0.3274	0.3214	0.2775	0.3304	0.3379	0.3184	0.2805	0.3333	1.0	0.2751	0.2807	0.2456	0.2479	0.2217	0.2996	0.3274	0.3053	0.3244	0.3524	0.3463	0.3348	0.2029	0.1836	0.232	0.1809
SOU1_CANAL	0.2825	0.3167	0.3831	0.3008	0.2614	0.2823	0.3515	0.3389	0.2803	0.2803	0.3096	0.3093	0.2686	0.2874	0.3292	0.3248	0.2881	0.3195	0.2697	0.3	0.2929	0.3745	0.3122	0.2863	0.2851	0.2727	0.2711	0.314	0.2963	0.298	0.2857	0.3045	0.3068	0.2988	0.2869	0.2702	0.2669	0.3047	0.2983	0.2958	0.27	0.2857	0.2751	1.0	0.7214	0.3871	0.374	0.211	0.252	0.3057	0.3011	0.2915	0.2784	0.2846	0.2967	0.1991	0.1855	0.2105	0.2156
SOU2_CANAL	0.2748	0.3013	0.3725	0.2588	0.275	0.2753	0.3529	0.3529	0.2899	0.2941	0.2983	0.3064	0.2573	0.2846	0.3347	0.2961	0.2686	0.3083	0.2792	0.3054	0.3109	0.3595	0.3093	0.3	0.304	0.2656	0.2545	0.2905	0.2686	0.3074	0.2658	0.2975	0.312	0.3	0.292	0.2713	0.2553	0.3103	0.2785	0.3054	0.2797	0.2746	0.2807	0.7214	1.0	0.3887	0.3715	0.2034	0.257	0.3068	0.291	0.2846	0.2756	0.2778	0.3015	0.1682	0.1545	0.2011	0.1982
MTDH_UROFA	0.2731	0.2905	0.6175	0.2419	0.1926	0.2815	0.2746	0.2705	0.2705	0.2664	0.25	0.278	0.2348	0.296	0.2903	0.3096	0.2915	0.302	0.302	0.2816	0.2828	0.3077	0.2946	0.2805	0.2845	0.2658	0.3022	0.2769	0.2389	0.316	0.2954	0.3045	0.32	0.296	0.292	0.3065	0.2833	0.3151	0.2697	0.2449	0.2273	0.2782	0.2456	0.3871	0.3887	1.0	0.3508	0.2614	0.236	0.272	0.256	0.3024	0.3108	0.2759	0.2805	0.1681	0.1532	0.1856	0.2192
ARDH_CANAL	0.28	0.2924	0.332	0.2351	0.2417	0.3182	0.3013	0.3054	0.3138	0.2845	0.2887	0.2797	0.2739	0.3216	0.3333	0.2863	0.2975	0.2845	0.2469	0.2762	0.3013	0.2798	0.322	0.2939	0.2759	0.2574	0.2838	0.275	0.2675	0.2776	0.3047	0.2963	0.2709	0.259	0.247	0.2379	0.2936	0.3047	0.2821	0.3	0.2743	0.2746	0.2479	0.374	0.3715	0.3508	1.0	0.2542	0.247	0.2874	0.2559	0.2874	0.2824	0.2377	0.255	0.1806	0.176	0.1809	0.2047
YWFH_BACSU	0.3333	0.2833	0.2336	0.2428	0.2346	0.2965	0.2924	0.2669	0.3051	0.2966	0.2839	0.3017	0.251	0.2375	0.2563	0.2759	0.2616	0.2941	0.3109	0.2773	0.2552	0.2716	0.2198	0.2731	0.2599	0.24	0.2752	0.2893	0.252	0.2946	0.309	0.2723	0.2603	0.2438	0.2479	0.2292	0.2237	0.2434	0.3004	0.2881	0.2661	0.2531	0.2217	0.211	0.2034	0.2614	0.2542	1.0	0.2625	0.2427	0.2678	0.2653	0.2746	0.2735	0.2723	0.1422	0.1467	0.1444	0.1806
CMTB_PSEPU	0.3216	0.3278	0.2308	0.2627	0.3049	0.3112	0.332	0.3484	0.291	0.291	0.2828	0.3112	0.3089	0.2925	0.2903	0.3235	0.3158	0.3156	0.3197	0.3607	0.2874	0.292	0.2905	0.2642	0.2414	0.3361	0.308	0.2992	0.3173	0.3173	0.3077	0.2823	0.2588	0.251	0.2314	0.2817	0.2869	0.3249	0.3054	0.3347	0.281	0.2298	0.2996	0.252	0.257	0.236	0.247	0.2625	1.0	0.2688	0.2767	0.3347	0.298	0.25	0.2731	0.1794	0.1455	0.2094	0.1674
GS39_BACSU	0.2743	0.3292	0.264	0.3192	0.2881	0.2581	0.3223	0.3182	0.2769	0.2893	0.2603	0.3096	0.2776	0.324	0.3049	0.3122	0.3347	0.3374	0.2757	0.3128	0.3347	0.3211	0.3333	0.2776	0.2554	0.314	0.2902	0.302	0.3429	0.3092	0.3319	0.3008	0.2824	0.2863	0.2588	0.2727	0.2762	0.2797	0.2773	0.2798	0.2417	0.2972	0.3274	0.3057	0.3068	0.272	0.2874	0.2427	0.2688	1.0	0.6929	0.2988	0.3178	0.316	0.4727	0.1956	0.2045	0.2216	0.2074
YHDF_BACSU	0.2743	0.3042	0.26	0.3192	0.2922	0.2581	0.3099	0.3182	0.3017	0.2893	0.2851	0.2887	0.2776	0.288	0.313	0.2869	0.3429	0.321	0.2593	0.3004	0.3678	0.3618	0.325	0.2735	0.29	0.3182	0.2946	0.2816	0.3184	0.3333	0.339	0.313	0.2824	0.2863	0.2627	0.3043	0.2971	0.2754	0.2647	0.2798	0.25	0.2932	0.3053	0.3011	0.291	0.256	0.2559	0.2678	0.2767	0.6929	1.0	0.2709	0.2868	0.304	0.4542	0.1956	0.2091	0.201	0.1935
TRN2_DATST	0.3377	0.6531	0.2591	0.2925	0.3024	0.2815	0.2951	0.2828	0.291	0.2623	0.2787	0.3071	0.2846	0.28	0.2834	0.2815	0.2805	0.2746	0.2746	0.2869	0.3117	0.3004	0.2963	0.2429	0.2468	0.2941	0.3498	0.2955	0.2829	0.3133	0.3277	0.3414	0.311	0.3268	0.3189	0.3108	0.2966	0.2894	0.3054	0.302	0.2645	0.2976	0.3244	0.2915	0.2846	0.3024	0.2874	0.2653	0.3347	0.2988	0.2709	1.0	0.5946	0.3047	0.2967	0.1712	0.2267	0.2135	0.1944
TRNH_DATST	0.3084	0.6516	0.3036	0.2741	0.2742	0.2776	0.3033	0.2992	0.2746	0.2746	0.291	0.2988	0.2683	0.2937	0.3024	0.2815	0.2996	0.2992	0.2787	0.2623	0.3024	0.2874	0.2869	0.246	0.265	0.25	0.3004	0.344	0.2908	0.3012	0.3234	0.2778	0.3411	0.3217	0.3101	0.298	0.3013	0.2869	0.3013	0.298	0.2686	0.3095	0.3524	0.2784	0.2756	0.3108	0.2824	0.2746	0.298	0.3178	0.2868	0.5946	1.0	0.3029	0.3071	0.192	0.1867	0.199	0.1713
FIXR_BRAJA	0.32	0.3274	0.3114	0.3249	0.2643	0.2881	0.3142	0.3097	0.2832	0.2832	0.2788	0.3229	0.3407	0.3025	0.3275	0.3394	0.2982	0.3036	0.308	0.2991	0.317	0.3362	0.3198	0.2965	0.35	0.308	0.3203	0.3438	0.2907	0.3043	0.3739	0.3231	0.3207	0.3038	0.3122	0.2809	0.2833	0.3435	0.3094	0.3172	0.2978	0.2957	0.3463	0.2846	0.2778	0.2759	0.2377	0.2735	0.25	0.316	0.304	0.3047	0.3029	1.0	0.3068	0.1884	0.1618	0.2053	0.1748
YGHA_ECOLI	0.2941	0.318	0.2683	0.3152	0.2573	0.2705	0.3067	0.2773	0.2689	0.2815	0.2353	0.2894	0.2727	0.3089	0.3182	0.2575	0.3237	0.3208	0.2667	0.275	0.2983	0.3264	0.3021	0.2792	0.2876	0.2851	0.2946	0.2857	0.2975	0.3074	0.3502	0.3306	0.312	0.3	0.268	0.2903	0.2797	0.2833	0.2658	0.2887	0.2542	0.2869	0.3348	0.2967	0.3015	0.2805	0.255	0.2723	0.2731	0.4727	0.4542	0.2967	0.3071	0.3068	1.0	0.1802	0.1909	0.2105	0.21
1rkx_A	0.1527	0.1963	0.1586	0.1733	0.1273	0.1714	0.2304	0.2258	0.2166	0.2074	0.1843	0.1776	0.1689	0.2152	0.1719	0.1887	0.1591	0.1889	0.1751	0.1521	0.1835	0.1584	0.1402	0.1982	0.2009	0.2037	0.1576	0.1963	0.1525	0.1982	0.216	0.1991	0.1928	0.1839	0.1883	0.2072	0.183	0.1991	0.1869	0.1835	0.186	0.1964	0.2029	0.1991	0.1682	0.1681	0.1806	0.1422	0.1794	0.1956	0.1956	0.1712	0.192	0.1884	0.1802	1.0	0.2134	0.1344	0.1992
1kep_A	0.1699	0.2	0.1903	0.1991	0.1409	0.1932	0.1759	0.1759	0.1759	0.1713	0.1713	0.2113	0.1918	0.208	0.2202	0.1869	0.1927	0.1872	0.1689	0.1598	0.1818	0.2025	0.1732	0.1892	0.1864	0.19	0.2	0.2038	0.2188	0.1947	0.2176	0.2081	0.1757	0.1937	0.1892	0.1727	0.1962	0.2039	0.2047	0.1806	0.1682	0.1787	0.1836	0.1855	0.1545	0.1532	0.176	0.1467	0.1455	0.2045	0.2091	0.2267	0.1867	0.1618	0.1909	0.2134	1.0	0.1728	0.2152
1dhr_	0.2065	0.2108	0.2073	0.2073	0.1753	0.2359	0.2356	0.2251	0.2356	0.199	0.2356	0.1925	0.228	0.224	0.2211	0.2228	0.2053	0.2383	0.228	0.2332	0.2258	0.2094	0.2447	0.2124	0.2567	0.1939	0.2044	0.2135	0.2591	0.1869	0.1925	0.2097	0.171	0.1762	0.1503	0.1875	0.1608	0.2396	0.164	0.1937	0.1774	0.203	0.232	0.2105	0.2011	0.1856	0.1809	0.1444	0.2094	0.2216	0.201	0.2135	0.199	0.2053	0.2105	0.1344	0.1728	1.0	0.1606
1i24_A	0.21	0.1604	0.1883	0.2045	0.1382	0.1863	0.1792	0.1792	0.1887	0.1698	0.1557	0.2019	0.1521	0.162	0.1907	0.1643	0.1636	0.1806	0.1713	0.1659	0.184	0.1759	0.1739	0.2	0.2108	0.1852	0.1478	0.2064	0.1872	0.2018	0.2091	0.169	0.1674	0.186	0.1674	0.1814	0.1524	0.1854	0.1789	0.1745	0.1483	0.2037	0.1809	0.2156	0.1982	0.2192	0.2047	0.1806	0.1674	0.2074	0.1935	0.1944	0.1713	0.1748	0.21	0.1992	0.2152	0.1606	1.0
