	A5	A6	A7	A8	A1	A2	A3	A4
A5	1.0	0.3373	0.2088	0.2369	0.1446	0.1124	0.1526	0.1727
A6	0.3373	1.0	0.1807	0.2209	0.1727	0.1165	0.1124	0.1084
A7	0.2088	0.1807	1.0	0.3293	0.1124	0.0723	0.1165	0.1084
A8	0.2369	0.2209	0.3293	1.0	0.1647	0.1084	0.1205	0.1245
A1	0.1446	0.1727	0.1124	0.1647	1.0	0.3735	0.1325	0.1365
A2	0.1124	0.1165	0.0723	0.1084	0.3735	1.0	0.1285	0.1285
A3	0.1526	0.1124	0.1165	0.1205	0.1325	0.1285	1.0	0.3896
A4	0.1727	0.1084	0.1084	0.1245	0.1365	0.1285	0.3896	1.0
