	A2	A3	A4	A5	A6	A7	A8
A2	1.0	0.5994	0.5556	0.5643	0.5585	0.4269	0.4912
A3	0.5994	1.0	0.845	0.6433	0.6579	0.4503	0.5351
A4	0.5556	0.845	1.0	0.5906	0.5994	0.4298	0.4942
A5	0.5643	0.6433	0.5906	1.0	0.8626	0.5731	0.6404
A6	0.5585	0.6579	0.5994	0.8626	1.0	0.5643	0.6404
A7	0.4269	0.4503	0.4298	0.5731	0.5643	1.0	0.8246
A8	0.4912	0.5351	0.4942	0.6404	0.6404	0.8246	1.0
