	A1	A2	A3	A4	A5	A6	A7	A8
A1	1.0	0.7676	0.5941	0.6706	0.4529	0.45	0.4735	0.4176
A2	0.7676	1.0	0.6176	0.5294	0.4676	0.4706	0.4824	0.4206
A3	0.5941	0.6176	1.0	0.7824	0.4441	0.4441	0.4676	0.4059
A4	0.6706	0.5294	0.7824	1.0	0.3853	0.3853	0.4059	0.3588
A5	0.4529	0.4676	0.4441	0.3853	1.0	0.9118	0.8	0.7147
A6	0.45	0.4706	0.4441	0.3853	0.9118	1.0	0.7971	0.7029
A7	0.4735	0.4824	0.4676	0.4059	0.8	0.7971	1.0	0.7912
A8	0.4176	0.4206	0.4059	0.3588	0.7147	0.7029	0.7912	1.0
