	A1	A2	A3	A4	A5	A6	A7	A8
A1	1.0	0.7936	0.7122	0.686	0.5901	0.5203	0.5174	0.532
A2	0.7936	1.0	0.7238	0.6831	0.6076	0.5262	0.5291	0.5465
A3	0.7122	0.7238	1.0	0.9012	0.6453	0.5814	0.6105	0.5988
A4	0.686	0.6831	0.9012	1.0	0.6279	0.5581	0.5756	0.5581
A5	0.5901	0.6076	0.6453	0.6279	1.0	0.6657	0.5988	0.6279
A6	0.5203	0.5262	0.5814	0.5581	0.6657	1.0	0.5669	0.5756
A7	0.5174	0.5291	0.6105	0.5756	0.5988	0.5669	1.0	0.7238
A8	0.532	0.5465	0.5988	0.5581	0.6279	0.5756	0.7238	1.0
