	A5	A6	A7	A8	A1	A2	A3	A4
A5	1.0	0.625	0.5625	0.5844	0.3708	0.3688	0.3323	0.3812
A6	0.625	1.0	0.5281	0.6	0.3781	0.4062	0.3417	0.4031
A7	0.5625	0.5281	1.0	0.6562	0.3771	0.3917	0.3385	0.3938
A8	0.5844	0.6	0.6562	1.0	0.425	0.4427	0.3802	0.4417
A1	0.3708	0.3781	0.3771	0.425	1.0	0.7917	0.4375	0.5948
A2	0.3688	0.4062	0.3917	0.4427	0.7917	1.0	0.4396	0.6052
A3	0.3323	0.3417	0.3385	0.3802	0.4375	0.4396	1.0	0.5927
A4	0.3812	0.4031	0.3938	0.4417	0.5948	0.6052	0.5927	1.0
