	A5	A6	A7	A8	A1	A2	A3	A4
A5	1.0	0.6412	0.5456	0.5851	0.4132	0.4096	0.3649	0.4053
A6	0.6412	1.0	0.5246	0.5982	0.4079	0.4298	0.3596	0.4123
A7	0.5456	0.5246	1.0	0.6746	0.4281	0.4386	0.4035	0.4368
A8	0.5851	0.5982	0.6746	1.0	0.4825	0.4974	0.4561	0.4904
A1	0.4132	0.4079	0.4281	0.4825	1.0	0.8175	0.5061	0.6123
A2	0.4096	0.4298	0.4386	0.4974	0.8175	1.0	0.5193	0.6254
A3	0.3649	0.3596	0.4035	0.4561	0.5061	0.5193	1.0	0.6667
A4	0.4053	0.4123	0.4368	0.4904	0.6123	0.6254	0.6667	1.0
