	A3	A4	A1	A2	A5	A6	A7	A8
A3	1.0	0.7347	0.6647	0.7143	0.5656	0.6064	0.5627	0.5277
A4	0.7347	1.0	0.6939	0.7347	0.551	0.5889	0.5685	0.5598
A1	0.6647	0.6939	1.0	0.7609	0.5423	0.5977	0.5598	0.5335
A2	0.7143	0.7347	0.7609	1.0	0.5743	0.6093	0.6181	0.5743
A5	0.5656	0.551	0.5423	0.5743	1.0	0.8338	0.6414	0.6385
A6	0.6064	0.5889	0.5977	0.6093	0.8338	1.0	0.6735	0.6764
A7	0.5627	0.5685	0.5598	0.6181	0.6414	0.6735	1.0	0.7493
A8	0.5277	0.5598	0.5335	0.5743	0.6385	0.6764	0.7493	1.0
