	A5	A6	A7	A8	A1	A2	A3	A4
A5	1.0	0.6527	0.4679	0.5242	0.4024	0.3775	0.4076	0.3879
A6	0.6527	1.0	0.4862	0.5439	0.4246	0.3761	0.4102	0.3984
A7	0.4679	0.4862	1.0	0.5872	0.4089	0.3775	0.3801	0.3971
A8	0.5242	0.5439	0.5872	1.0	0.4469	0.4128	0.4115	0.422
A1	0.4024	0.4246	0.4089	0.4469	1.0	0.637	0.3696	0.3696
A2	0.3775	0.3761	0.3775	0.4128	0.637	1.0	0.3486	0.3578
A3	0.4076	0.4102	0.3801	0.4115	0.3696	0.3486	1.0	0.692
A4	0.3879	0.3984	0.3971	0.422	0.3696	0.3578	0.692	1.0
