	A5	A6	A7	A8	A1	A2	A3	A4
A5	1.0	0.566	0.4618	0.6285	0.3958	0.4688	0.5104	0.3889
A6	0.566	1.0	0.5347	0.5139	0.4653	0.434	0.441	0.4028
A7	0.4618	0.5347	1.0	0.5278	0.441	0.3854	0.3958	0.3785
A8	0.6285	0.5139	0.5278	1.0	0.3785	0.4444	0.434	0.4028
A1	0.3958	0.4653	0.441	0.3785	1.0	0.3993	0.3819	0.3681
A2	0.4688	0.434	0.3854	0.4444	0.3993	1.0	0.4688	0.3819
A3	0.5104	0.441	0.3958	0.434	0.3819	0.4688	1.0	0.3264
A4	0.3889	0.4028	0.3785	0.4028	0.3681	0.3819	0.3264	1.0
