	A1	A2	A3	A4	A5	A6	A7	A8
A1	1.0	0.6676	0.6684	0.5754	0.5904	0.57	0.5514	0.5807
A2	0.6676	1.0	0.6755	0.5727	0.5931	0.5736	0.5559	0.5709
A3	0.6684	0.6755	1.0	0.6729	0.6046	0.5904	0.5683	0.5984
A4	0.5754	0.5727	0.6729	1.0	0.5284	0.5177	0.5035	0.5168
A5	0.5904	0.5931	0.6046	0.5284	1.0	0.7234	0.6605	0.68
A6	0.57	0.5736	0.5904	0.5177	0.7234	1.0	0.6294	0.6693
A7	0.5514	0.5559	0.5683	0.5035	0.6605	0.6294	1.0	0.6844
A8	0.5807	0.5709	0.5984	0.5168	0.68	0.6693	0.6844	1.0
