	A1	A2	A3	A4	A5	A6	A7	A8
A1	1.0	0.8035	0.739	0.6628	0.566	0.6598	0.5924	0.5865
A2	0.8035	1.0	0.6804	0.5865	0.5044	0.607	0.5718	0.5718
A3	0.739	0.6804	1.0	0.7537	0.6305	0.7331	0.6686	0.6598
A4	0.6628	0.5865	0.7537	1.0	0.5689	0.6598	0.5924	0.5894
A5	0.566	0.5044	0.6305	0.5689	1.0	0.8504	0.7683	0.7478
A6	0.6598	0.607	0.7331	0.6598	0.8504	1.0	0.871	0.8592
A7	0.5924	0.5718	0.6686	0.5924	0.7683	0.871	1.0	0.9296
A8	0.5865	0.5718	0.6598	0.5894	0.7478	0.8592	0.9296	1.0
