	A1	A2	A3	A4	A5	A6	A7	A8
A1	1.0	0.8952	0.707	0.6505	0.5134	0.4973	0.5188	0.4785
A2	0.8952	1.0	0.6559	0.6048	0.4973	0.4758	0.4866	0.4543
A3	0.707	0.6559	1.0	0.7554	0.4946	0.4677	0.4785	0.4489
A4	0.6505	0.6048	0.7554	1.0	0.457	0.4301	0.4409	0.4086
A5	0.5134	0.4973	0.4946	0.457	1.0	0.8656	0.6505	0.6022
A6	0.4973	0.4758	0.4677	0.4301	0.8656	1.0	0.6371	0.586
A7	0.5188	0.4866	0.4785	0.4409	0.6505	0.6371	1.0	0.914
A8	0.4785	0.4543	0.4489	0.4086	0.6022	0.586	0.914	1.0
