	A1	A2	A3	A4	A5	A6	A7	A8
A1	1.0	0.6283	0.5782	0.5162	0.4808	0.4012	0.4543	0.4956
A2	0.6283	1.0	0.705	0.6401	0.4277	0.4277	0.5251	0.587
A3	0.5782	0.705	1.0	0.8968	0.4926	0.4956	0.5546	0.6342
A4	0.5162	0.6401	0.8968	1.0	0.4366	0.4336	0.4779	0.5516
A5	0.4808	0.4277	0.4926	0.4366	1.0	0.6106	0.587	0.6401
A6	0.4012	0.4277	0.4956	0.4336	0.6106	1.0	0.6047	0.649
A7	0.4543	0.5251	0.5546	0.4779	0.587	0.6047	1.0	0.7611
A8	0.4956	0.587	0.6342	0.5516	0.6401	0.649	0.7611	1.0
