	A1	A2	A3	A4	A5	A6	A7	A8
A1	1.0	0.6224	0.5752	0.5133	0.4808	0.3894	0.4572	0.4985
A2	0.6224	1.0	0.705	0.6401	0.4277	0.4307	0.5221	0.5841
A3	0.5752	0.705	1.0	0.8968	0.4897	0.5015	0.5546	0.6283
A4	0.5133	0.6401	0.8968	1.0	0.4336	0.4395	0.4779	0.5457
A5	0.4808	0.4277	0.4897	0.4336	1.0	0.6165	0.587	0.6401
A6	0.3894	0.4307	0.5015	0.4395	0.6165	1.0	0.6047	0.6519
A7	0.4572	0.5221	0.5546	0.4779	0.587	0.6047	1.0	0.764
A8	0.4985	0.5841	0.6283	0.5457	0.6401	0.6519	0.764	1.0
