	A1	A2	A3	A4	A5	A6	A7	A8
A1	1.0	0.7178	0.6849	0.6274	0.5205	0.4438	0.5452	0.6055
A2	0.7178	1.0	0.7068	0.6466	0.4932	0.4274	0.5123	0.5808
A3	0.6849	0.7068	1.0	0.9041	0.5671	0.5096	0.5589	0.6384
A4	0.6274	0.6466	0.9041	1.0	0.5123	0.4521	0.4877	0.5616
A5	0.5205	0.4932	0.5671	0.5123	1.0	0.6932	0.6521	0.7123
A6	0.4438	0.4274	0.5096	0.4521	0.6932	1.0	0.589	0.6438
A7	0.5452	0.5123	0.5589	0.4877	0.6521	0.589	1.0	0.7699
A8	0.6055	0.5808	0.6384	0.5616	0.7123	0.6438	0.7699	1.0
