	A3	A4	A1	A2	A7	A8	A5	A6
A3	1.0	0.8439	0.7803	0.6503	0.6474	0.6243	0.685	0.6994
A4	0.8439	1.0	0.7717	0.6329	0.6416	0.6272	0.685	0.6965
A1	0.7803	0.7717	1.0	0.7746	0.6618	0.6474	0.7081	0.7197
A2	0.6503	0.6329	0.7746	1.0	0.5549	0.5376	0.5838	0.604
A7	0.6474	0.6416	0.6618	0.5549	1.0	0.9595	0.7283	0.7486
A8	0.6243	0.6272	0.6474	0.5376	0.9595	1.0	0.7081	0.7283
A5	0.685	0.685	0.7081	0.5838	0.7283	0.7081	1.0	0.9017
A6	0.6994	0.6965	0.7197	0.604	0.7486	0.7283	0.9017	1.0
