	A3	A4	A1	A2	A7	A8	A5	A6
A3	1.0	0.8439	0.7803	0.7052	0.659	0.6358	0.685	0.6994
A4	0.8439	1.0	0.7717	0.6908	0.6503	0.6358	0.685	0.6965
A1	0.7803	0.7717	1.0	0.8324	0.6734	0.659	0.7081	0.7197
A2	0.7052	0.6908	0.8324	1.0	0.6127	0.5983	0.6387	0.659
A7	0.659	0.6503	0.6734	0.6127	1.0	0.9595	0.7399	0.7601
A8	0.6358	0.6358	0.659	0.5983	0.9595	1.0	0.7197	0.7399
A5	0.685	0.685	0.7081	0.6387	0.7399	0.7197	1.0	0.9017
A6	0.6994	0.6965	0.7197	0.659	0.7601	0.7399	0.9017	1.0
