	A1	A2	A3	A4	A5	A6	A7	A8
A1	1.0	0.7093	0.624	0.5494	0.5484	0.5659	0.5068	0.4748
A2	0.7093	1.0	0.6308	0.5446	0.5504	0.5659	0.5145	0.4981
A3	0.624	0.6308	1.0	0.6279	0.5601	0.5785	0.5329	0.499
A4	0.5494	0.5446	0.6279	1.0	0.4961	0.5116	0.5068	0.4535
A5	0.5484	0.5504	0.5601	0.4961	1.0	0.7122	0.6221	0.6095
A6	0.5659	0.5659	0.5785	0.5116	0.7122	1.0	0.6347	0.624
A7	0.5068	0.5145	0.5329	0.5068	0.6221	0.6347	1.0	0.6172
A8	0.4748	0.4981	0.499	0.4535	0.6095	0.624	0.6172	1.0
