	A1	A2	A3	A4	A5	A6	A7	A8
A1	1.0	0.7174	0.4464	0.4383	0.5006	0.5087	0.4521	0.5087
A2	0.7174	1.0	0.4729	0.4406	0.5052	0.504	0.4567	0.5363
A3	0.4464	0.4729	1.0	0.692	0.4637	0.4614	0.3956	0.4706
A4	0.4383	0.4406	0.692	1.0	0.4429	0.4464	0.3668	0.4452
A5	0.5006	0.5052	0.4637	0.4429	1.0	0.7336	0.5329	0.6482
A6	0.5087	0.504	0.4614	0.4464	0.7336	1.0	0.5571	0.6736
A7	0.4521	0.4567	0.3956	0.3668	0.5329	0.5571	1.0	0.6321
A8	0.5087	0.5363	0.4706	0.4452	0.6482	0.6736	0.6321	1.0
