	A1	A2	A4	A5	A6	A7
A1	1.0	0.8858	0.663	0.5292	0.4986	0.4791
A2	0.8858	1.0	0.6964	0.5404	0.5097	0.4986
A4	0.663	0.6964	1.0	0.415	0.3955	0.3733
A5	0.5292	0.5404	0.415	1.0	0.9471	0.6685
A6	0.4986	0.5097	0.3955	0.9471	1.0	0.6407
A7	0.4791	0.4986	0.3733	0.6685	0.6407	1.0
