	A1	A2	A3	A4	A5	A6	A7	A8
A1	1.0	0.8858	0.6685	0.7214	0.5292	0.4986	0.4791	0.4401
A2	0.8858	1.0	0.6964	0.7549	0.5404	0.5097	0.4986	0.4596
A3	0.6685	0.6964	1.0	0.8329	0.4123	0.3816	0.4095	0.3733
A4	0.7214	0.7549	0.8329	1.0	0.454	0.4345	0.4178	0.3872
A5	0.5292	0.5404	0.4123	0.454	1.0	0.9471	0.6685	0.6184
A6	0.4986	0.5097	0.3816	0.4345	0.9471	1.0	0.6407	0.5933
A7	0.4791	0.4986	0.4095	0.4178	0.6685	0.6407	1.0	0.8162
A8	0.4401	0.4596	0.3733	0.3872	0.6184	0.5933	0.8162	1.0
