	A1	A2	A3	A4	A5	A6	A7	A8
A1	1.0	0.7705	0.5956	0.582	0.5738	0.5383	0.5355	0.5437
A2	0.7705	1.0	0.623	0.612	0.6066	0.5656	0.5792	0.571
A3	0.5956	0.623	1.0	0.7896	0.7213	0.6749	0.6639	0.6585
A4	0.582	0.612	0.7896	1.0	0.6612	0.6202	0.6148	0.612
A5	0.5738	0.6066	0.7213	0.6612	1.0	0.8279	0.8087	0.8005
A6	0.5383	0.5656	0.6749	0.6202	0.8279	1.0	0.7541	0.7459
A7	0.5355	0.5792	0.6639	0.6148	0.8087	0.7541	1.0	0.8825
A8	0.5437	0.571	0.6585	0.612	0.8005	0.7459	0.8825	1.0
