	A1	A2	A3	A4	A5	A6	A7	A8
A1	1.0	0.787	0.574	0.6124	0.5592	0.4911	0.5148	0.5089
A2	0.787	1.0	0.6006	0.642	0.5917	0.5266	0.5592	0.5355
A3	0.574	0.6006	1.0	0.7337	0.716	0.6331	0.6538	0.6361
A4	0.6124	0.642	0.7337	1.0	0.6154	0.5444	0.5592	0.5473
A5	0.5592	0.5917	0.716	0.6154	1.0	0.7929	0.8195	0.7959
A6	0.4911	0.5266	0.6331	0.5444	0.7929	1.0	0.7278	0.7071
A7	0.5148	0.5592	0.6538	0.5592	0.8195	0.7278	1.0	0.8876
A8	0.5089	0.5355	0.6361	0.5473	0.7959	0.7071	0.8876	1.0
