	A5	A6	A7	A8	A3	A4	A1	A2
A5	1.0	0.7768	0.7262	0.75	0.4435	0.4077	0.4107	0.3869
A6	0.7768	1.0	0.7619	0.7768	0.4375	0.3988	0.4256	0.4137
A7	0.7262	0.7619	1.0	0.9405	0.4435	0.3988	0.4345	0.4077
A8	0.75	0.7768	0.9405	1.0	0.4613	0.4167	0.4464	0.4226
A3	0.4435	0.4375	0.4435	0.4613	1.0	0.8661	0.5952	0.5446
A4	0.4077	0.3988	0.3988	0.4167	0.8661	1.0	0.5446	0.494
A1	0.4107	0.4256	0.4345	0.4464	0.5952	0.5446	1.0	0.7917
A2	0.3869	0.4137	0.4077	0.4226	0.5446	0.494	0.7917	1.0
