	A5	A6	A7	A8	A1	A2	A3	A4
A5	1.0	0.3556	0.237	0.3222	0.137	0.137	0.1296	0.1222
A6	0.3556	1.0	0.2259	0.3519	0.1519	0.1519	0.1185	0.1222
A7	0.237	0.2259	1.0	0.3407	0.1333	0.0963	0.1148	0.1
A8	0.3222	0.3519	0.3407	1.0	0.1667	0.1333	0.1259	0.1481
A1	0.137	0.1519	0.1333	0.1667	1.0	0.4667	0.163	0.1593
A2	0.137	0.1519	0.0963	0.1333	0.4667	1.0	0.1407	0.1556
A3	0.1296	0.1185	0.1148	0.1259	0.163	0.1407	1.0	0.363
A4	0.1222	0.1222	0.1	0.1481	0.1593	0.1556	0.363	1.0
