	A8	A2	A7	A1	A4	A3	A6	A5
A8	1.0	0.4432	0.4924	0.4205	0.4167	0.4394	0.4053	0.4129
A2	0.4432	1.0	0.4394	0.447	0.4015	0.3902	0.4394	0.3902
A7	0.4924	0.4394	1.0	0.4205	0.4015	0.428	0.4242	0.4167
A1	0.4205	0.447	0.4205	1.0	0.4091	0.3977	0.4356	0.4053
A4	0.4167	0.4015	0.4015	0.4091	1.0	0.5265	0.4356	0.4508
A3	0.4394	0.3902	0.428	0.3977	0.5265	1.0	0.4583	0.4053
A6	0.4053	0.4394	0.4242	0.4356	0.4356	0.4583	1.0	0.4773
A5	0.4129	0.3902	0.4167	0.4053	0.4508	0.4053	0.4773	1.0
