	A1	A2	A3	A4	A5	A6	A7	A8
A1	1.0	0.8659	0.6327	0.6414	0.621	0.6531	0.7493	0.7114
A2	0.8659	1.0	0.6589	0.551	0.5423	0.5656	0.656	0.6239
A3	0.6327	0.6589	1.0	0.828	0.4344	0.4548	0.5219	0.5044
A4	0.6414	0.551	0.828	1.0	0.4373	0.4636	0.5306	0.5102
A5	0.621	0.5423	0.4344	0.4373	1.0	0.7143	0.7085	0.6531
A6	0.6531	0.5656	0.4548	0.4636	0.7143	1.0	0.7114	0.6706
A7	0.7493	0.656	0.5219	0.5306	0.7085	0.7114	1.0	0.8513
A8	0.7114	0.6239	0.5044	0.5102	0.6531	0.6706	0.8513	1.0
