	A1	A2	A3	A4	A5	A6	A7	A8
A1	1.0	0.9011	0.6923	0.6429	0.6236	0.6621	0.7473	0.7005
A2	0.9011	1.0	0.6401	0.5852	0.5687	0.5989	0.6731	0.6319
A3	0.6923	0.6401	1.0	0.9038	0.478	0.5027	0.5604	0.5385
A4	0.6429	0.5852	0.9038	1.0	0.4396	0.4698	0.5275	0.5027
A5	0.6236	0.5687	0.478	0.4396	1.0	0.717	0.6951	0.6319
A6	0.6621	0.5989	0.5027	0.4698	0.717	1.0	0.706	0.6566
A7	0.7473	0.6731	0.5604	0.5275	0.6951	0.706	1.0	0.8462
A8	0.7005	0.6319	0.5385	0.5027	0.6319	0.6566	0.8462	1.0
