	A5	A6	A7	A8	A1	A2	A3	A4
A5	1.0	0.4449	0.378	0.3819	0.3543	0.4016	0.3937	0.4291
A6	0.4449	1.0	0.378	0.4055	0.4331	0.4803	0.4764	0.4646
A7	0.378	0.378	1.0	0.4331	0.3465	0.3268	0.3307	0.3819
A8	0.3819	0.4055	0.4331	1.0	0.3976	0.3661	0.4449	0.3386
A1	0.3543	0.4331	0.3465	0.3976	1.0	0.563	0.4016	0.3858
A2	0.4016	0.4803	0.3268	0.3661	0.563	1.0	0.4528	0.4016
A3	0.3937	0.4764	0.3307	0.4449	0.4016	0.4528	1.0	0.3898
A4	0.4291	0.4646	0.3819	0.3386	0.3858	0.4016	0.3898	1.0
