	A1	A2	A3	A4	A5	A6	A7	A8
A1	1.0	0.7923	0.6024	0.546	0.4154	0.4332	0.4392	0.454
A2	0.7923	1.0	0.5519	0.4955	0.3917	0.4273	0.4154	0.4303
A3	0.6024	0.5519	1.0	0.8665	0.4421	0.4392	0.4392	0.454
A4	0.546	0.4955	0.8665	1.0	0.3917	0.3858	0.3798	0.3947
A5	0.4154	0.3917	0.4421	0.3917	1.0	0.7656	0.7389	0.7626
A6	0.4332	0.4273	0.4392	0.3858	0.7656	1.0	0.7656	0.7804
A7	0.4392	0.4154	0.4392	0.3798	0.7389	0.7656	1.0	0.9407
A8	0.454	0.4303	0.454	0.3947	0.7626	0.7804	0.9407	1.0
