	A1	A3	A5	A6	A7	A8
A1	1.0	0.6031	0.4375	0.4562	0.4625	0.4781
A3	0.6031	1.0	0.4656	0.4625	0.4625	0.4781
A5	0.4375	0.4656	1.0	0.7531	0.725	0.75
A6	0.4562	0.4625	0.7531	1.0	0.7531	0.7688
A7	0.4625	0.4625	0.725	0.7531	1.0	0.9375
A8	0.4781	0.4781	0.75	0.7688	0.9375	1.0
