	A5	A6	A7	A8	A1	A2	A3	A4
A5	1.0	0.3984	0.4228	0.4472	0.3618	0.3984	0.3862	0.3618
A6	0.3984	1.0	0.3821	0.4106	0.4106	0.3374	0.313	0.3455
A7	0.4228	0.3821	1.0	0.4715	0.3577	0.3537	0.2927	0.3537
A8	0.4472	0.4106	0.4715	1.0	0.374	0.3333	0.2805	0.3211
A1	0.3618	0.4106	0.3577	0.374	1.0	0.3049	0.435	0.3943
A2	0.3984	0.3374	0.3537	0.3333	0.3049	1.0	0.3455	0.4797
A3	0.3862	0.313	0.2927	0.2805	0.435	0.3455	1.0	0.5
A4	0.3618	0.3455	0.3537	0.3211	0.3943	0.4797	0.5	1.0
