	A1	A2	A4	A5	A6	A7	A8
A1	1.0	0.8318	0.6916	0.5016	0.4642	0.5888	0.5265
A2	0.8318	1.0	0.6791	0.4798	0.4548	0.5545	0.4922
A4	0.6916	0.6791	1.0	0.433	0.3956	0.5016	0.4517
A5	0.5016	0.4798	0.433	1.0	0.947	0.7757	0.7009
A6	0.4642	0.4548	0.3956	0.947	1.0	0.7259	0.6542
A7	0.5888	0.5545	0.5016	0.7757	0.7259	1.0	0.8318
A8	0.5265	0.4922	0.4517	0.7009	0.6542	0.8318	1.0
