	A1	A2	A3	A4	A5	A6	A7	A8
A1	1.0	0.8244	0.6339	0.6875	0.5417	0.506	0.5833	0.5149
A2	0.8244	1.0	0.6071	0.6696	0.5208	0.497	0.5536	0.4881
A3	0.6339	0.6071	1.0	0.8155	0.4554	0.4256	0.4732	0.4256
A4	0.6875	0.6696	0.8155	1.0	0.4911	0.4554	0.5119	0.4583
A5	0.5417	0.5208	0.4554	0.4911	1.0	0.9494	0.8333	0.7649
A6	0.506	0.497	0.4256	0.4554	0.9494	1.0	0.7857	0.7202
A7	0.5833	0.5536	0.4732	0.5119	0.8333	0.7857	1.0	0.8393
A8	0.5149	0.4881	0.4256	0.4583	0.7649	0.7202	0.8393	1.0
