	A1	A2	A3	A4	A5	A6	A7	A8
A1	1.0	0.8227	0.6177	0.6731	0.5374	0.5097	0.5845	0.5125
A2	0.8227	1.0	0.6039	0.6676	0.5291	0.5125	0.5679	0.4986
A3	0.6177	0.6039	1.0	0.8116	0.4654	0.4432	0.4903	0.4377
A4	0.6731	0.6676	0.8116	1.0	0.5042	0.4765	0.5319	0.4737
A5	0.5374	0.5291	0.4654	0.5042	1.0	0.9474	0.831	0.759
A6	0.5097	0.5125	0.4432	0.4765	0.9474	1.0	0.7922	0.723
A7	0.5845	0.5679	0.4903	0.5319	0.831	0.7922	1.0	0.8421
A8	0.5125	0.4986	0.4377	0.4737	0.759	0.723	0.8421	1.0
