	A1	A2	A3	A4	A5	A6	A7	A8
A1	1.0	0.8333	0.6548	0.7054	0.5179	0.4821	0.5625	0.506
A2	0.8333	1.0	0.625	0.6845	0.494	0.4702	0.5268	0.4732
A3	0.6548	0.625	1.0	0.8244	0.4315	0.4018	0.4524	0.4077
A4	0.7054	0.6845	0.8244	1.0	0.4673	0.4315	0.494	0.4464
A5	0.5179	0.494	0.4315	0.4673	1.0	0.9494	0.8363	0.7649
A6	0.4821	0.4702	0.4018	0.4315	0.9494	1.0	0.7887	0.7202
A7	0.5625	0.5268	0.4524	0.494	0.8363	0.7887	1.0	0.8393
A8	0.506	0.4732	0.4077	0.4464	0.7649	0.7202	0.8393	1.0
