	A1	A2	A3	A4	A5	A6	A7	A8
A1	1.0	0.7586	0.5868	0.6408	0.5721	0.577	0.4563	0.475
A2	0.7586	1.0	0.5711	0.6261	0.5486	0.5447	0.4455	0.4534
A3	0.5868	0.5711	1.0	0.7144	0.5299	0.5388	0.4279	0.474
A4	0.6408	0.6261	0.7144	1.0	0.5535	0.5623	0.4544	0.4868
A5	0.5721	0.5486	0.5299	0.5535	1.0	0.9087	0.578	0.6192
A6	0.577	0.5447	0.5388	0.5623	0.9087	1.0	0.5829	0.6281
A7	0.4563	0.4455	0.4279	0.4544	0.578	0.5829	1.0	0.6124
A8	0.475	0.4534	0.474	0.4868	0.6192	0.6281	0.6124	1.0
