	A5	A6	A7	A8	A1	A2	A3	A4
A5	1.0	0.7284	0.597	0.606	0.4627	0.394	0.3672	0.403
A6	0.7284	1.0	0.5851	0.591	0.4537	0.4209	0.3612	0.3881
A7	0.597	0.5851	1.0	0.7672	0.5582	0.4776	0.4537	0.4955
A8	0.606	0.591	0.7672	1.0	0.5701	0.4836	0.4687	0.5045
A1	0.4627	0.4537	0.5582	0.5701	1.0	0.803	0.594	0.6537
A2	0.394	0.4209	0.4776	0.4836	0.803	1.0	0.4896	0.5403
A3	0.3672	0.3612	0.4537	0.4687	0.594	0.4896	1.0	0.7134
A4	0.403	0.3881	0.4955	0.5045	0.6537	0.5403	0.7134	1.0
