	A1	A2	A3	A4	A5	A6	A7	A8
A1	1.0	0.7351	0.6935	0.6815	0.5268	0.5952	0.6161	0.5714
A2	0.7351	1.0	0.756	0.7143	0.5744	0.628	0.6696	0.6101
A3	0.6935	0.756	1.0	0.7262	0.5595	0.625	0.6637	0.6012
A4	0.6815	0.7143	0.7262	1.0	0.5595	0.6012	0.6429	0.5952
A5	0.5268	0.5744	0.5595	0.5595	1.0	0.7173	0.7262	0.6726
A6	0.5952	0.628	0.625	0.6012	0.7173	1.0	0.7976	0.7321
A7	0.6161	0.6696	0.6637	0.6429	0.7262	0.7976	1.0	0.8155
A8	0.5714	0.6101	0.6012	0.5952	0.6726	0.7321	0.8155	1.0
