	A7	A5	A6	A1	A2	A3	A4
A7	1.0	0.5104	0.4418	0.4687	0.5552	0.4896	0.4806
A5	0.5104	1.0	0.7045	0.4896	0.5224	0.5433	0.4866
A6	0.4418	0.7045	1.0	0.4567	0.4657	0.4597	0.4299
A1	0.4687	0.4896	0.4567	1.0	0.6925	0.597	0.5821
A2	0.5552	0.5224	0.4657	0.6925	1.0	0.6388	0.6328
A3	0.4896	0.5433	0.4597	0.597	0.6388	1.0	0.7463
A4	0.4806	0.4866	0.4299	0.5821	0.6328	0.7463	1.0
