	A7	A8	A5	A6	A1	A2	A3	A4
A7	1.0	0.7151	0.5193	0.4985	0.4807	0.5549	0.5015	0.4926
A8	0.7151	1.0	0.546	0.5134	0.4955	0.5757	0.549	0.5163
A5	0.5193	0.546	1.0	0.7715	0.4926	0.5757	0.5401	0.4837
A6	0.4985	0.5134	0.7715	1.0	0.4837	0.5697	0.4926	0.457
A1	0.4807	0.4955	0.4926	0.4837	1.0	0.7656	0.5935	0.5786
A2	0.5549	0.5757	0.5757	0.5697	0.7656	1.0	0.6973	0.6973
A3	0.5015	0.549	0.5401	0.4926	0.5935	0.6973	1.0	0.7478
A4	0.4926	0.5163	0.4837	0.457	0.5786	0.6973	0.7478	1.0
