	A5	A6	A7	A8	A1	A2	A3	A4
A5	1.0	0.2951	0.168	0.1598	0.1025	0.1025	0.1189	0.1148
A6	0.2951	1.0	0.1762	0.2336	0.1148	0.1352	0.1721	0.1516
A7	0.168	0.1762	1.0	0.3279	0.1189	0.1066	0.1475	0.1516
A8	0.1598	0.2336	0.3279	1.0	0.1107	0.082	0.1311	0.1393
A1	0.1025	0.1148	0.1189	0.1107	1.0	0.3934	0.1721	0.1311
A2	0.1025	0.1352	0.1066	0.082	0.3934	1.0	0.1516	0.1516
A3	0.1189	0.1721	0.1475	0.1311	0.1721	0.1516	1.0	0.4057
A4	0.1148	0.1516	0.1516	0.1393	0.1311	0.1516	0.4057	1.0
