	A1	A2	A3	A4	A5	A6	A7	A8
A1	1.0	0.6506	0.628	0.5515	0.475	0.4608	0.5071	0.4929
A2	0.6506	1.0	0.6346	0.5175	0.4627	0.4353	0.491	0.4655
A3	0.628	0.6346	1.0	0.6025	0.5382	0.525	0.5732	0.5401
A4	0.5515	0.5175	0.6025	1.0	0.4788	0.458	0.4976	0.4674
A5	0.475	0.4627	0.5382	0.4788	1.0	0.7167	0.6629	0.6374
A6	0.4608	0.4353	0.525	0.458	0.7167	1.0	0.6289	0.61
A7	0.5071	0.491	0.5732	0.4976	0.6629	0.6289	1.0	0.7139
A8	0.4929	0.4655	0.5401	0.4674	0.6374	0.61	0.7139	1.0
