	A5	A6	A7	A8	A1	A2	A3	A4
A5	1.0	0.6229	0.5359	0.5746	0.4102	0.4061	0.4157	0.4075
A6	0.6229	1.0	0.5856	0.5925	0.4309	0.4047	0.4144	0.4157
A7	0.5359	0.5856	1.0	0.6547	0.3936	0.3715	0.4213	0.424
A8	0.5746	0.5925	0.6547	1.0	0.4503	0.4323	0.471	0.4572
A1	0.4102	0.4309	0.3936	0.4503	1.0	0.6809	0.4199	0.4171
A2	0.4061	0.4047	0.3715	0.4323	0.6809	1.0	0.4254	0.4199
A3	0.4157	0.4144	0.4213	0.471	0.4199	0.4254	1.0	0.7376
A4	0.4075	0.4157	0.424	0.4572	0.4171	0.4199	0.7376	1.0
