	A5	A6	A7	A8	A1	A2	A3	A4
A5	1.0	0.6954	0.5506	0.6126	0.3	0.4517	0.4908	0.469
A6	0.6954	1.0	0.5724	0.6437	0.3322	0.477	0.5034	0.4759
A7	0.5506	0.5724	1.0	0.6644	0.2885	0.431	0.4897	0.477
A8	0.6126	0.6437	0.6644	1.0	0.3172	0.469	0.5149	0.492
A1	0.3	0.3322	0.2885	0.3172	1.0	0.5678	0.3161	0.2874
A2	0.4517	0.477	0.431	0.469	0.5678	1.0	0.4598	0.4483
A3	0.4908	0.5034	0.4897	0.5149	0.3161	0.4598	1.0	0.6989
A4	0.469	0.4759	0.477	0.492	0.2874	0.4483	0.6989	1.0
