	A1	A2	A3	A4	A5	A6	A7	A8
A1	1.0	0.7463	0.7541	0.7668	0.562	0.5356	0.6029	0.6078
A2	0.7463	1.0	0.7239	0.7317	0.5493	0.5346	0.5756	0.599
A3	0.7541	0.7239	1.0	0.8059	0.5678	0.5502	0.6059	0.6146
A4	0.7668	0.7317	0.8059	1.0	0.5795	0.5571	0.6137	0.641
A5	0.562	0.5493	0.5678	0.5795	1.0	0.7151	0.6585	0.719
A6	0.5356	0.5346	0.5502	0.5571	0.7151	1.0	0.639	0.6595
A7	0.6029	0.5756	0.6059	0.6137	0.6585	0.639	1.0	0.7454
A8	0.6078	0.599	0.6146	0.641	0.719	0.6595	0.7454	1.0
