	A1	A2	A3	A4	A5	A6	A7	A8
A1	1.0	0.7461	0.7539	0.7666	0.5654	0.5352	0.6035	0.6074
A2	0.7461	1.0	0.7236	0.7314	0.5518	0.5352	0.5762	0.5977
A3	0.7539	0.7236	1.0	0.8057	0.5713	0.5498	0.6064	0.6143
A4	0.7666	0.7314	0.8057	1.0	0.582	0.5566	0.6143	0.6406
A5	0.5654	0.5518	0.5713	0.582	1.0	0.7188	0.6582	0.7188
A6	0.5352	0.5352	0.5498	0.5566	0.7188	1.0	0.6377	0.6602
A7	0.6035	0.5762	0.6064	0.6143	0.6582	0.6377	1.0	0.7451
A8	0.6074	0.5977	0.6143	0.6406	0.7188	0.6602	0.7451	1.0
