	A1	A2	A3	A4	A5	A6	A7	A8
A1	1.0	0.881	0.6577	0.6696	0.622	0.625	0.5149	0.5595
A2	0.881	1.0	0.6399	0.6548	0.6012	0.6042	0.5	0.5565
A3	0.6577	0.6399	1.0	0.9256	0.631	0.628	0.5119	0.5655
A4	0.6696	0.6548	0.9256	1.0	0.6607	0.6667	0.5506	0.5952
A5	0.622	0.6012	0.631	0.6607	1.0	0.878	0.6369	0.6875
A6	0.625	0.6042	0.628	0.6667	0.878	1.0	0.625	0.6935
A7	0.5149	0.5	0.5119	0.5506	0.6369	0.625	1.0	0.7917
A8	0.5595	0.5565	0.5655	0.5952	0.6875	0.6935	0.7917	1.0
