	A1	A2	A3	A4	A5	A6	A7	A8
A1	1.0	0.8794	0.6461	0.6649	0.622	0.6273	0.5389	0.5684
A2	0.8794	1.0	0.6273	0.6488	0.6005	0.6059	0.5228	0.563
A3	0.6461	0.6273	1.0	0.9223	0.6166	0.6166	0.5228	0.5603
A4	0.6649	0.6488	0.9223	1.0	0.6515	0.6595	0.5657	0.5952
A5	0.622	0.6005	0.6166	0.6515	1.0	0.8767	0.6434	0.6783
A6	0.6273	0.6059	0.6166	0.6595	0.8767	1.0	0.6354	0.6863
A7	0.5389	0.5228	0.5228	0.5657	0.6434	0.6354	1.0	0.8016
A8	0.5684	0.563	0.5603	0.5952	0.6783	0.6863	0.8016	1.0
