	A3	A4	A1	A2	A5	A6	A7	A8
A3	1.0	0.8355	0.5927	0.7154	0.5222	0.5117	0.4648	0.436
A4	0.8355	1.0	0.6919	0.8329	0.6031	0.5927	0.5222	0.5013
A1	0.5927	0.6919	1.0	0.8198	0.4883	0.4517	0.4125	0.4047
A2	0.7154	0.8329	0.8198	1.0	0.5927	0.564	0.5065	0.483
A5	0.5222	0.6031	0.4883	0.5927	1.0	0.8303	0.6841	0.6397
A6	0.5117	0.5927	0.4517	0.564	0.8303	1.0	0.6789	0.6292
A7	0.4648	0.5222	0.4125	0.5065	0.6841	0.6789	1.0	0.7572
A8	0.436	0.5013	0.4047	0.483	0.6397	0.6292	0.7572	1.0
