	A3	A4	A1	A2	A5	A6	A7	A8
A3	1.0	0.823	0.6224	0.6932	0.5959	0.6283	0.6283	0.6313
A4	0.823	1.0	0.531	0.5929	0.528	0.5457	0.5516	0.531
A1	0.6224	0.531	1.0	0.7729	0.6047	0.6165	0.6342	0.6549
A2	0.6932	0.5929	0.7729	1.0	0.6814	0.705	0.7168	0.7375
A5	0.5959	0.528	0.6047	0.6814	1.0	0.8466	0.708	0.7316
A6	0.6283	0.5457	0.6165	0.705	0.8466	1.0	0.7286	0.7552
A7	0.6283	0.5516	0.6342	0.7168	0.708	0.7286	1.0	0.8319
A8	0.6313	0.531	0.6549	0.7375	0.7316	0.7552	0.8319	1.0
