	A1	A2	A3	A4	A5	A6	A7	A8
A1	1.0	0.7172	0.5714	0.5948	0.484	0.519	0.4636	0.484
A2	0.7172	1.0	0.5773	0.621	0.4752	0.5219	0.4869	0.5102
A3	0.5714	0.5773	1.0	0.7376	0.551	0.586	0.5073	0.5423
A4	0.5948	0.621	0.7376	1.0	0.5743	0.6093	0.5452	0.5714
A5	0.484	0.4752	0.551	0.5743	1.0	0.8776	0.7085	0.7405
A6	0.519	0.5219	0.586	0.6093	0.8776	1.0	0.758	0.7901
A7	0.4636	0.4869	0.5073	0.5452	0.7085	0.758	1.0	0.9446
A8	0.484	0.5102	0.5423	0.5714	0.7405	0.7901	0.9446	1.0
