	A1	A2	A3	A4	A5	A6	A7	A8
A1	1.0	0.6704	0.7027	0.6473	0.5577	0.5651	0.5863	0.5956
A2	0.6704	1.0	0.7304	0.6574	0.5873	0.5642	0.5937	0.5993
A3	0.7027	0.7304	1.0	0.7091	0.627	0.6113	0.6288	0.65
A4	0.6473	0.6574	0.7091	1.0	0.5568	0.5355	0.5817	0.5817
A5	0.5577	0.5873	0.627	0.5568	1.0	0.7479	0.6085	0.6066
A6	0.5651	0.5642	0.6113	0.5355	0.7479	1.0	0.6039	0.5965
A7	0.5863	0.5937	0.6288	0.5817	0.6085	0.6039	1.0	0.7045
A8	0.5956	0.5993	0.65	0.5817	0.6066	0.5965	0.7045	1.0
