	A5	A6	A7	A8	A1	A2	A3	A4
A5	1.0	0.6129	0.5226	0.6142	0.4116	0.4155	0.4697	0.4594
A6	0.6129	1.0	0.4632	0.591	0.3535	0.3703	0.4142	0.4065
A7	0.5226	0.4632	1.0	0.6232	0.3987	0.3884	0.4374	0.449
A8	0.6142	0.591	0.6232	1.0	0.4245	0.4271	0.4813	0.4839
A1	0.4116	0.3535	0.3987	0.4245	1.0	0.6697	0.4465	0.4297
A2	0.4155	0.3703	0.3884	0.4271	0.6697	1.0	0.4555	0.4594
A3	0.4697	0.4142	0.4374	0.4813	0.4465	0.4555	1.0	0.7019
A4	0.4594	0.4065	0.449	0.4839	0.4297	0.4594	0.7019	1.0
