	A5	A6	A7	A8	A1	A2	A3	A4
A5	1.0	0.4466	0.4275	0.5	0.4046	0.374	0.3473	0.355
A6	0.4466	1.0	0.4198	0.4885	0.3435	0.374	0.3588	0.3588
A7	0.4275	0.4198	1.0	0.4504	0.3702	0.3626	0.3511	0.3969
A8	0.5	0.4885	0.4504	1.0	0.3511	0.3206	0.3511	0.3053
A1	0.4046	0.3435	0.3702	0.3511	1.0	0.4962	0.4389	0.4427
A2	0.374	0.374	0.3626	0.3206	0.4962	1.0	0.4237	0.4198
A3	0.3473	0.3588	0.3511	0.3511	0.4389	0.4237	1.0	0.5573
A4	0.355	0.3588	0.3969	0.3053	0.4427	0.4198	0.5573	1.0
