	A1	A2	A3	A4	A7	A8	A5	A6
A1	1.0	0.6375	0.4582	0.442	0.3342	0.3962	0.376	0.3625
A2	0.6375	1.0	0.4501	0.4326	0.372	0.4326	0.4057	0.4084
A3	0.4582	0.4501	1.0	0.7008	0.4191	0.4825	0.438	0.438
A4	0.442	0.4326	0.7008	1.0	0.3895	0.4474	0.4137	0.4111
A7	0.3342	0.372	0.4191	0.3895	1.0	0.6698	0.5067	0.5364
A8	0.3962	0.4326	0.4825	0.4474	0.6698	1.0	0.5809	0.6132
A5	0.376	0.4057	0.438	0.4137	0.5067	0.5809	1.0	0.6361
A6	0.3625	0.4084	0.438	0.4111	0.5364	0.6132	0.6361	1.0
