	A1	A2	A3	A4	A5	A6	A7	A8
A1	1.0	0.8072	0.6867	0.6657	0.5873	0.5452	0.5241	0.6024
A2	0.8072	1.0	0.6596	0.6325	0.5361	0.503	0.4759	0.5723
A3	0.6867	0.6596	1.0	0.8976	0.5241	0.503	0.4789	0.5602
A4	0.6657	0.6325	0.8976	1.0	0.5211	0.494	0.4669	0.5482
A5	0.5873	0.5361	0.5241	0.5211	1.0	0.8012	0.6386	0.7259
A6	0.5452	0.503	0.503	0.494	0.8012	1.0	0.5904	0.6687
A7	0.5241	0.4759	0.4789	0.4669	0.6386	0.5904	1.0	0.7771
A8	0.6024	0.5723	0.5602	0.5482	0.7259	0.6687	0.7771	1.0
