	A1	A2	A3	A4	A5	A6	A7	A8
A1	1.0	0.756	0.6867	0.6657	0.5873	0.503	0.5241	0.6024
A2	0.756	1.0	0.6205	0.5964	0.497	0.4217	0.4458	0.5331
A3	0.6867	0.6205	1.0	0.8976	0.5241	0.4578	0.4789	0.5602
A4	0.6657	0.5964	0.8976	1.0	0.5211	0.4548	0.4669	0.5482
A5	0.5873	0.497	0.5241	0.5211	1.0	0.75	0.6386	0.7259
A6	0.503	0.4217	0.4578	0.4548	0.75	1.0	0.5392	0.6175
A7	0.5241	0.4458	0.4789	0.4669	0.6386	0.5392	1.0	0.7771
A8	0.6024	0.5331	0.5602	0.5482	0.7259	0.6175	0.7771	1.0
