	A1	A2	A3	A4	A5	A6	A7	A8
A1	1.0	0.8647	0.5882	0.6029	0.5588	0.5529	0.6088	0.5912
A2	0.8647	1.0	0.5206	0.5588	0.5324	0.5294	0.5588	0.5471
A3	0.5882	0.5206	1.0	0.6441	0.4882	0.4824	0.5206	0.5088
A4	0.6029	0.5588	0.6441	1.0	0.4824	0.4765	0.5324	0.5206
A5	0.5588	0.5324	0.4882	0.4824	1.0	0.9824	0.6912	0.6676
A6	0.5529	0.5294	0.4824	0.4765	0.9824	1.0	0.6853	0.6618
A7	0.6088	0.5588	0.5206	0.5324	0.6912	0.6853	1.0	0.8941
A8	0.5912	0.5471	0.5088	0.5206	0.6676	0.6618	0.8941	1.0
