	A1	A2	A3	A4	A5	A6	A7	A8
A1	1.0	0.7865	0.617	0.5702	0.5702	0.5731	0.4094	0.4766
A2	0.7865	1.0	0.614	0.5673	0.576	0.5731	0.4327	0.4971
A3	0.617	0.614	1.0	0.8596	0.6608	0.6784	0.4678	0.5439
A4	0.5702	0.5673	0.8596	1.0	0.614	0.6228	0.4532	0.5088
A5	0.5702	0.576	0.6608	0.614	1.0	0.8655	0.5789	0.655
A6	0.5731	0.5731	0.6784	0.6228	0.8655	1.0	0.5702	0.655
A7	0.4094	0.4327	0.4678	0.4532	0.5789	0.5702	1.0	0.8392
A8	0.4766	0.4971	0.5439	0.5088	0.655	0.655	0.8392	1.0
