	A1	A2	A4	A5	A6	A7	A8
A1	1.0	0.8542	0.5481	0.5277	0.4956	0.5248	0.481
A2	0.8542	1.0	0.6093	0.5539	0.516	0.5539	0.5044
A4	0.5481	0.6093	1.0	0.4781	0.4402	0.4781	0.4402
A5	0.5277	0.5539	0.4781	1.0	0.9329	0.7026	0.6268
A6	0.4956	0.516	0.4402	0.9329	1.0	0.6589	0.5977
A7	0.5248	0.5539	0.4781	0.7026	0.6589	1.0	0.8863
A8	0.481	0.5044	0.4402	0.6268	0.5977	0.8863	1.0
