	A1	A2	A3	A4	A5	A6	A7	A8
A1	1.0	0.891	0.6948	0.6431	0.5559	0.5504	0.6621	0.6403
A2	0.891	1.0	0.7302	0.6649	0.5804	0.5749	0.6948	0.6649
A3	0.6948	0.7302	1.0	0.8147	0.5477	0.5477	0.6703	0.6403
A4	0.6431	0.6649	0.8147	1.0	0.5014	0.4986	0.6131	0.5831
A5	0.5559	0.5804	0.5477	0.5014	1.0	0.9428	0.7357	0.7112
A6	0.5504	0.5749	0.5477	0.4986	0.9428	1.0	0.7302	0.703
A7	0.6621	0.6948	0.6703	0.6131	0.7357	0.7302	1.0	0.8501
A8	0.6403	0.6649	0.6403	0.5831	0.7112	0.703	0.8501	1.0
