	A1	A2	A3	A4	A5	A6	A7	A8
A1	1.0	0.9029	0.7059	0.6647	0.5353	0.5265	0.6294	0.6176
A2	0.9029	1.0	0.7441	0.6882	0.5618	0.5529	0.6647	0.6441
A3	0.7059	0.7441	1.0	0.8235	0.5235	0.5206	0.6324	0.6206
A4	0.6647	0.6882	0.8235	1.0	0.4912	0.4853	0.5853	0.5735
A5	0.5353	0.5618	0.5235	0.4912	1.0	0.9441	0.6529	0.6353
A6	0.5265	0.5529	0.5206	0.4853	0.9441	1.0	0.6441	0.6235
A7	0.6294	0.6647	0.6324	0.5853	0.6529	0.6441	1.0	0.8647
A8	0.6176	0.6441	0.6206	0.5735	0.6353	0.6235	0.8647	1.0
