	A1	A2	A3	A4	A5	A6	A7	A8
A1	1.0	0.891	0.6948	0.6431	0.564	0.5586	0.6567	0.6403
A2	0.891	1.0	0.7302	0.6676	0.5858	0.5804	0.6866	0.6594
A3	0.6948	0.7302	1.0	0.8174	0.5531	0.5531	0.6621	0.6376
A4	0.6431	0.6676	0.8174	1.0	0.5041	0.5014	0.6049	0.5831
A5	0.564	0.5858	0.5531	0.5041	1.0	0.9428	0.7357	0.7139
A6	0.5586	0.5804	0.5531	0.5014	0.9428	1.0	0.7302	0.7057
A7	0.6567	0.6866	0.6621	0.6049	0.7357	0.7302	1.0	0.8501
A8	0.6403	0.6594	0.6376	0.5831	0.7139	0.7057	0.8501	1.0
