	A5	A6	A8	A7	A3	A4	A1	A2
A5	1.0	0.7767	0.6441	0.66	0.5693	0.5803	0.5523	0.5763
A6	0.7767	1.0	0.66	0.6889	0.5693	0.5673	0.5613	0.5833
A8	0.6441	0.66	1.0	0.7288	0.5543	0.5553	0.5563	0.5643
A7	0.66	0.6889	0.7288	1.0	0.5892	0.5783	0.5962	0.5942
A3	0.5693	0.5693	0.5543	0.5892	1.0	0.7767	0.667	0.667
A4	0.5803	0.5673	0.5553	0.5783	0.7767	1.0	0.679	0.677
A1	0.5523	0.5613	0.5563	0.5962	0.667	0.679	1.0	0.7468
A2	0.5763	0.5833	0.5643	0.5942	0.667	0.677	0.7468	1.0
