	A1	A2	A3	A4	A5	A6	A7	A8
A1	1.0	0.7732	0.7036	0.6366	0.5954	0.5747	0.5206	0.5206
A2	0.7732	1.0	0.7062	0.6314	0.6005	0.5722	0.5309	0.5361
A3	0.7036	0.7062	1.0	0.7294	0.5567	0.5515	0.4768	0.4742
A4	0.6366	0.6314	0.7294	1.0	0.5103	0.5026	0.451	0.4433
A5	0.5954	0.6005	0.5567	0.5103	1.0	0.8119	0.6469	0.6675
A6	0.5747	0.5722	0.5515	0.5026	0.8119	1.0	0.6418	0.6469
A7	0.5206	0.5309	0.4768	0.451	0.6469	0.6418	1.0	0.7552
A8	0.5206	0.5361	0.4742	0.4433	0.6675	0.6469	0.7552	1.0
