	A1	A2	A3	A4	A5	A6	A7	A8
A1	1.0	0.7588	0.6824	0.6176	0.5559	0.5412	0.4853	0.4882
A2	0.7588	1.0	0.6382	0.5765	0.5353	0.5118	0.4735	0.4824
A3	0.6824	0.6382	1.0	0.7294	0.5265	0.5294	0.45	0.45
A4	0.6176	0.5765	0.7294	1.0	0.4824	0.4824	0.4294	0.4176
A5	0.5559	0.5353	0.5265	0.4824	1.0	0.8235	0.6412	0.6676
A6	0.5412	0.5118	0.5294	0.4824	0.8235	1.0	0.6441	0.6529
A7	0.4853	0.4735	0.45	0.4294	0.6412	0.6441	1.0	0.7676
A8	0.4882	0.4824	0.45	0.4176	0.6676	0.6529	0.7676	1.0
