	A5	A6	A7	A8	A1	A2	A3	A4
A5	1.0	0.5671	0.4772	0.5505	0.4426	0.4191	0.4592	0.4191
A6	0.5671	1.0	0.4343	0.4855	0.3859	0.3734	0.3817	0.3651
A7	0.4772	0.4343	1.0	0.6183	0.4025	0.3942	0.4385	0.4122
A8	0.5505	0.4855	0.6183	1.0	0.4288	0.426	0.4481	0.4288
A1	0.4426	0.3859	0.4025	0.4288	1.0	0.6819	0.4053	0.397
A2	0.4191	0.3734	0.3942	0.426	0.6819	1.0	0.3997	0.3817
A3	0.4592	0.3817	0.4385	0.4481	0.4053	0.3997	1.0	0.6763
A4	0.4191	0.3651	0.4122	0.4288	0.397	0.3817	0.6763	1.0
