	A5	A6	A7	A8	A1	A2	A3	A4
A5	1.0	0.364	0.208	0.256	0.14	0.132	0.156	0.132
A6	0.364	1.0	0.188	0.252	0.096	0.112	0.144	0.124
A7	0.208	0.188	1.0	0.288	0.092	0.128	0.14	0.132
A8	0.256	0.252	0.288	1.0	0.124	0.132	0.152	0.144
A1	0.14	0.096	0.092	0.124	1.0	0.396	0.164	0.136
A2	0.132	0.112	0.128	0.132	0.396	1.0	0.18	0.148
A3	0.156	0.144	0.14	0.152	0.164	0.18	1.0	0.364
A4	0.132	0.124	0.132	0.144	0.136	0.148	0.364	1.0
