	A1	A2	A3	A4	A5	A6	A7	A8
A1	1.0	0.9496	0.7982	0.7389	0.5964	0.6024	0.5371	0.5905
A2	0.9496	1.0	0.7834	0.727	0.5816	0.5875	0.5252	0.5786
A3	0.7982	0.7834	1.0	0.911	0.5074	0.5104	0.4659	0.5045
A4	0.7389	0.727	0.911	1.0	0.4777	0.4807	0.4421	0.4837
A5	0.5964	0.5816	0.5074	0.4777	1.0	0.7715	0.635	0.7092
A6	0.6024	0.5875	0.5104	0.4807	0.7715	1.0	0.635	0.6944
A7	0.5371	0.5252	0.4659	0.4421	0.635	0.635	1.0	0.7151
A8	0.5905	0.5786	0.5045	0.4837	0.7092	0.6944	0.7151	1.0
