	A5	A6	A7	A8	A3	A4	A1	A2
A5	1.0	0.9201	0.6923	0.6243	0.503	0.4941	0.4556	0.4615
A6	0.9201	1.0	0.7633	0.6893	0.5414	0.5296	0.4941	0.5059
A7	0.6923	0.7633	1.0	0.8462	0.5414	0.5355	0.5	0.5207
A8	0.6243	0.6893	0.8462	1.0	0.4852	0.4852	0.4497	0.4615
A3	0.503	0.5414	0.5414	0.4852	1.0	0.8964	0.6982	0.7041
A4	0.4941	0.5296	0.5355	0.4852	0.8964	1.0	0.6864	0.6893
A1	0.4556	0.4941	0.5	0.4497	0.6982	0.6864	1.0	0.8314
A2	0.4615	0.5059	0.5207	0.4615	0.7041	0.6893	0.8314	1.0
