	A1	A2	A3	A4	A5	A6	A7	A8
A1	1.0	0.9602	0.8381	0.7614	0.6307	0.5398	0.4915	0.4744
A2	0.9602	1.0	0.8381	0.7585	0.6307	0.5483	0.4915	0.4716
A3	0.8381	0.8381	1.0	0.8182	0.6136	0.5284	0.4688	0.4659
A4	0.7614	0.7585	0.8182	1.0	0.554	0.4716	0.4375	0.4148
A5	0.6307	0.6307	0.6136	0.554	1.0	0.8523	0.6619	0.6591
A6	0.5398	0.5483	0.5284	0.4716	0.8523	1.0	0.5795	0.5767
A7	0.4915	0.4915	0.4688	0.4375	0.6619	0.5795	1.0	0.7642
A8	0.4744	0.4716	0.4659	0.4148	0.6591	0.5767	0.7642	1.0
