	A1	A2	A3	A4	A5	A6	A7	A8
A1	1.0	0.9627	0.8267	0.7547	0.6453	0.5467	0.496	0.4773
A2	0.9627	1.0	0.8267	0.752	0.6453	0.5547	0.4933	0.4747
A3	0.8267	0.8267	1.0	0.8053	0.624	0.5333	0.4667	0.464
A4	0.7547	0.752	0.8053	1.0	0.5653	0.4773	0.44	0.4133
A5	0.6453	0.6453	0.624	0.5653	1.0	0.848	0.664	0.6587
A6	0.5467	0.5547	0.5333	0.4773	0.848	1.0	0.5787	0.5733
A7	0.496	0.4933	0.4667	0.44	0.664	0.5787	1.0	0.7653
A8	0.4773	0.4747	0.464	0.4133	0.6587	0.5733	0.7653	1.0
