	A1	A2	A3	A4	A5	A6	A7	A8
A1	1.0	0.9628	0.8271	0.7527	0.6463	0.5505	0.5	0.4787
A2	0.9628	1.0	0.8271	0.75	0.6463	0.5585	0.5	0.4761
A3	0.8271	0.8271	1.0	0.8059	0.625	0.5346	0.4734	0.4654
A4	0.7527	0.75	0.8059	1.0	0.5665	0.4787	0.4415	0.4149
A5	0.6463	0.6463	0.625	0.5665	1.0	0.8511	0.6676	0.6596
A6	0.5505	0.5585	0.5346	0.4787	0.8511	1.0	0.5798	0.5718
A7	0.5	0.5	0.4734	0.4415	0.6676	0.5798	1.0	0.7713
A8	0.4787	0.4761	0.4654	0.4149	0.6596	0.5718	0.7713	1.0
