	A1	A2	A3	A4	A5	A6	A7	A8
A1	1.0	0.9068	0.613	0.6186	0.6441	0.726	0.6667	0.7203
A2	0.9068	1.0	0.6017	0.6017	0.6243	0.6949	0.6328	0.678
A3	0.613	0.6017	1.0	0.7486	0.5565	0.6356	0.5734	0.6186
A4	0.6186	0.6017	0.7486	1.0	0.565	0.6412	0.5734	0.6299
A5	0.6441	0.6243	0.5565	0.565	1.0	0.7627	0.661	0.6977
A6	0.726	0.6949	0.6356	0.6412	0.7627	1.0	0.7175	0.7797
A7	0.6667	0.6328	0.5734	0.5734	0.661	0.7175	1.0	0.8023
A8	0.7203	0.678	0.6186	0.6299	0.6977	0.7797	0.8023	1.0
