	A1	A2	A3	A4	A5	A6	A7	A8
A1	1.0	0.9072	0.6078	0.6228	0.6257	0.7126	0.6617	0.7216
A2	0.9072	1.0	0.6018	0.6108	0.6108	0.6856	0.6317	0.6826
A3	0.6078	0.6018	1.0	0.7515	0.5479	0.6287	0.5778	0.6257
A4	0.6228	0.6108	0.7515	1.0	0.5599	0.6377	0.5808	0.6407
A5	0.6257	0.6108	0.5479	0.5599	1.0	0.7515	0.6617	0.6976
A6	0.7126	0.6856	0.6287	0.6377	0.7515	1.0	0.7186	0.7814
A7	0.6617	0.6317	0.5778	0.5808	0.6617	0.7186	1.0	0.8144
A8	0.7216	0.6826	0.6257	0.6407	0.6976	0.7814	0.8144	1.0
