	A1	A2	A3	A4	A5	A6	A7	A8
A1	1.0	0.9072	0.6078	0.6168	0.6317	0.7156	0.6647	0.7246
A2	0.9072	1.0	0.6018	0.6048	0.6168	0.6886	0.6347	0.6856
A3	0.6078	0.6018	1.0	0.7515	0.5449	0.6257	0.5778	0.6228
A4	0.6168	0.6048	0.7515	1.0	0.5569	0.6347	0.5808	0.6377
A5	0.6317	0.6168	0.5449	0.5569	1.0	0.7515	0.6617	0.6976
A6	0.7156	0.6886	0.6257	0.6347	0.7515	1.0	0.7186	0.7814
A7	0.6647	0.6347	0.5778	0.5808	0.6617	0.7186	1.0	0.8144
A8	0.7246	0.6856	0.6228	0.6377	0.6976	0.7814	0.8144	1.0
