	A1	A2	A3	A4	A7	A8	A5	A6
A1	1.0	0.7274	0.5367	0.4756	0.3386	0.3765	0.478	0.4768
A2	0.7274	1.0	0.5196	0.4768	0.3362	0.3741	0.4633	0.4804
A3	0.5367	0.5196	1.0	0.7347	0.3435	0.4144	0.4866	0.5086
A4	0.4756	0.4768	0.7347	1.0	0.3496	0.3839	0.4633	0.4707
A7	0.3386	0.3362	0.3435	0.3496	1.0	0.6345	0.4499	0.4364
A8	0.3765	0.3741	0.4144	0.3839	0.6345	1.0	0.5232	0.5452
A5	0.478	0.4633	0.4866	0.4633	0.4499	0.5232	1.0	0.6846
A6	0.4768	0.4804	0.5086	0.4707	0.4364	0.5452	0.6846	1.0
