	A1	A2	A3	A4	A5	A6	A7	A8
A1	1.0	0.9032	0.6425	0.5941	0.4462	0.5027	0.5457	0.4812
A2	0.9032	1.0	0.6398	0.5806	0.4435	0.5	0.543	0.4866
A3	0.6425	0.6398	1.0	0.8656	0.4785	0.5323	0.5726	0.5054
A4	0.5941	0.5806	0.8656	1.0	0.4543	0.5	0.5403	0.4758
A5	0.4462	0.4435	0.4785	0.4543	1.0	0.8306	0.6855	0.5887
A6	0.5027	0.5	0.5323	0.5	0.8306	1.0	0.7554	0.6505
A7	0.5457	0.543	0.5726	0.5403	0.6855	0.7554	1.0	0.8602
A8	0.4812	0.4866	0.5054	0.4758	0.5887	0.6505	0.8602	1.0
