	A1	A2	A3	A4	A5	A6	A7	A8
A1	1.0	0.9003	0.6158	0.5836	0.4545	0.4927	0.5279	0.4721
A2	0.9003	1.0	0.607	0.563	0.4516	0.4839	0.5191	0.4721
A3	0.6158	0.607	1.0	0.8827	0.4457	0.4692	0.4956	0.4428
A4	0.5836	0.563	0.8827	1.0	0.4223	0.4428	0.4721	0.4194
A5	0.4545	0.4516	0.4457	0.4223	1.0	0.8358	0.7009	0.6041
A6	0.4927	0.4839	0.4692	0.4428	0.8358	1.0	0.7507	0.6452
A7	0.5279	0.5191	0.4956	0.4721	0.7009	0.7507	1.0	0.8563
A8	0.4721	0.4721	0.4428	0.4194	0.6041	0.6452	0.8563	1.0
