	A1	A2	A3	A4	A5	A6	A7	A8
A1	1.0	0.9062	0.6569	0.61	0.4721	0.5161	0.5484	0.4809
A2	0.9062	1.0	0.6393	0.5806	0.4721	0.5132	0.5425	0.4868
A3	0.6569	0.6393	1.0	0.868	0.4809	0.5161	0.5425	0.4809
A4	0.61	0.5806	0.868	1.0	0.4575	0.4839	0.5103	0.4516
A5	0.4721	0.4721	0.4809	0.4575	1.0	0.8475	0.7038	0.607
A6	0.5161	0.5132	0.5161	0.4839	0.8475	1.0	0.7566	0.651
A7	0.5484	0.5425	0.5425	0.5103	0.7038	0.7566	1.0	0.8563
A8	0.4809	0.4868	0.4809	0.4516	0.607	0.651	0.8563	1.0
