	A1	A2	A3	A4	A7	A8	A5	A6
A1	1.0	0.8169	0.7678	0.7486	0.5628	0.541	0.4645	0.4727
A2	0.8169	1.0	0.847	0.8224	0.6257	0.6011	0.5273	0.5328
A3	0.7678	0.847	1.0	0.9699	0.724	0.6995	0.6093	0.623
A4	0.7486	0.8224	0.9699	1.0	0.7077	0.6831	0.5984	0.6093
A7	0.5628	0.6257	0.724	0.7077	1.0	0.8852	0.7213	0.7596
A8	0.541	0.6011	0.6995	0.6831	0.8852	1.0	0.6913	0.7186
A5	0.4645	0.5273	0.6093	0.5984	0.7213	0.6913	1.0	0.8306
A6	0.4727	0.5328	0.623	0.6093	0.7596	0.7186	0.8306	1.0
