	A7	A8	A5	A6	A3	A4	A1	A2
A7	1.0	0.7668	0.6531	0.6064	0.5539	0.5598	0.5015	0.5364
A8	0.7668	1.0	0.688	0.6414	0.6064	0.5977	0.5277	0.5569
A5	0.6531	0.688	1.0	0.9096	0.6735	0.6706	0.586	0.6268
A6	0.6064	0.6414	0.9096	1.0	0.6181	0.6181	0.5481	0.586
A3	0.5539	0.6064	0.6735	0.6181	1.0	0.863	0.6939	0.7289
A4	0.5598	0.5977	0.6706	0.6181	0.863	1.0	0.691	0.7289
A1	0.5015	0.5277	0.586	0.5481	0.6939	0.691	1.0	0.7522
A2	0.5364	0.5569	0.6268	0.586	0.7289	0.7289	0.7522	1.0
