	A3	A4	A5	A6	A7	A8
A3	1.0	0.6545	0.597	0.5939	0.5424	0.5333
A4	0.6545	1.0	0.5273	0.4394	0.4758	0.4727
A5	0.597	0.5273	1.0	0.8545	0.7182	0.6939
A6	0.5939	0.4394	0.8545	1.0	0.6697	0.6424
A7	0.5424	0.4758	0.7182	0.6697	1.0	0.8091
A8	0.5333	0.4727	0.6939	0.6424	0.8091	1.0
