	A1	A2	A3	A4	A5	A6	A7	A8
A1	1.0	0.6898	0.6867	0.5783	0.488	0.4608	0.4699	0.4548
A2	0.6898	1.0	0.6747	0.5542	0.4759	0.4488	0.4398	0.4247
A3	0.6867	0.6747	1.0	0.7831	0.6476	0.6114	0.5994	0.5843
A4	0.5783	0.5542	0.7831	1.0	0.5452	0.506	0.494	0.491
A5	0.488	0.4759	0.6476	0.5452	1.0	0.9006	0.738	0.7139
A6	0.4608	0.4488	0.6114	0.506	0.9006	1.0	0.7018	0.6717
A7	0.4699	0.4398	0.5994	0.494	0.738	0.7018	1.0	0.8133
A8	0.4548	0.4247	0.5843	0.491	0.7139	0.6717	0.8133	1.0
