	A1	A2	A3	A4	A5	A6	A7	A8
A1	1.0	0.6997	0.6971	0.5684	0.4906	0.4611	0.4692	0.4584
A2	0.6997	1.0	0.6971	0.5603	0.5013	0.4692	0.4692	0.4584
A3	0.6971	0.6971	1.0	0.7721	0.6515	0.6113	0.6086	0.5979
A4	0.5684	0.5603	0.7721	1.0	0.5308	0.4906	0.4853	0.4853
A5	0.4906	0.5013	0.6515	0.5308	1.0	0.8928	0.7346	0.7051
A6	0.4611	0.4692	0.6113	0.4906	0.8928	1.0	0.7239	0.6863
A7	0.4692	0.4692	0.6086	0.4853	0.7346	0.7239	1.0	0.8177
A8	0.4584	0.4584	0.5979	0.4853	0.7051	0.6863	0.8177	1.0
