	A7	A8	A5	A6	A1	A2	A3	A4
A7	1.0	0.8102	0.7025	0.7139	0.6516	0.6572	0.6091	0.6884
A8	0.8102	1.0	0.7167	0.7337	0.6629	0.6657	0.6289	0.7025
A5	0.7025	0.7167	1.0	0.8867	0.6969	0.6997	0.6431	0.7309
A6	0.7139	0.7337	0.8867	1.0	0.7054	0.711	0.6516	0.7394
A1	0.6516	0.6629	0.6969	0.7054	1.0	0.9547	0.6431	0.7252
A2	0.6572	0.6657	0.6997	0.711	0.9547	1.0	0.6544	0.7365
A3	0.6091	0.6289	0.6431	0.6516	0.6431	0.6544	1.0	0.8725
A4	0.6884	0.7025	0.7309	0.7394	0.7252	0.7365	0.8725	1.0
