	A1	A2	A3	A4	A5	A6	A7	A8
A1	1.0	0.8536	0.616	0.6243	0.6022	0.5939	0.6354	0.6243
A2	0.8536	1.0	0.5497	0.5773	0.5552	0.5497	0.5691	0.5635
A3	0.616	0.5497	1.0	0.6657	0.5304	0.5221	0.558	0.5442
A4	0.6243	0.5773	0.6657	1.0	0.547	0.5387	0.5801	0.5746
A5	0.6022	0.5552	0.5304	0.547	1.0	0.9834	0.7099	0.6878
A6	0.5939	0.5497	0.5221	0.5387	0.9834	1.0	0.7017	0.6796
A7	0.6354	0.5691	0.558	0.5801	0.7099	0.7017	1.0	0.8923
A8	0.6243	0.5635	0.5442	0.5746	0.6878	0.6796	0.8923	1.0
