	A1	A2	A3	A4	A5	A6	A7	A8
A1	1.0	0.8702	0.5988	0.6195	0.5693	0.5575	0.6283	0.6136
A2	0.8702	1.0	0.5339	0.5782	0.531	0.5221	0.5693	0.5605
A3	0.5988	0.5339	1.0	0.6667	0.4867	0.4749	0.5428	0.5251
A4	0.6195	0.5782	0.6667	1.0	0.5192	0.5074	0.5723	0.5634
A5	0.5693	0.531	0.4867	0.5192	1.0	0.9853	0.6844	0.6608
A6	0.5575	0.5221	0.4749	0.5074	0.9853	1.0	0.6726	0.649
A7	0.6283	0.5693	0.5428	0.5723	0.6844	0.6726	1.0	0.8997
A8	0.6136	0.5605	0.5251	0.5634	0.6608	0.649	0.8997	1.0
