	A5	A6	A7	A8	A1	A2	A3	A4
A5	1.0	0.3838	0.2465	0.3028	0.1937	0.1901	0.1549	0.162
A6	0.3838	1.0	0.2324	0.3275	0.1549	0.1549	0.1479	0.1549
A7	0.2465	0.2324	1.0	0.3275	0.2289	0.2183	0.1972	0.1937
A8	0.3028	0.3275	0.3275	1.0	0.1972	0.1796	0.2183	0.1514
A1	0.1937	0.1549	0.2289	0.1972	1.0	0.4437	0.2007	0.2394
A2	0.1901	0.1549	0.2183	0.1796	0.4437	1.0	0.2042	0.2042
A3	0.1549	0.1479	0.1972	0.2183	0.2007	0.2042	1.0	0.4437
A4	0.162	0.1549	0.1937	0.1514	0.2394	0.2042	0.4437	1.0
