	A1	A2	A3	A4	A5	A6	A7	A8
A1	1.0	0.7771	0.5771	0.64	0.4229	0.4343	0.52	0.5143
A2	0.7771	1.0	0.6486	0.72	0.4829	0.5	0.5971	0.5914
A3	0.5771	0.6486	1.0	0.88	0.4514	0.48	0.5657	0.56
A4	0.64	0.72	0.88	1.0	0.5171	0.5343	0.6429	0.6371
A5	0.4229	0.4829	0.4514	0.5171	1.0	0.7371	0.76	0.7543
A6	0.4343	0.5	0.48	0.5343	0.7371	1.0	0.7686	0.7657
A7	0.52	0.5971	0.5657	0.6429	0.76	0.7686	1.0	0.98
A8	0.5143	0.5914	0.56	0.6371	0.7543	0.7657	0.98	1.0
