	A5	A6	A7	A8	A3	A4	A1	A2
A5	1.0	0.9018	0.6399	0.6488	0.6042	0.5685	0.622	0.622
A6	0.9018	1.0	0.6994	0.7143	0.6399	0.6071	0.6815	0.6696
A7	0.6399	0.6994	1.0	0.8006	0.5208	0.503	0.5208	0.5327
A8	0.6488	0.7143	0.8006	1.0	0.5268	0.5	0.5387	0.5446
A3	0.6042	0.6399	0.5208	0.5268	1.0	0.8899	0.6726	0.6518
A4	0.5685	0.6071	0.503	0.5	0.8899	1.0	0.631	0.625
A1	0.622	0.6815	0.5208	0.5387	0.6726	0.631	1.0	0.7589
A2	0.622	0.6696	0.5327	0.5446	0.6518	0.625	0.7589	1.0
