	A1	A2	A3	A4	A5	A6	A7	A8
A1	1.0	0.8626	0.5585	0.5673	0.5614	0.5292	0.693	0.7105
A2	0.8626	1.0	0.6023	0.617	0.5439	0.5263	0.7018	0.7222
A3	0.5585	0.6023	1.0	0.7544	0.462	0.4474	0.5556	0.5702
A4	0.5673	0.617	0.7544	1.0	0.4737	0.4561	0.5614	0.5731
A5	0.5614	0.5439	0.462	0.4737	1.0	0.8304	0.693	0.7047
A6	0.5292	0.5263	0.4474	0.4561	0.8304	1.0	0.652	0.6667
A7	0.693	0.7018	0.5556	0.5614	0.693	0.652	1.0	0.9649
A8	0.7105	0.7222	0.5702	0.5731	0.7047	0.6667	0.9649	1.0
