	A1	A2	A3	A4	A5	A6	A7	A8
A1	1.0	0.8626	0.5556	0.5556	0.5322	0.5175	0.693	0.7105
A2	0.8626	1.0	0.5994	0.5994	0.5263	0.5088	0.7018	0.7222
A3	0.5556	0.5994	1.0	0.7281	0.4444	0.4298	0.5556	0.5673
A4	0.5556	0.5994	0.7281	1.0	0.5	0.4854	0.5468	0.5556
A5	0.5322	0.5263	0.4444	0.5	1.0	0.8304	0.6608	0.6754
A6	0.5175	0.5088	0.4298	0.4854	0.8304	1.0	0.6199	0.6374
A7	0.693	0.7018	0.5556	0.5468	0.6608	0.6199	1.0	0.9649
A8	0.7105	0.7222	0.5673	0.5556	0.6754	0.6374	0.9649	1.0
