	A5	A6	A7	A8	A1	A2	A3	A4
A5	1.0	0.4788	0.4749	0.4595	0.3166	0.3398	0.3822	0.3243
A6	0.4788	1.0	0.4595	0.4865	0.3282	0.3166	0.3514	0.4131
A7	0.4749	0.4595	1.0	0.5405	0.2973	0.3359	0.3784	0.3243
A8	0.4595	0.4865	0.5405	1.0	0.3243	0.39	0.3938	0.332
A1	0.3166	0.3282	0.2973	0.3243	1.0	0.3282	0.4903	0.4015
A2	0.3398	0.3166	0.3359	0.39	0.3282	1.0	0.3861	0.3475
A3	0.3822	0.3514	0.3784	0.3938	0.4903	0.3861	1.0	0.5444
A4	0.3243	0.4131	0.3243	0.332	0.4015	0.3475	0.5444	1.0
