	A5	A6	A7	A8	A1	A2	A3	A4
A5	1.0	0.4812	0.4061	0.43	0.3993	0.3754	0.3652	0.3345
A6	0.4812	1.0	0.43	0.4676	0.4164	0.4539	0.4539	0.3857
A7	0.4061	0.43	1.0	0.5461	0.4437	0.4232	0.3993	0.3925
A8	0.43	0.4676	0.5461	1.0	0.5085	0.4608	0.4505	0.4061
A1	0.3993	0.4164	0.4437	0.5085	1.0	0.4061	0.4812	0.4164
A2	0.3754	0.4539	0.4232	0.4608	0.4061	1.0	0.3823	0.3515
A3	0.3652	0.4539	0.3993	0.4505	0.4812	0.3823	1.0	0.4505
A4	0.3345	0.3857	0.3925	0.4061	0.4164	0.3515	0.4505	1.0
