	A1	A2	A3	A4	A7	A8	A6	A5
A1	1.0	0.6208	0.4417	0.4028	0.3708	0.4181	0.3931	0.3722
A2	0.6208	1.0	0.4167	0.4083	0.4153	0.4083	0.4139	0.4083
A3	0.4417	0.4167	1.0	0.7417	0.3639	0.4486	0.4236	0.4347
A4	0.4028	0.4083	0.7417	1.0	0.3667	0.4181	0.3889	0.4194
A7	0.3708	0.4153	0.3639	0.3667	1.0	0.6167	0.4792	0.4861
A8	0.4181	0.4083	0.4486	0.4181	0.6167	1.0	0.5542	0.5611
A6	0.3931	0.4139	0.4236	0.3889	0.4792	0.5542	1.0	0.6333
A5	0.3722	0.4083	0.4347	0.4194	0.4861	0.5611	0.6333	1.0
