	A1	A2	A3	A4	A5	A6	A7	A8
A1	1.0	0.7885	0.6784	0.6404	0.5926	0.6082	0.6043	0.6082
A2	0.7885	1.0	0.6579	0.6374	0.5877	0.5994	0.5936	0.5955
A3	0.6784	0.6579	1.0	0.769	0.6062	0.5867	0.5897	0.5819
A4	0.6404	0.6374	0.769	1.0	0.5741	0.5653	0.5702	0.5692
A5	0.5926	0.5877	0.6062	0.5741	1.0	0.6706	0.6121	0.6082
A6	0.6082	0.5994	0.5867	0.5653	0.6706	1.0	0.614	0.6345
A7	0.6043	0.5936	0.5897	0.5702	0.6121	0.614	1.0	0.7086
A8	0.6082	0.5955	0.5819	0.5692	0.6082	0.6345	0.7086	1.0
