	A1	A2	A3	A4	A5	A6	A7	A8
A1	1.0	0.7885	0.6637	0.6248	0.5926	0.6082	0.6043	0.6082
A2	0.7885	1.0	0.6423	0.6199	0.5877	0.5994	0.5936	0.5955
A3	0.6637	0.6423	1.0	0.7778	0.5828	0.5673	0.5682	0.5595
A4	0.6248	0.6199	0.7778	1.0	0.5507	0.5497	0.5468	0.5478
A5	0.5926	0.5877	0.5828	0.5507	1.0	0.6706	0.6121	0.6082
A6	0.6082	0.5994	0.5673	0.5497	0.6706	1.0	0.614	0.6345
A7	0.6043	0.5936	0.5682	0.5468	0.6121	0.614	1.0	0.7086
A8	0.6082	0.5955	0.5595	0.5478	0.6082	0.6345	0.7086	1.0
