	A5	A6	A7	A8	A1	A2	A3	A4
A5	1.0	0.6265	0.5139	0.5272	0.3762	0.343	0.3801	0.3695
A6	0.6265	1.0	0.5179	0.5272	0.3762	0.3616	0.4159	0.4066
A7	0.5139	0.5179	1.0	0.5934	0.3788	0.3576	0.4093	0.3854
A8	0.5272	0.5272	0.5934	1.0	0.3801	0.3523	0.4225	0.3815
A1	0.3762	0.3762	0.3788	0.3801	1.0	0.6252	0.3934	0.3801
A2	0.343	0.3616	0.3576	0.3523	0.6252	1.0	0.3788	0.3629
A3	0.3801	0.4159	0.4093	0.4225	0.3934	0.3788	1.0	0.6848
A4	0.3695	0.4066	0.3854	0.3815	0.3801	0.3629	0.6848	1.0
