	A1	A2	A3	A4	A5	A6	A7	A8
A1	1.0	0.9021	0.7275	0.7513	0.463	0.3862	0.3915	0.4286
A2	0.9021	1.0	0.754	0.7725	0.4868	0.4074	0.4312	0.4603
A3	0.7275	0.754	1.0	0.8413	0.4656	0.4021	0.4153	0.4471
A4	0.7513	0.7725	0.8413	1.0	0.5	0.4206	0.4524	0.4683
A5	0.463	0.4868	0.4656	0.5	1.0	0.8148	0.6164	0.6296
A6	0.3862	0.4074	0.4021	0.4206	0.8148	1.0	0.4947	0.5212
A7	0.3915	0.4312	0.4153	0.4524	0.6164	0.4947	1.0	0.7063
A8	0.4286	0.4603	0.4471	0.4683	0.6296	0.5212	0.7063	1.0
