	A5	A6	A7	A8	A1	A2	A3	A4
A5	1.0	0.6278	0.5522	0.6311	0.5122	0.5011	0.4722	0.4656
A6	0.6278	1.0	0.4767	0.5589	0.4256	0.4089	0.4056	0.41
A7	0.5522	0.4767	1.0	0.6367	0.48	0.4756	0.4211	0.43
A8	0.6311	0.5589	0.6367	1.0	0.5456	0.5333	0.4867	0.49
A1	0.5122	0.4256	0.48	0.5456	1.0	0.7478	0.4989	0.4844
A2	0.5011	0.4089	0.4756	0.5333	0.7478	1.0	0.4656	0.4567
A3	0.4722	0.4056	0.4211	0.4867	0.4989	0.4656	1.0	0.6956
A4	0.4656	0.41	0.43	0.49	0.4844	0.4567	0.6956	1.0
