	A1	A2	A3	A4	A5	A6	A7	A8
A1	1.0	0.8333	0.7514	0.6995	0.5082	0.6066	0.5	0.5765
A2	0.8333	1.0	0.7295	0.6858	0.5027	0.6011	0.4754	0.5546
A3	0.7514	0.7295	1.0	0.7486	0.5273	0.623	0.5273	0.5984
A4	0.6995	0.6858	0.7486	1.0	0.4891	0.5792	0.4781	0.541
A5	0.5082	0.5027	0.5273	0.4891	1.0	0.7814	0.6421	0.724
A6	0.6066	0.6011	0.623	0.5792	0.7814	1.0	0.7404	0.8361
A7	0.5	0.4754	0.5273	0.4781	0.6421	0.7404	1.0	0.8716
A8	0.5765	0.5546	0.5984	0.541	0.724	0.8361	0.8716	1.0
