	A5	A6	A7	A8	A1	A2	A3	A4
A5	1.0	0.597	0.4179	0.4963	0.3507	0.3806	0.403	0.3769
A6	0.597	1.0	0.3881	0.4403	0.3396	0.3657	0.4179	0.3284
A7	0.4179	0.3881	1.0	0.3694	0.4067	0.4328	0.3918	0.4478
A8	0.4963	0.4403	0.3694	1.0	0.3657	0.3619	0.4067	0.3582
A1	0.3507	0.3396	0.4067	0.3657	1.0	0.541	0.3657	0.4179
A2	0.3806	0.3657	0.4328	0.3619	0.541	1.0	0.3507	0.4179
A3	0.403	0.4179	0.3918	0.4067	0.3657	0.3507	1.0	0.3918
A4	0.3769	0.3284	0.4478	0.3582	0.4179	0.4179	0.3918	1.0
