	A1	A2	A3	A4	A5	A6	A7	A8
A1	1.0	0.8	0.5851	0.5343	0.5194	0.5045	0.5104	0.5552
A2	0.8	1.0	0.6358	0.5821	0.5701	0.5463	0.5493	0.5851
A3	0.5851	0.6358	1.0	0.8448	0.6388	0.6358	0.5821	0.6507
A4	0.5343	0.5821	0.8448	1.0	0.5791	0.5881	0.5343	0.594
A5	0.5194	0.5701	0.6388	0.5791	1.0	0.7761	0.6537	0.7104
A6	0.5045	0.5463	0.6358	0.5881	0.7761	1.0	0.6507	0.6985
A7	0.5104	0.5493	0.5821	0.5343	0.6537	0.6507	1.0	0.7463
A8	0.5552	0.5851	0.6507	0.594	0.7104	0.6985	0.7463	1.0
