	A1	A2	A3	A4	A5	A6	A7	A8
A1	1.0	0.809	0.5642	0.5104	0.5254	0.4806	0.4836	0.4866
A2	0.809	1.0	0.609	0.5612	0.5761	0.5254	0.5254	0.5164
A3	0.5642	0.609	1.0	0.8448	0.5821	0.6358	0.5821	0.603
A4	0.5104	0.5612	0.8448	1.0	0.5224	0.5881	0.5343	0.5493
A5	0.5254	0.5761	0.5821	0.5224	1.0	0.7015	0.5821	0.5761
A6	0.4806	0.5254	0.6358	0.5881	0.7015	1.0	0.6507	0.6328
A7	0.4836	0.5254	0.5821	0.5343	0.5821	0.6507	1.0	0.6806
A8	0.4866	0.5164	0.603	0.5493	0.5761	0.6328	0.6806	1.0
