	A1	A2	A3	A4	A5	A7	A8
A1	1.0	0.6006	0.5495	0.4835	0.4625	0.4324	0.4865
A2	0.6006	1.0	0.6877	0.6186	0.4114	0.4895	0.5646
A3	0.5495	0.6877	1.0	0.8889	0.4595	0.5135	0.6006
A4	0.4835	0.6186	0.8889	1.0	0.4054	0.4354	0.5135
A5	0.4625	0.4114	0.4595	0.4054	1.0	0.5676	0.6186
A7	0.4324	0.4895	0.5135	0.4354	0.5676	1.0	0.7538
A8	0.4865	0.5646	0.6006	0.5135	0.6186	0.7538	1.0
