	A5	A6	A7	A8	A1	A2	A3	A4
A5	1.0	0.6517	0.4893	0.5353	0.4231	0.4103	0.391	0.3301
A6	0.6517	1.0	0.515	0.5684	0.4252	0.4071	0.4028	0.3333
A7	0.4893	0.515	1.0	0.7244	0.5363	0.5214	0.5	0.4284
A8	0.5353	0.5684	0.7244	1.0	0.5588	0.547	0.5395	0.4754
A1	0.4231	0.4252	0.5363	0.5588	1.0	0.7073	0.5085	0.4391
A2	0.4103	0.4071	0.5214	0.547	0.7073	1.0	0.531	0.4637
A3	0.391	0.4028	0.5	0.5395	0.5085	0.531	1.0	0.6806
A4	0.3301	0.3333	0.4284	0.4754	0.4391	0.4637	0.6806	1.0
