	A1	A2	A3	A4	A5	A6	A7	A8
A1	1.0	0.9216	0.7919	0.7405	0.5703	0.5568	0.6135	0.5378
A2	0.9216	1.0	0.7784	0.7243	0.5595	0.5622	0.6108	0.5297
A3	0.7919	0.7784	1.0	0.8378	0.5919	0.5838	0.6405	0.5568
A4	0.7405	0.7243	0.8378	1.0	0.5324	0.5378	0.5811	0.5054
A5	0.5703	0.5595	0.5919	0.5324	1.0	0.8108	0.7865	0.6892
A6	0.5568	0.5622	0.5838	0.5378	0.8108	1.0	0.7622	0.6703
A7	0.6135	0.6108	0.6405	0.5811	0.7865	0.7622	1.0	0.7649
A8	0.5378	0.5297	0.5568	0.5054	0.6892	0.6703	0.7649	1.0
