	A1	A2	A3	A4	A5	A6	A7	A8
A1	1.0	0.7286	0.6714	0.7029	0.4143	0.4343	0.3886	0.3657
A2	0.7286	1.0	0.7486	0.7743	0.44	0.48	0.4286	0.4
A3	0.6714	0.7486	1.0	0.8571	0.4829	0.5257	0.5429	0.44
A4	0.7029	0.7743	0.8571	1.0	0.48	0.52	0.4571	0.4314
A5	0.4143	0.44	0.4829	0.48	1.0	0.86	0.6114	0.5829
A6	0.4343	0.48	0.5257	0.52	0.86	1.0	0.6714	0.6514
A7	0.3886	0.4286	0.5429	0.4571	0.6114	0.6714	1.0	0.6143
A8	0.3657	0.4	0.44	0.4314	0.5829	0.6514	0.6143	1.0
