	A1	A2	A3	A4	A5	A6	A7	A8
A1	1.0	0.7286	0.7	0.7029	0.4143	0.4343	0.4	0.4057
A2	0.7286	1.0	0.78	0.7743	0.44	0.48	0.4514	0.4457
A3	0.7	0.78	1.0	0.8914	0.4914	0.54	0.5171	0.5029
A4	0.7029	0.7743	0.8914	1.0	0.48	0.52	0.4714	0.4771
A5	0.4143	0.44	0.4914	0.48	1.0	0.86	0.6514	0.6486
A6	0.4343	0.48	0.54	0.52	0.86	1.0	0.7143	0.7257
A7	0.4	0.4514	0.5171	0.4714	0.6514	0.7143	1.0	0.7286
A8	0.4057	0.4457	0.5029	0.4771	0.6486	0.7257	0.7286	1.0
