	A1	A2	A3	A4	A5	A6	A7	A8
A1	1.0	0.9389	0.6778	0.6361	0.5194	0.5972	0.5194	0.6056
A2	0.9389	1.0	0.6694	0.6333	0.5111	0.5806	0.5111	0.5889
A3	0.6778	0.6694	1.0	0.8222	0.5194	0.6139	0.5528	0.6444
A4	0.6361	0.6333	0.8222	1.0	0.475	0.5861	0.5306	0.6167
A5	0.5194	0.5111	0.5194	0.475	1.0	0.7528	0.625	0.7111
A6	0.5972	0.5806	0.6139	0.5861	0.7528	1.0	0.725	0.8333
A7	0.5194	0.5111	0.5528	0.5306	0.625	0.725	1.0	0.8278
A8	0.6056	0.5889	0.6444	0.6167	0.7111	0.8333	0.8278	1.0
