	A5	A6	A7	A8	A1	A2	A3	A4
A5	1.0	0.6185	0.4496	0.5245	0.3651	0.3856	0.3392	0.3093
A6	0.6185	1.0	0.4646	0.5395	0.3774	0.4087	0.3678	0.3447
A7	0.4496	0.4646	1.0	0.6131	0.3474	0.3774	0.3638	0.3747
A8	0.5245	0.5395	0.6131	1.0	0.4101	0.4441	0.4114	0.3883
A1	0.3651	0.3774	0.3474	0.4101	1.0	0.6798	0.4033	0.3651
A2	0.3856	0.4087	0.3774	0.4441	0.6798	1.0	0.4401	0.3706
A3	0.3392	0.3678	0.3638	0.4114	0.4033	0.4401	1.0	0.6035
A4	0.3093	0.3447	0.3747	0.3883	0.3651	0.3706	0.6035	1.0
