	A1	A2	A3	A4	A5	A6	A7	A8
A1	1.0	0.8163	0.6867	0.7259	0.5392	0.6145	0.509	0.491
A2	0.8163	1.0	0.6566	0.7199	0.5422	0.6054	0.5271	0.5211
A3	0.6867	0.6566	1.0	0.7771	0.4759	0.5452	0.4819	0.4608
A4	0.7259	0.7199	0.7771	1.0	0.5181	0.5843	0.488	0.4699
A5	0.5392	0.5422	0.4759	0.5181	1.0	0.8705	0.5843	0.5331
A6	0.6145	0.6054	0.5452	0.5843	0.8705	1.0	0.6747	0.6295
A7	0.509	0.5271	0.4819	0.488	0.5843	0.6747	1.0	0.6807
A8	0.491	0.5211	0.4608	0.4699	0.5331	0.6295	0.6807	1.0
