	A1	A2	A4	A5	A6	A7	A8
A1	1.0	0.809	0.6567	0.4657	0.4597	0.5672	0.5791
A2	0.809	1.0	0.5433	0.397	0.4209	0.4836	0.4896
A4	0.6567	0.5433	1.0	0.4	0.3881	0.4955	0.5045
A5	0.4657	0.397	0.4	1.0	0.7313	0.606	0.6179
A6	0.4597	0.4209	0.3881	0.7313	1.0	0.591	0.6
A7	0.5672	0.4836	0.4955	0.606	0.591	1.0	0.7672
A8	0.5791	0.4896	0.5045	0.6179	0.6	0.7672	1.0
