	A1	A2	A3	A4	A5	A6	A7	A8
A1	1.0	0.8038	0.7139	0.7793	0.6866	0.7929	0.7302	0.8065
A2	0.8038	1.0	0.6512	0.703	0.5995	0.703	0.654	0.7248
A3	0.7139	0.6512	1.0	0.7003	0.5668	0.6512	0.6049	0.6703
A4	0.7793	0.703	0.7003	1.0	0.6213	0.7302	0.6785	0.7493
A5	0.6866	0.5995	0.5668	0.6213	1.0	0.7875	0.6948	0.7684
A6	0.7929	0.703	0.6512	0.7302	0.7875	1.0	0.7956	0.8856
A7	0.7302	0.654	0.6049	0.6785	0.6948	0.7956	1.0	0.8583
A8	0.8065	0.7248	0.6703	0.7493	0.7684	0.8856	0.8583	1.0
