	A1	A2	A3	A4	A5	A6	A7	A8
A1	1.0	0.727	0.6695	0.6264	0.6034	0.6523	0.5201	0.5029
A2	0.727	1.0	0.6207	0.5891	0.5718	0.6092	0.4828	0.4799
A3	0.6695	0.6207	1.0	0.8908	0.5891	0.6149	0.5201	0.5029
A4	0.6264	0.5891	0.8908	1.0	0.5546	0.5833	0.4943	0.4713
A5	0.6034	0.5718	0.5891	0.5546	1.0	0.9023	0.6293	0.6063
A6	0.6523	0.6092	0.6149	0.5833	0.9023	1.0	0.6897	0.6724
A7	0.5201	0.4828	0.5201	0.4943	0.6293	0.6897	1.0	0.727
A8	0.5029	0.4799	0.5029	0.4713	0.6063	0.6724	0.727	1.0
