	A1	A2	A3	A4	A5	A6	A7	A8
A1	1.0	0.727	0.6695	0.6264	0.6034	0.6523	0.4943	0.477
A2	0.727	1.0	0.6207	0.5891	0.5718	0.6092	0.4713	0.4626
A3	0.6695	0.6207	1.0	0.8908	0.5891	0.6149	0.4885	0.4713
A4	0.6264	0.5891	0.8908	1.0	0.5546	0.5833	0.4713	0.4483
A5	0.6034	0.5718	0.5891	0.5546	1.0	0.9023	0.6034	0.5776
A6	0.6523	0.6092	0.6149	0.5833	0.9023	1.0	0.658	0.6379
A7	0.4943	0.4713	0.4885	0.4713	0.6034	0.658	1.0	0.7356
A8	0.477	0.4626	0.4713	0.4483	0.5776	0.6379	0.7356	1.0
