	A3	A1	A2	A4	A8	A7	A5	A6
A3	1.0	0.4606	0.4685	0.5118	0.4134	0.4173	0.4213	0.4173
A1	0.4606	1.0	0.5709	0.437	0.4488	0.4173	0.5039	0.4803
A2	0.4685	0.5709	1.0	0.4213	0.4803	0.4291	0.4803	0.4646
A4	0.5118	0.437	0.4213	1.0	0.4606	0.5197	0.4528	0.4449
A8	0.4134	0.4488	0.4803	0.4606	1.0	0.5197	0.5197	0.5079
A7	0.4173	0.4173	0.4291	0.5197	0.5197	1.0	0.4764	0.5197
A5	0.4213	0.5039	0.4803	0.4528	0.5197	0.4764	1.0	0.5394
A6	0.4173	0.4803	0.4646	0.4449	0.5079	0.5197	0.5394	1.0
