	A5	A6	A7	A8	A1	A2	A3	A4
A5	1.0	0.6311	0.4768	0.5396	0.3265	0.3716	0.4262	0.4098
A6	0.6311	1.0	0.5342	0.5792	0.3484	0.4112	0.4727	0.4508
A7	0.4768	0.5342	1.0	0.6544	0.3306	0.3689	0.4303	0.4262
A8	0.5396	0.5792	0.6544	1.0	0.3634	0.4208	0.4672	0.4672
A1	0.3265	0.3484	0.3306	0.3634	1.0	0.6393	0.3634	0.3402
A2	0.3716	0.4112	0.3689	0.4208	0.6393	1.0	0.4344	0.4098
A3	0.4262	0.4727	0.4303	0.4672	0.3634	0.4344	1.0	0.724
A4	0.4098	0.4508	0.4262	0.4672	0.3402	0.4098	0.724	1.0
