	A3	A4	A1	A2	A5	A6	A7	A8
A3	1.0	0.6548	0.4434	0.3943	0.4434	0.4529	0.4243	0.4925
A4	0.6548	1.0	0.4175	0.502	0.4038	0.3997	0.4025	0.457
A1	0.4434	0.4175	1.0	0.603	0.4106	0.4202	0.4393	0.4939
A2	0.3943	0.502	0.603	1.0	0.3602	0.3465	0.3479	0.4093
A5	0.4434	0.4038	0.4106	0.3602	1.0	0.6057	0.4475	0.5566
A6	0.4529	0.3997	0.4202	0.3465	0.6057	1.0	0.4679	0.5662
A7	0.4243	0.4025	0.4393	0.3479	0.4475	0.4679	1.0	0.5921
A8	0.4925	0.457	0.4939	0.4093	0.5566	0.5662	0.5921	1.0
