	A3	A4	A1	A2	A5	A6	A7	A8
A3	1.0	0.7203	0.4434	0.3997	0.4434	0.4529	0.457	0.4925
A4	0.7203	1.0	0.4652	0.4243	0.4475	0.4447	0.4775	0.4939
A1	0.4434	0.4652	1.0	0.6166	0.4106	0.4202	0.4734	0.4939
A2	0.3997	0.4243	0.6166	1.0	0.3697	0.3561	0.4025	0.4216
A5	0.4434	0.4475	0.4106	0.3697	1.0	0.6057	0.4802	0.5566
A6	0.4529	0.4447	0.4202	0.3561	0.6057	1.0	0.5007	0.5662
A7	0.457	0.4775	0.4734	0.4025	0.4802	0.5007	1.0	0.6276
A8	0.4925	0.4939	0.4939	0.4216	0.5566	0.5662	0.6276	1.0
