	A1	A2	A3	A4	A7	A8	A5	A6
A1	1.0	0.907	0.7122	0.6541	0.5407	0.4971	0.5436	0.532
A2	0.907	1.0	0.6599	0.6076	0.5058	0.468	0.5233	0.5029
A3	0.7122	0.6599	1.0	0.7471	0.4971	0.4622	0.5378	0.5116
A4	0.6541	0.6076	0.7471	1.0	0.4564	0.4128	0.4826	0.4593
A7	0.5407	0.5058	0.4971	0.4564	1.0	0.9186	0.6715	0.6599
A8	0.4971	0.468	0.4622	0.4128	0.9186	1.0	0.625	0.6105
A5	0.5436	0.5233	0.5378	0.4826	0.6715	0.625	1.0	0.8779
A6	0.532	0.5029	0.5116	0.4593	0.6599	0.6105	0.8779	1.0
