	A1	A2	A3	A4	A5	A6	A7	A8
A1	1.0	0.8346	0.7087	0.6115	0.4882	0.4409	0.4724	0.4488
A2	0.8346	1.0	0.7717	0.6614	0.5276	0.4961	0.5197	0.4882
A3	0.7087	0.7717	1.0	0.8163	0.5801	0.5328	0.5853	0.5486
A4	0.6115	0.6614	0.8163	1.0	0.5092	0.4829	0.5013	0.4567
A5	0.4882	0.5276	0.5801	0.5092	1.0	0.7323	0.5932	0.5853
A6	0.4409	0.4961	0.5328	0.4829	0.7323	1.0	0.5617	0.5459
A7	0.4724	0.5197	0.5853	0.5013	0.5932	0.5617	1.0	0.7979
A8	0.4488	0.4882	0.5486	0.4567	0.5853	0.5459	0.7979	1.0
