	A3	A4	A5	A6	A7	A8	A1	A2
A3	1.0	0.7427	0.462	0.4503	0.5556	0.5702	0.5585	0.6082
A4	0.7427	1.0	0.4766	0.462	0.5702	0.5819	0.5819	0.6316
A5	0.462	0.4766	1.0	0.8275	0.693	0.7047	0.5614	0.5497
A6	0.4503	0.462	0.8275	1.0	0.652	0.6667	0.5322	0.5322
A7	0.5556	0.5702	0.693	0.652	1.0	0.9649	0.693	0.7076
A8	0.5702	0.5819	0.7047	0.6667	0.9649	1.0	0.7105	0.7281
A1	0.5585	0.5819	0.5614	0.5322	0.693	0.7105	1.0	0.8596
A2	0.6082	0.6316	0.5497	0.5322	0.7076	0.7281	0.8596	1.0
