	A5	A6	A7	A8	A1	A2	A3	A4
A5	1.0	0.8054	0.7485	0.8174	0.7216	0.7216	0.7605	0.7425
A6	0.8054	1.0	0.6856	0.7545	0.6826	0.6826	0.7186	0.6976
A7	0.7485	0.6856	1.0	0.8802	0.7006	0.7066	0.7455	0.7365
A8	0.8174	0.7545	0.8802	1.0	0.7635	0.7725	0.8204	0.7994
A1	0.7216	0.6826	0.7006	0.7635	1.0	0.9371	0.7695	0.7515
A2	0.7216	0.6826	0.7066	0.7725	0.9371	1.0	0.7814	0.7485
A3	0.7605	0.7186	0.7455	0.8204	0.7695	0.7814	1.0	0.8383
A4	0.7425	0.6976	0.7365	0.7994	0.7515	0.7485	0.8383	1.0
