	A1	A2	A3	A4	A5	A6	A7
A1	1.0	0.8576	0.7329	0.822	0.638	0.5935	0.638
A2	0.8576	1.0	0.6736	0.7418	0.5697	0.5341	0.5668
A3	0.7329	0.6736	1.0	0.7478	0.5757	0.543	0.5163
A4	0.822	0.7418	0.7478	1.0	0.6142	0.5668	0.5905
A5	0.638	0.5697	0.5757	0.6142	1.0	0.8902	0.6499
A6	0.5935	0.5341	0.543	0.5668	0.8902	1.0	0.6083
A7	0.638	0.5668	0.5163	0.5905	0.6499	0.6083	1.0
