	A1	A2	A3	A4	A5	A6	A7
A1	1.0	0.8576	0.7211	0.8279	0.6409	0.5964	0.638
A2	0.8576	1.0	0.6617	0.7478	0.5727	0.5371	0.5668
A3	0.7211	0.6617	1.0	0.7418	0.5757	0.543	0.5015
A4	0.8279	0.7478	0.7418	1.0	0.6231	0.5757	0.5964
A5	0.6409	0.5727	0.5757	0.6231	1.0	0.8902	0.6499
A6	0.5964	0.5371	0.543	0.5757	0.8902	1.0	0.6083
A7	0.638	0.5668	0.5015	0.5964	0.6499	0.6083	1.0
