	A1	A2	A3	A4	A5	A6	A7	A8
A1	1.0	0.858	0.7367	0.8284	0.6391	0.5947	0.6361	0.5799
A2	0.858	1.0	0.6775	0.7485	0.571	0.5355	0.5651	0.5237
A3	0.7367	0.6775	1.0	0.7574	0.5888	0.5562	0.5118	0.4852
A4	0.8284	0.7485	0.7574	1.0	0.6213	0.574	0.5947	0.5325
A5	0.6391	0.571	0.5888	0.6213	1.0	0.8905	0.6509	0.5976
A6	0.5947	0.5355	0.5562	0.574	0.8905	1.0	0.6095	0.5621
A7	0.6361	0.5651	0.5118	0.5947	0.6509	0.6095	1.0	0.8402
A8	0.5799	0.5237	0.4852	0.5325	0.5976	0.5621	0.8402	1.0
