	A1	A2	A3	A4	A5	A6	A7	A8
A1	1.0	0.7679	0.6222	0.6405	0.5506	0.5515	0.4948	0.4764
A2	0.7679	1.0	0.6466	0.6588	0.5462	0.5532	0.5166	0.4808
A3	0.6222	0.6466	1.0	0.733	0.4825	0.4607	0.4398	0.4276
A4	0.6405	0.6588	0.733	1.0	0.4782	0.4834	0.4328	0.4162
A5	0.5506	0.5462	0.4825	0.4782	1.0	0.8455	0.5977	0.5689
A6	0.5515	0.5532	0.4607	0.4834	0.8455	1.0	0.5916	0.5445
A7	0.4948	0.5166	0.4398	0.4328	0.5977	0.5916	1.0	0.6876
A8	0.4764	0.4808	0.4276	0.4162	0.5689	0.5445	0.6876	1.0
