	A5	A6	A1	A2	A4	A3
A5	1.0	0.7971	0.6441	0.6441	0.5676	0.6265
A6	0.7971	1.0	0.5176	0.5235	0.4853	0.5088
A1	0.6441	0.5176	1.0	0.9588	0.7559	0.8324
A2	0.6441	0.5235	0.9588	1.0	0.7529	0.8324
A4	0.5676	0.4853	0.7559	0.7529	1.0	0.8118
A3	0.6265	0.5088	0.8324	0.8324	0.8118	1.0
