	A5	A6	A7	A8	A4	A3	A1	A2
A5	1.0	0.7006	0.561	0.6308	0.5233	0.5465	0.532	0.5291
A6	0.7006	1.0	0.7471	0.8343	0.5785	0.6017	0.593	0.5814
A7	0.561	0.7471	1.0	0.8779	0.4797	0.5145	0.4942	0.4622
A8	0.6308	0.8343	0.8779	1.0	0.5378	0.5756	0.561	0.532
A4	0.5233	0.5785	0.4797	0.5378	1.0	0.7733	0.7209	0.7064
A3	0.5465	0.6017	0.5145	0.5756	0.7733	1.0	0.7616	0.7355
A1	0.532	0.593	0.4942	0.561	0.7209	0.7616	1.0	0.8459
A2	0.5291	0.5814	0.4622	0.532	0.7064	0.7355	0.8459	1.0
