	A3	A4	A1	A2	A5	A6	A7	A8
A3	1.0	0.7568	0.5886	0.6396	0.6577	0.6066	0.6156	0.5586
A4	0.7568	1.0	0.5345	0.5736	0.5856	0.5285	0.5465	0.5195
A1	0.5886	0.5345	1.0	0.8679	0.6216	0.5886	0.5766	0.5225
A2	0.6396	0.5736	0.8679	1.0	0.6637	0.6306	0.6156	0.5616
A5	0.6577	0.5856	0.6216	0.6637	1.0	0.8739	0.7958	0.7057
A6	0.6066	0.5285	0.5886	0.6306	0.8739	1.0	0.7357	0.6486
A7	0.6156	0.5465	0.5766	0.6156	0.7958	0.7357	1.0	0.8228
A8	0.5586	0.5195	0.5225	0.5616	0.7057	0.6486	0.8228	1.0
