	A1	A4	A2	A5	A3	A7	A6	A8
A1	1.0	0.4008	0.4818	0.4818	0.3725	0.3887	0.3927	0.4332
A4	0.4008	1.0	0.3806	0.4049	0.5587	0.4737	0.5061	0.4049
A2	0.4818	0.3806	1.0	0.4858	0.3725	0.3806	0.3522	0.4089
A5	0.4818	0.4049	0.4858	1.0	0.336	0.417	0.4575	0.498
A3	0.3725	0.5587	0.3725	0.336	1.0	0.4575	0.4899	0.3279
A7	0.3887	0.4737	0.3806	0.417	0.4575	1.0	0.4372	0.4534
A6	0.3927	0.5061	0.3522	0.4575	0.4899	0.4372	1.0	0.4696
A8	0.4332	0.4049	0.4089	0.498	0.3279	0.4534	0.4696	1.0
