	A1	A2	A3	A4	A5	A6	A7	A8
A1	1.0	0.8172	0.5817	0.5956	0.5097	0.5097	0.6205	0.5429
A2	0.8172	1.0	0.5817	0.5956	0.4986	0.5069	0.6039	0.5402
A3	0.5817	0.5817	1.0	0.9391	0.5956	0.5983	0.7147	0.6704
A4	0.5956	0.5956	0.9391	1.0	0.6122	0.6177	0.7396	0.6898
A5	0.5097	0.4986	0.5956	0.6122	1.0	0.8172	0.7008	0.6454
A6	0.5097	0.5069	0.5983	0.6177	0.8172	1.0	0.6842	0.6343
A7	0.6205	0.6039	0.7147	0.7396	0.7008	0.6842	1.0	0.8199
A8	0.5429	0.5402	0.6704	0.6898	0.6454	0.6343	0.8199	1.0
