	A1	A2	A3	A4	A5	A6
A1	1.0	0.7851	0.6	0.594	0.5075	0.4716
A2	0.7851	1.0	0.7045	0.7075	0.5881	0.5373
A3	0.6	0.7045	1.0	0.7493	0.5522	0.4746
A4	0.594	0.7075	0.7493	1.0	0.5045	0.4537
A5	0.5075	0.5881	0.5522	0.5045	1.0	0.6985
A6	0.4716	0.5373	0.4746	0.4537	0.6985	1.0
