	A1	A2	A3	A4	A5	A6
A1	1.0	0.7864	0.5964	0.5905	0.5015	0.4659
A2	0.7864	1.0	0.7003	0.7033	0.5846	0.5341
A3	0.5964	0.7003	1.0	0.7507	0.546	0.4718
A4	0.5905	0.7033	0.7507	1.0	0.5015	0.451
A5	0.5015	0.5846	0.546	0.5015	1.0	0.7003
A6	0.4659	0.5341	0.4718	0.451	0.7003	1.0
