	A1	A2	A4	A5	A6	A7	A8
A1	1.0	0.819	0.6779	0.4877	0.4509	0.5736	0.5184
A2	0.819	1.0	0.6718	0.4571	0.4325	0.5337	0.4755
A4	0.6779	0.6718	1.0	0.4049	0.3681	0.4663	0.4233
A5	0.4877	0.4571	0.4049	1.0	0.9479	0.7699	0.684
A6	0.4509	0.4325	0.3681	0.9479	1.0	0.7209	0.638
A7	0.5736	0.5337	0.4663	0.7699	0.7209	1.0	0.8221
A8	0.5184	0.4755	0.4233	0.684	0.638	0.8221	1.0
