	A1	A2	A3	A4	A5	A6	A7	A8
A1	1.0	0.8169	0.6337	0.689	0.4622	0.4273	0.5436	0.4913
A2	0.8169	1.0	0.6134	0.6744	0.4331	0.4099	0.5058	0.4506
A3	0.6337	0.6134	1.0	0.8198	0.3634	0.3343	0.4128	0.375
A4	0.689	0.6744	0.8198	1.0	0.3983	0.3634	0.4535	0.4099
A5	0.4622	0.4331	0.3634	0.3983	1.0	0.9506	0.782	0.7006
A6	0.4273	0.4099	0.3343	0.3634	0.9506	1.0	0.7355	0.657
A7	0.5436	0.5058	0.4128	0.4535	0.782	0.7355	1.0	0.8314
A8	0.4913	0.4506	0.375	0.4099	0.7006	0.657	0.8314	1.0
