	A1	A2	A3	A4	A5	A6	A7	A8
A1	1.0	0.8653	0.6407	0.7395	0.6407	0.6437	0.485	0.491
A2	0.8653	1.0	0.6108	0.6826	0.5808	0.5838	0.4281	0.4401
A3	0.6407	0.6108	1.0	0.8413	0.5329	0.5419	0.3862	0.4162
A4	0.7395	0.6826	0.8413	1.0	0.6108	0.6138	0.4401	0.4701
A5	0.6407	0.5808	0.5329	0.6108	1.0	0.988	0.6317	0.6497
A6	0.6437	0.5838	0.5419	0.6138	0.988	1.0	0.6347	0.6587
A7	0.485	0.4281	0.3862	0.4401	0.6317	0.6347	1.0	0.6946
A8	0.491	0.4401	0.4162	0.4701	0.6497	0.6587	0.6946	1.0
