	A1	A2	A3	A4	A5	A6	A7	A8
A1	1.0	0.7898	0.6476	0.6827	0.5856	0.5916	0.4695	0.4945
A2	0.7898	1.0	0.6346	0.6747	0.5506	0.5465	0.4474	0.4675
A3	0.6476	0.6346	1.0	0.7548	0.5445	0.5536	0.4404	0.4665
A4	0.6827	0.6747	0.7548	1.0	0.5666	0.5736	0.4735	0.4765
A5	0.5856	0.5506	0.5445	0.5666	1.0	0.9089	0.6076	0.6406
A6	0.5916	0.5465	0.5536	0.5736	0.9089	1.0	0.6076	0.6486
A7	0.4695	0.4474	0.4404	0.4735	0.6076	0.6076	1.0	0.6336
A8	0.4945	0.4675	0.4665	0.4765	0.6406	0.6486	0.6336	1.0
