	A1	A2	A3	A4	A5	A6	A7	A8
A1	1.0	0.8215	0.6431	0.6062	0.4419	0.4221	0.4731	0.4448
A2	0.8215	1.0	0.7252	0.6742	0.4844	0.4731	0.5496	0.5269
A3	0.6431	0.7252	1.0	0.9207	0.5496	0.5269	0.6034	0.5666
A4	0.6062	0.6742	0.9207	1.0	0.5127	0.4929	0.5439	0.5127
A5	0.4419	0.4844	0.5496	0.5127	1.0	0.9093	0.7139	0.6714
A6	0.4221	0.4731	0.5269	0.4929	0.9093	1.0	0.6771	0.6374
A7	0.4731	0.5496	0.6034	0.5439	0.7139	0.6771	1.0	0.8895
A8	0.4448	0.5269	0.5666	0.5127	0.6714	0.6374	0.8895	1.0
