	A1	A2	A3	A4	A5	A6	A7	A8
A1	1.0	0.7738	0.631	0.6657	0.5823	0.629	0.7014	0.6567
A2	0.7738	1.0	0.6379	0.6597	0.5655	0.6131	0.6796	0.627
A3	0.631	0.6379	1.0	0.6528	0.5268	0.6409	0.6458	0.5774
A4	0.6657	0.6597	0.6528	1.0	0.5417	0.6002	0.6687	0.629
A5	0.5823	0.5655	0.5268	0.5417	1.0	0.5962	0.6091	0.5784
A6	0.629	0.6131	0.6409	0.6002	0.5962	1.0	0.6647	0.6121
A7	0.7014	0.6796	0.6458	0.6687	0.6091	0.6647	1.0	0.6944
A8	0.6567	0.627	0.5774	0.629	0.5784	0.6121	0.6944	1.0
