	A1	A2	A3	A4	A5	A6	A7	A8
A1	1.0	0.7221	0.6424	0.6723	0.5817	0.5627	0.5986	0.5667
A2	0.7221	1.0	0.6235	0.6643	0.5498	0.5418	0.5647	0.5558
A3	0.6424	0.6235	1.0	0.7131	0.5418	0.5139	0.5458	0.503
A4	0.6723	0.6643	0.7131	1.0	0.5508	0.5249	0.5558	0.5408
A5	0.5817	0.5498	0.5418	0.5508	1.0	0.8297	0.7291	0.6892
A6	0.5627	0.5418	0.5139	0.5249	0.8297	1.0	0.7012	0.6823
A7	0.5986	0.5647	0.5458	0.5558	0.7291	0.7012	1.0	0.7261
A8	0.5667	0.5558	0.503	0.5408	0.6892	0.6823	0.7261	1.0
