	A1	A2	A3	A4	A5	A6	A7	A8
A1	1.0	0.7977	0.6745	0.6804	0.5396	0.4809	0.4076	0.4927
A2	0.7977	1.0	0.6686	0.6745	0.5337	0.4897	0.4164	0.4927
A3	0.6745	0.6686	1.0	0.9795	0.5396	0.4897	0.4282	0.5132
A4	0.6804	0.6745	0.9795	1.0	0.5513	0.5015	0.4457	0.5279
A5	0.5396	0.5337	0.5396	0.5513	1.0	0.7801	0.6598	0.7742
A6	0.4809	0.4897	0.4897	0.5015	0.7801	1.0	0.5982	0.6921
A7	0.4076	0.4164	0.4282	0.4457	0.6598	0.5982	1.0	0.8006
A8	0.4927	0.4927	0.5132	0.5279	0.7742	0.6921	0.8006	1.0
