	A5	A6	A7	A8	A1	A2	A3	A4
A5	1.0	0.595	0.4421	0.5124	0.405	0.3636	0.4256	0.4587
A6	0.595	1.0	0.3719	0.438	0.3884	0.3554	0.4339	0.4421
A7	0.4421	0.3719	1.0	0.3802	0.3264	0.3306	0.4008	0.3884
A8	0.5124	0.438	0.3802	1.0	0.4132	0.3306	0.376	0.376
A1	0.405	0.3884	0.3264	0.4132	1.0	0.4669	0.3802	0.3347
A2	0.3636	0.3554	0.3306	0.3306	0.4669	1.0	0.3636	0.3554
A3	0.4256	0.4339	0.4008	0.376	0.3802	0.3636	1.0	0.5702
A4	0.4587	0.4421	0.3884	0.376	0.3347	0.3554	0.5702	1.0
