	A7	A8	A5	A6	A3	A4	A1	A2
A7	1.0	0.7656	0.5757	0.6469	0.4807	0.5697	0.6172	0.6677
A8	0.7656	1.0	0.5757	0.6172	0.4896	0.5668	0.6053	0.6528
A5	0.5757	0.5757	1.0	0.7567	0.4362	0.5282	0.5579	0.6202
A6	0.6469	0.6172	0.7567	1.0	0.4896	0.5786	0.6083	0.6736
A3	0.4807	0.4896	0.4362	0.4896	1.0	0.8249	0.5935	0.6499
A4	0.5697	0.5668	0.5282	0.5786	0.8249	1.0	0.6825	0.7567
A1	0.6172	0.6053	0.5579	0.6083	0.5935	0.6825	1.0	0.8427
A2	0.6677	0.6528	0.6202	0.6736	0.6499	0.7567	0.8427	1.0
