	A1	A2	A3	A4	A5	A6	A7	A8
A1	1.0	0.7733	0.6192	0.5494	0.5727	0.5523	0.5901	0.5988
A2	0.7733	1.0	0.5058	0.4419	0.4797	0.4622	0.4826	0.4942
A3	0.6192	0.5058	1.0	0.6192	0.4622	0.4564	0.4738	0.5
A4	0.5494	0.4419	0.6192	1.0	0.4302	0.4186	0.4244	0.4622
A5	0.5727	0.4797	0.4622	0.4302	1.0	0.8895	0.8052	0.7994
A6	0.5523	0.4622	0.4564	0.4186	0.8895	1.0	0.7849	0.7762
A7	0.5901	0.4826	0.4738	0.4244	0.8052	0.7849	1.0	0.8634
A8	0.5988	0.4942	0.5	0.4622	0.7994	0.7762	0.8634	1.0
