	A1	A2	A3	A4	A5	A6	A7	A8
A1	1.0	0.7855	0.6145	0.5449	0.5652	0.5478	0.5855	0.5942
A2	0.7855	1.0	0.5101	0.4435	0.4841	0.4667	0.4899	0.5014
A3	0.6145	0.5101	1.0	0.6174	0.4522	0.4493	0.4667	0.4928
A4	0.5449	0.4435	0.6174	1.0	0.4232	0.4116	0.4203	0.458
A5	0.5652	0.4841	0.4522	0.4232	1.0	0.887	0.8029	0.7971
A6	0.5478	0.4667	0.4493	0.4116	0.887	1.0	0.7826	0.7739
A7	0.5855	0.4899	0.4667	0.4203	0.8029	0.7826	1.0	0.8609
A8	0.5942	0.5014	0.4928	0.458	0.7971	0.7739	0.8609	1.0
