	A5	A6	A7	A8	A1	A2	A3	A4
A5	1.0	0.3333	0.2434	0.2884	0.1011	0.2172	0.221	0.2135
A6	0.3333	1.0	0.2509	0.3221	0.0861	0.2247	0.2022	0.1948
A7	0.2434	0.2509	1.0	0.412	0.0936	0.2022	0.2584	0.2397
A8	0.2884	0.3221	0.412	1.0	0.0974	0.236	0.2472	0.2809
A1	0.1011	0.0861	0.0936	0.0974	1.0	0.2921	0.1273	0.1348
A2	0.2172	0.2247	0.2022	0.236	0.2921	1.0	0.2247	0.2247
A3	0.221	0.2022	0.2584	0.2472	0.1273	0.2247	1.0	0.4607
A4	0.2135	0.1948	0.2397	0.2809	0.1348	0.2247	0.4607	1.0
