	A3	A4	A5	A6	A7	A8
A3	1.0	0.6944	0.5015	0.5137	0.5137	0.536
A4	0.6944	1.0	0.4954	0.5299	0.4711	0.4924
A5	0.5015	0.4954	1.0	0.7482	0.6589	0.6751
A6	0.5137	0.5299	0.7482	1.0	0.6812	0.6944
A7	0.5137	0.4711	0.6589	0.6812	1.0	0.8325
A8	0.536	0.4924	0.6751	0.6944	0.8325	1.0
