	A5	A6	A7	A8	A1	A2	A3	A4
A5	1.0	0.3167	0.2125	0.25	0.1	0.1167	0.1875	0.1833
A6	0.3167	1.0	0.2	0.2292	0.1417	0.1	0.1667	0.1542
A7	0.2125	0.2	1.0	0.3583	0.0875	0.0833	0.1417	0.1083
A8	0.25	0.2292	0.3583	1.0	0.1167	0.1042	0.175	0.175
A1	0.1	0.1417	0.0875	0.1167	1.0	0.4125	0.1125	0.1375
A2	0.1167	0.1	0.0833	0.1042	0.4125	1.0	0.1458	0.1292
A3	0.1875	0.1667	0.1417	0.175	0.1125	0.1458	1.0	0.4875
A4	0.1833	0.1542	0.1083	0.175	0.1375	0.1292	0.4875	1.0
