	A5	A6	A7	A8	A1	A2	A3	A4
A5	1.0	0.8016	0.6515	0.6542	0.5871	0.6729	0.5067	0.563
A6	0.8016	1.0	0.5818	0.5845	0.5442	0.6086	0.4558	0.5013
A7	0.6515	0.5818	1.0	0.9893	0.6086	0.681	0.5147	0.5469
A8	0.6542	0.5845	0.9893	1.0	0.6113	0.6863	0.5174	0.5496
A1	0.5871	0.5442	0.6086	0.6113	1.0	0.8847	0.6434	0.6515
A2	0.6729	0.6086	0.681	0.6863	0.8847	1.0	0.7265	0.7346
A3	0.5067	0.4558	0.5147	0.5174	0.6434	0.7265	1.0	0.7828
A4	0.563	0.5013	0.5469	0.5496	0.6515	0.7346	0.7828	1.0
