	A1	A2	A3	A4	A5	A6	A8
A1	1.0	0.7591	0.7896	0.6372	0.5305	0.503	0.5945
A2	0.7591	1.0	0.8171	0.6646	0.5823	0.5457	0.6037
A3	0.7896	0.8171	1.0	0.7683	0.6341	0.6006	0.6646
A4	0.6372	0.6646	0.7683	1.0	0.5579	0.5274	0.5518
A5	0.5305	0.5823	0.6341	0.5579	1.0	0.8659	0.6067
A6	0.503	0.5457	0.6006	0.5274	0.8659	1.0	0.5915
A8	0.5945	0.6037	0.6646	0.5518	0.6067	0.5915	1.0
