	A1	A2	A3	A4	A5	A6	A7	A8
A1	1.0	0.7717	0.8043	0.6739	0.5272	0.4973	0.5489	0.5761
A2	0.7717	1.0	0.8261	0.6957	0.5707	0.5326	0.5462	0.5815
A3	0.8043	0.8261	1.0	0.8043	0.6277	0.5924	0.6114	0.6467
A4	0.6739	0.6957	0.8043	1.0	0.5408	0.5054	0.5217	0.5516
A5	0.5272	0.5707	0.6277	0.5408	1.0	0.8723	0.5734	0.606
A6	0.4973	0.5326	0.5924	0.5054	0.8723	1.0	0.5543	0.587
A7	0.5489	0.5462	0.6114	0.5217	0.5734	0.5543	1.0	0.769
A8	0.5761	0.5815	0.6467	0.5516	0.606	0.587	0.769	1.0
