	A1	A2	A3	A4	A5	A6	A7	A8
A1	1.0	0.7944	0.5743	0.5647	0.4701	0.4759	0.4961	0.444
A2	0.7944	1.0	0.584	0.5695	0.4681	0.4846	0.4952	0.4556
A3	0.5743	0.584	1.0	0.7394	0.4797	0.4807	0.5396	0.4942
A4	0.5647	0.5695	0.7394	1.0	0.4778	0.4952	0.5261	0.4875
A5	0.4701	0.4681	0.4797	0.4778	1.0	0.723	0.64	0.584
A6	0.4759	0.4846	0.4807	0.4952	0.723	1.0	0.6728	0.6313
A7	0.4961	0.4952	0.5396	0.5261	0.64	0.6728	1.0	0.7471
A8	0.444	0.4556	0.4942	0.4875	0.584	0.6313	0.7471	1.0
