	A1	A3	A4	A5	A6	A7	A8
A1	1.0	0.6588	0.6	0.5412	0.5353	0.5235	0.5088
A3	0.6588	1.0	0.75	0.5853	0.5794	0.6441	0.6353
A4	0.6	0.75	1.0	0.5441	0.5441	0.6	0.5824
A5	0.5412	0.5853	0.5441	1.0	0.7765	0.6324	0.6353
A6	0.5353	0.5794	0.5441	0.7765	1.0	0.6147	0.6147
A7	0.5235	0.6441	0.6	0.6324	0.6147	1.0	0.9324
A8	0.5088	0.6353	0.5824	0.6353	0.6147	0.9324	1.0
