	A1	A2	A3	A4	A5	A6	A7	A8
A1	1.0	0.8772	0.6579	0.6813	0.6374	0.6725	0.7573	0.7222
A2	0.8772	1.0	0.6813	0.5906	0.5673	0.5848	0.6725	0.6404
A3	0.6579	0.6813	1.0	0.8246	0.4444	0.4708	0.5322	0.5117
A4	0.6813	0.5906	0.8246	1.0	0.4649	0.5205	0.5497	0.5263
A5	0.6374	0.5673	0.4444	0.4649	1.0	0.7135	0.7135	0.6637
A6	0.6725	0.5848	0.4708	0.5205	0.7135	1.0	0.7193	0.6871
A7	0.7573	0.6725	0.5322	0.5497	0.7135	0.7193	1.0	0.8567
A8	0.7222	0.6404	0.5117	0.5263	0.6637	0.6871	0.8567	1.0
