	A1	A2	A3	A4	A5	A6	A7	A8
A1	1.0	0.8772	0.6579	0.6813	0.6345	0.6696	0.7515	0.7164
A2	0.8772	1.0	0.6813	0.5906	0.5643	0.5819	0.6667	0.6345
A3	0.6579	0.6813	1.0	0.8304	0.4444	0.4678	0.5322	0.5088
A4	0.6813	0.5906	0.8304	1.0	0.4649	0.5175	0.5497	0.5234
A5	0.6345	0.5643	0.4444	0.4649	1.0	0.7135	0.7105	0.6608
A6	0.6696	0.5819	0.4678	0.5175	0.7135	1.0	0.7164	0.6842
A7	0.7515	0.6667	0.5322	0.5497	0.7105	0.7164	1.0	0.8567
A8	0.7164	0.6345	0.5088	0.5234	0.6608	0.6842	0.8567	1.0
