	A1	A2	A3	A4	A5	A6	A7	A8
A1	1.0	0.9066	0.7253	0.6868	0.6429	0.6841	0.7555	0.7115
A2	0.9066	1.0	0.6758	0.6236	0.5934	0.6209	0.6841	0.6429
A3	0.7253	0.6758	1.0	0.9011	0.4918	0.5302	0.5714	0.544
A4	0.6868	0.6236	0.9011	1.0	0.4698	0.5275	0.5467	0.5165
A5	0.6429	0.5934	0.4918	0.4698	1.0	0.7225	0.6978	0.6401
A6	0.6841	0.6209	0.5302	0.5275	0.7225	1.0	0.7115	0.6703
A7	0.7555	0.6841	0.5714	0.5467	0.6978	0.7115	1.0	0.8489
A8	0.7115	0.6429	0.544	0.5165	0.6401	0.6703	0.8489	1.0
