	A7	A3	A4	A8	A5	A6	A1	A2
A7	1.0	0.5627	0.546	0.6602	0.7326	0.7242	0.5822	0.6212
A3	0.5627	1.0	0.8134	0.5682	0.7298	0.7214	0.6267	0.6741
A4	0.546	0.8134	1.0	0.5571	0.7131	0.6992	0.6128	0.6574
A8	0.6602	0.5682	0.5571	1.0	0.7493	0.7382	0.5877	0.6212
A5	0.7326	0.7298	0.7131	0.7493	1.0	0.9861	0.7409	0.7911
A6	0.7242	0.7214	0.6992	0.7382	0.9861	1.0	0.7354	0.7855
A1	0.5822	0.6267	0.6128	0.5877	0.7409	0.7354	1.0	0.9248
A2	0.6212	0.6741	0.6574	0.6212	0.7911	0.7855	0.9248	1.0
