	A7	A3	A4	A8	A5	A6	A1	A2
A7	1.0	0.5536	0.5446	0.6756	0.7381	0.7292	0.5833	0.628
A3	0.5536	1.0	0.8125	0.5655	0.7232	0.7143	0.619	0.6726
A4	0.5446	0.8125	1.0	0.5625	0.7143	0.6994	0.6131	0.6637
A8	0.6756	0.5655	0.5625	1.0	0.75	0.7381	0.5923	0.631
A5	0.7381	0.7232	0.7143	0.75	1.0	0.9851	0.7411	0.7976
A6	0.7292	0.7143	0.6994	0.7381	0.9851	1.0	0.7351	0.7917
A1	0.5833	0.619	0.6131	0.5923	0.7411	0.7351	1.0	0.9286
A2	0.628	0.6726	0.6637	0.631	0.7976	0.7917	0.9286	1.0
