	A1	A2	A3	A4	A5	A6	A7	A8
A1	1.0	0.9011	0.7033	0.783	0.4615	0.4038	0.489	0.4451
A2	0.9011	1.0	0.7335	0.8214	0.4643	0.4121	0.5192	0.467
A3	0.7033	0.7335	1.0	0.8297	0.4698	0.4038	0.5027	0.4478
A4	0.783	0.8214	0.8297	1.0	0.5027	0.4286	0.5659	0.5027
A5	0.4615	0.4643	0.4698	0.5027	1.0	0.761	0.6319	0.5659
A6	0.4038	0.4121	0.4038	0.4286	0.761	1.0	0.5659	0.5247
A7	0.489	0.5192	0.5027	0.5659	0.6319	0.5659	1.0	0.8434
A8	0.4451	0.467	0.4478	0.5027	0.5659	0.5247	0.8434	1.0
