	A1	A2	A3	A4	A5	A6	A7	A8
A1	1.0	0.9155	0.7026	0.7843	0.4461	0.3848	0.4985	0.4519
A2	0.9155	1.0	0.7318	0.8222	0.4461	0.3907	0.5277	0.4723
A3	0.7026	0.7318	1.0	0.8222	0.4431	0.3732	0.5015	0.4431
A4	0.7843	0.8222	0.8222	1.0	0.4752	0.3965	0.5656	0.4985
A5	0.4461	0.4461	0.4431	0.4752	1.0	0.7493	0.6385	0.5685
A6	0.3848	0.3907	0.3732	0.3965	0.7493	1.0	0.5685	0.5248
A7	0.4985	0.5277	0.5015	0.5656	0.6385	0.5685	1.0	0.8484
A8	0.4519	0.4723	0.4431	0.4985	0.5685	0.5248	0.8484	1.0
