	A5	A6	A7	A8	A3	A4	A1	A2
A5	1.0	0.7213	0.6995	0.6393	0.4918	0.4699	0.6421	0.5902
A6	0.7213	1.0	0.7104	0.6694	0.5301	0.5273	0.6803	0.6175
A7	0.6995	0.7104	1.0	0.8497	0.5738	0.5492	0.7541	0.6831
A8	0.6393	0.6694	0.8497	1.0	0.5464	0.5191	0.7104	0.6421
A3	0.4918	0.5301	0.5738	0.5464	1.0	0.9016	0.7377	0.6885
A4	0.4699	0.5273	0.5492	0.5191	0.9016	1.0	0.6995	0.6366
A1	0.6421	0.6803	0.7541	0.7104	0.7377	0.6995	1.0	0.9071
A2	0.5902	0.6175	0.6831	0.6421	0.6885	0.6366	0.9071	1.0
