	A1	A2	A3	A4	A5	A6	A7	A8
A1	1.0	0.8427	0.5905	0.6825	0.5579	0.5697	0.6172	0.5519
A2	0.8427	1.0	0.6469	0.7567	0.6202	0.6261	0.6677	0.5905
A3	0.5905	0.6469	1.0	0.819	0.4303	0.4392	0.4807	0.4214
A4	0.6825	0.7567	0.819	1.0	0.5282	0.5312	0.5697	0.5045
A5	0.5579	0.6202	0.4303	0.5282	1.0	0.8071	0.5816	0.6439
A6	0.5697	0.6261	0.4392	0.5312	0.8071	1.0	0.6113	0.638
A7	0.6172	0.6677	0.4807	0.5697	0.5816	0.6113	1.0	0.7003
A8	0.5519	0.5905	0.4214	0.5045	0.6439	0.638	0.7003	1.0
