	A1	A2	A3	A4	A5	A6	A7	A8
A1	1.0	0.8427	0.5905	0.6825	0.5579	0.6083	0.6172	0.6053
A2	0.8427	1.0	0.6469	0.7567	0.6202	0.6736	0.6677	0.6528
A3	0.5905	0.6469	1.0	0.819	0.4303	0.4866	0.4807	0.4866
A4	0.6825	0.7567	0.819	1.0	0.5282	0.5786	0.5697	0.5668
A5	0.5579	0.6202	0.4303	0.5282	1.0	0.7567	0.5816	0.5816
A6	0.6083	0.6736	0.4866	0.5786	0.7567	1.0	0.6558	0.6261
A7	0.6172	0.6677	0.4807	0.5697	0.5816	0.6558	1.0	0.7656
A8	0.6053	0.6528	0.4866	0.5668	0.5816	0.6261	0.7656	1.0
