	A1	A2	A3	A4	A5	A6	A7	A8
A1	1.0	0.8427	0.5935	0.6825	0.5579	0.6083	0.6172	0.6083
A2	0.8427	1.0	0.6528	0.7567	0.6202	0.6736	0.6677	0.6558
A3	0.5935	0.6528	1.0	0.8249	0.4362	0.4866	0.4807	0.4837
A4	0.6825	0.7567	0.8249	1.0	0.5282	0.5786	0.5697	0.5697
A5	0.5579	0.6202	0.4362	0.5282	1.0	0.7567	0.5816	0.5846
A6	0.6083	0.6736	0.4866	0.5786	0.7567	1.0	0.6558	0.6291
A7	0.6172	0.6677	0.4807	0.5697	0.5816	0.6558	1.0	0.7685
A8	0.6083	0.6558	0.4837	0.5697	0.5846	0.6291	0.7685	1.0
