	A1	A2	A3	A4	A5	A8
A1	1.0	0.9617	0.7788	0.823	0.6401	0.4838
A2	0.9617	1.0	0.7817	0.8319	0.646	0.4956
A3	0.7788	0.7817	1.0	0.7434	0.5959	0.4602
A4	0.823	0.8319	0.7434	1.0	0.5959	0.4543
A5	0.6401	0.646	0.5959	0.5959	1.0	0.708
A8	0.4838	0.4956	0.4602	0.4543	0.708	1.0
