	A1	A2	A3	A4	A5	A6	A7	A8
A1	1.0	0.9575	0.6402	0.7252	0.6969	0.7054	0.6431	0.6629
A2	0.9575	1.0	0.6516	0.7365	0.6997	0.711	0.6487	0.6657
A3	0.6402	0.6516	1.0	0.8725	0.6402	0.6487	0.5977	0.6232
A4	0.7252	0.7365	0.8725	1.0	0.728	0.7365	0.6771	0.6997
A5	0.6969	0.6997	0.6402	0.728	1.0	0.8867	0.6941	0.7167
A6	0.7054	0.711	0.6487	0.7365	0.8867	1.0	0.7054	0.7337
A7	0.6431	0.6487	0.5977	0.6771	0.6941	0.7054	1.0	0.8017
A8	0.6629	0.6657	0.6232	0.6997	0.7167	0.7337	0.8017	1.0
