	A5	A6	A7	A8	A1	A2	A3	A4
A5	1.0	0.3582	0.2411	0.2979	0.1844	0.2128	0.0887	0.1312
A6	0.3582	1.0	0.2553	0.3191	0.1879	0.1986	0.1418	0.1738
A7	0.2411	0.2553	1.0	0.3901	0.2092	0.2305	0.1773	0.1809
A8	0.2979	0.3191	0.3901	1.0	0.234	0.2234	0.1879	0.2128
A1	0.1844	0.1879	0.2092	0.234	1.0	0.422	0.1277	0.1631
A2	0.2128	0.1986	0.2305	0.2234	0.422	1.0	0.1348	0.156
A3	0.0887	0.1418	0.1773	0.1879	0.1277	0.1348	1.0	0.4645
A4	0.1312	0.1738	0.1809	0.2128	0.1631	0.156	0.4645	1.0
