	A1	A2	A3	A4	A5	A6	A7	A8
A1	1.0	0.7471	0.7196	0.6569	0.6608	0.6804	0.6431	0.6471
A2	0.7471	1.0	0.701	0.6324	0.6451	0.6559	0.6137	0.6314
A3	0.7196	0.701	1.0	0.7225	0.6206	0.6578	0.6039	0.6137
A4	0.6569	0.6324	0.7225	1.0	0.5814	0.5971	0.5441	0.5696
A5	0.6608	0.6451	0.6206	0.5814	1.0	0.7637	0.699	0.7039
A6	0.6804	0.6559	0.6578	0.5971	0.7637	1.0	0.7	0.7225
A7	0.6431	0.6137	0.6039	0.5441	0.699	0.7	1.0	0.6824
A8	0.6471	0.6314	0.6137	0.5696	0.7039	0.7225	0.6824	1.0
