	A1	A2	A3	A4	A5	A6	A7	A8
A1	1.0	0.6529	0.428	0.4115	0.3813	0.3896	0.4074	0.4636
A2	0.6529	1.0	0.4211	0.4115	0.3676	0.3704	0.3649	0.428
A3	0.428	0.4211	1.0	0.7106	0.4609	0.4499	0.4595	0.524
A4	0.4115	0.4115	0.7106	1.0	0.4307	0.4321	0.4376	0.5062
A5	0.3813	0.3676	0.4609	0.4307	1.0	0.6763	0.5089	0.5652
A6	0.3896	0.3704	0.4499	0.4321	0.6763	1.0	0.5144	0.5748
A7	0.4074	0.3649	0.4595	0.4376	0.5089	0.5144	1.0	0.6708
A8	0.4636	0.428	0.524	0.5062	0.5652	0.5748	0.6708	1.0
