	A5	A6	A7	A8	A1	A2	A3	A4
A5	1.0	0.6312	0.5548	0.6398	0.3301	0.3108	0.3839	0.372
A6	0.6312	1.0	0.4731	0.5516	0.3806	0.3699	0.3118	0.2946
A7	0.5548	0.4731	1.0	0.6538	0.3118	0.3054	0.3925	0.3774
A8	0.6398	0.5516	0.6538	1.0	0.3473	0.3376	0.4022	0.4032
A1	0.3301	0.3806	0.3118	0.3473	1.0	0.628	0.329	0.3333
A2	0.3108	0.3699	0.3054	0.3376	0.628	1.0	0.3301	0.3215
A3	0.3839	0.3118	0.3925	0.4022	0.329	0.3301	1.0	0.7441
A4	0.372	0.2946	0.3774	0.4032	0.3333	0.3215	0.7441	1.0
