	A1	A2	A3	A4	A5	A6	A7	A8
A1	1.0	0.7703	0.6308	0.6279	0.375	0.4157	0.4477	0.4331
A2	0.7703	1.0	0.5116	0.5145	0.3081	0.3401	0.3517	0.3343
A3	0.6308	0.5116	1.0	0.8401	0.3692	0.4128	0.436	0.4099
A4	0.6279	0.5145	0.8401	1.0	0.375	0.4157	0.4331	0.407
A5	0.375	0.3081	0.3692	0.375	1.0	0.8779	0.6192	0.5756
A6	0.4157	0.3401	0.4128	0.4157	0.8779	1.0	0.6919	0.6541
A7	0.4477	0.3517	0.436	0.4331	0.6192	0.6919	1.0	0.8459
A8	0.4331	0.3343	0.4099	0.407	0.5756	0.6541	0.8459	1.0
