	A5	A2	A1	A3	A4	A6	A7	A8
A5	1.0	0.5376	0.5591	0.5941	0.6183	0.6613	0.629	0.6613
A2	0.5376	1.0	0.7715	0.7527	0.7661	0.5565	0.543	0.5753
A1	0.5591	0.7715	1.0	0.7688	0.7849	0.5806	0.5672	0.5941
A3	0.5941	0.7527	0.7688	1.0	0.922	0.629	0.6022	0.6398
A4	0.6183	0.7661	0.7849	0.922	1.0	0.6505	0.6156	0.6613
A6	0.6613	0.5565	0.5806	0.629	0.6505	1.0	0.6398	0.6882
A7	0.629	0.543	0.5672	0.6022	0.6156	0.6398	1.0	0.8683
A8	0.6613	0.5753	0.5941	0.6398	0.6613	0.6882	0.8683	1.0
