	A5	A2	A1	A3	A4	A6	A7	A8
A5	1.0	0.5364	0.551	0.586	0.6093	0.6706	0.6093	0.6443
A2	0.5364	1.0	0.7813	0.7697	0.7843	0.5743	0.5306	0.5656
A1	0.551	0.7813	1.0	0.7813	0.7959	0.5918	0.5481	0.5773
A3	0.586	0.7697	0.7813	1.0	0.9184	0.6414	0.5831	0.6239
A4	0.6093	0.7843	0.7959	0.9184	1.0	0.6618	0.5948	0.6443
A6	0.6706	0.5743	0.5918	0.6414	0.6618	1.0	0.6385	0.691
A7	0.6093	0.5306	0.5481	0.5831	0.5948	0.6385	1.0	0.8571
A8	0.6443	0.5656	0.5773	0.6239	0.6443	0.691	0.8571	1.0
