	A5	A6	A7	A8	A1	A2	A3	A4
A5	1.0	0.6432	0.491	0.5615	0.361	0.3651	0.4246	0.4039
A6	0.6432	1.0	0.4772	0.5546	0.3831	0.3693	0.4246	0.3845
A7	0.491	0.4772	1.0	0.6196	0.3624	0.4149	0.361	0.361
A8	0.5615	0.5546	0.6196	1.0	0.408	0.3873	0.4454	0.4136
A1	0.361	0.3831	0.3624	0.408	1.0	0.6183	0.4274	0.39
A2	0.3651	0.3693	0.4149	0.3873	0.6183	1.0	0.408	0.4025
A3	0.4246	0.4246	0.361	0.4454	0.4274	0.408	1.0	0.7427
A4	0.4039	0.3845	0.361	0.4136	0.39	0.4025	0.7427	1.0
