	A5	A6	A7	A8	A3	A4	A1	A2
A5	1.0	0.744	0.7679	0.7619	0.4762	0.5476	0.4583	0.5149
A6	0.744	1.0	0.7798	0.7768	0.503	0.5625	0.4732	0.5357
A7	0.7679	0.7798	1.0	0.9792	0.5923	0.6756	0.5714	0.6369
A8	0.7619	0.7768	0.9792	1.0	0.5863	0.6696	0.5655	0.631
A3	0.4762	0.503	0.5923	0.5863	1.0	0.878	0.6101	0.6518
A4	0.5476	0.5625	0.6756	0.6696	0.878	1.0	0.6786	0.7381
A1	0.4583	0.4732	0.5714	0.5655	0.6101	0.6786	1.0	0.7857
A2	0.5149	0.5357	0.6369	0.631	0.6518	0.7381	0.7857	1.0
