	A5	A6	A7	A8	A3	A4	A1	A2
A5	1.0	0.7493	0.769	0.7634	0.4704	0.538	0.462	0.5268
A6	0.7493	1.0	0.7775	0.7746	0.493	0.5493	0.4732	0.5437
A7	0.769	0.7775	1.0	0.9803	0.5915	0.6704	0.5803	0.6535
A8	0.7634	0.7746	0.9803	1.0	0.5859	0.6648	0.5746	0.6479
A3	0.4704	0.493	0.5915	0.5859	1.0	0.8817	0.5944	0.6451
A4	0.538	0.5493	0.6704	0.6648	0.8817	1.0	0.6592	0.7268
A1	0.462	0.4732	0.5803	0.5746	0.5944	0.6592	1.0	0.7859
A2	0.5268	0.5437	0.6535	0.6479	0.6451	0.7268	0.7859	1.0
