	A5	A6	A7	A8	A1	A2	A3	A4
A5	1.0	0.7032	0.4167	0.4418	0.5103	0.5057	0.5228	0.5377
A6	0.7032	1.0	0.4189	0.4612	0.516	0.5091	0.5468	0.5479
A7	0.4167	0.4189	1.0	0.613	0.3014	0.3025	0.3459	0.347
A8	0.4418	0.4612	0.613	1.0	0.347	0.3333	0.3721	0.387
A1	0.5103	0.516	0.3014	0.347	1.0	0.7454	0.5537	0.5525
A2	0.5057	0.5091	0.3025	0.3333	0.7454	1.0	0.5377	0.5422
A3	0.5228	0.5468	0.3459	0.3721	0.5537	0.5377	1.0	0.7694
A4	0.5377	0.5479	0.347	0.387	0.5525	0.5422	0.7694	1.0
