	A5	A6	A7	A8	A3	A4	A1	A2
A5	1.0	0.7821	0.6537	0.7134	0.6388	0.5791	0.5194	0.5701
A6	0.7821	1.0	0.6507	0.7045	0.6388	0.591	0.5015	0.5433
A7	0.6537	0.6507	1.0	0.7433	0.5821	0.5343	0.5104	0.5493
A8	0.7134	0.7045	0.7433	1.0	0.6507	0.594	0.5552	0.5851
A3	0.6388	0.6388	0.5821	0.6507	1.0	0.8448	0.5851	0.6358
A4	0.5791	0.591	0.5343	0.594	0.8448	1.0	0.5343	0.5821
A1	0.5194	0.5015	0.5104	0.5552	0.5851	0.5343	1.0	0.8
A2	0.5701	0.5433	0.5493	0.5851	0.6358	0.5821	0.8	1.0
