	A1	A2	A3	A4	A5	A6	A7	A8
A1	1.0	0.7456	0.7367	0.7781	0.5621	0.5473	0.5325	0.5118
A2	0.7456	1.0	0.5917	0.642	0.5148	0.503	0.4852	0.4882
A3	0.7367	0.5917	1.0	0.8462	0.4852	0.4852	0.4675	0.4408
A4	0.7781	0.642	0.8462	1.0	0.5266	0.5266	0.5089	0.4763
A5	0.5621	0.5148	0.4852	0.5266	1.0	0.9172	0.7544	0.7396
A6	0.5473	0.503	0.4852	0.5266	0.9172	1.0	0.716	0.7071
A7	0.5325	0.4852	0.4675	0.5089	0.7544	0.716	1.0	0.8284
A8	0.5118	0.4882	0.4408	0.4763	0.7396	0.7071	0.8284	1.0
