	A5	A6	A7	A8	A1	A2	A3	A4
A5	1.0	0.2603	0.1446	0.1901	0.1033	0.1116	0.1736	0.1529
A6	0.2603	1.0	0.1529	0.1983	0.1364	0.1281	0.1281	0.1157
A7	0.1446	0.1529	1.0	0.2645	0.1488	0.1281	0.1198	0.1116
A8	0.1901	0.1983	0.2645	1.0	0.1446	0.1529	0.1405	0.1405
A1	0.1033	0.1364	0.1488	0.1446	1.0	0.2562	0.1364	0.0826
A2	0.1116	0.1281	0.1281	0.1529	0.2562	1.0	0.1281	0.1116
A3	0.1736	0.1281	0.1198	0.1405	0.1364	0.1281	1.0	0.4008
A4	0.1529	0.1157	0.1116	0.1405	0.0826	0.1116	0.4008	1.0
