	A1	A2	A3	A4	A5	A6	A7	A8
A1	1.0	0.7714	0.7091	0.6987	0.5948	0.5506	0.5221	0.5403
A2	0.7714	1.0	0.7558	0.7481	0.6442	0.5948	0.561	0.574
A3	0.7091	0.7558	1.0	0.8545	0.6753	0.6156	0.5688	0.6078
A4	0.6987	0.7481	0.8545	1.0	0.6649	0.6078	0.5662	0.5948
A5	0.5948	0.6442	0.6753	0.6649	1.0	0.9013	0.6494	0.6753
A6	0.5506	0.5948	0.6156	0.6078	0.9013	1.0	0.5974	0.6234
A7	0.5221	0.561	0.5688	0.5662	0.6494	0.5974	1.0	0.7636
A8	0.5403	0.574	0.6078	0.5948	0.6753	0.6234	0.7636	1.0
