	A1	A2	A3	A4	A5	A6	A7	A8
A1	1.0	0.7714	0.7091	0.6987	0.5948	0.5506	0.5195	0.5403
A2	0.7714	1.0	0.7558	0.7506	0.6442	0.5948	0.5584	0.574
A3	0.7091	0.7558	1.0	0.8571	0.6727	0.613	0.5714	0.6078
A4	0.6987	0.7506	0.8571	1.0	0.6623	0.6078	0.5662	0.5896
A5	0.5948	0.6442	0.6727	0.6623	1.0	0.9013	0.6494	0.6753
A6	0.5506	0.5948	0.613	0.6078	0.9013	1.0	0.5974	0.6234
A7	0.5195	0.5584	0.5714	0.5662	0.6494	0.5974	1.0	0.7662
A8	0.5403	0.574	0.6078	0.5896	0.6753	0.6234	0.7662	1.0
