	A5	A6	A7	A8	A1	A2	A3	A4
A5	1.0	0.3333	0.237	0.2667	0.1444	0.1704	0.1667	0.1519
A6	0.3333	1.0	0.2444	0.2889	0.1556	0.1741	0.1926	0.163
A7	0.237	0.2444	1.0	0.3593	0.163	0.1741	0.1926	0.1815
A8	0.2667	0.2889	0.3593	1.0	0.2111	0.2037	0.2148	0.1815
A1	0.1444	0.1556	0.163	0.2111	1.0	0.3741	0.1556	0.1481
A2	0.1704	0.1741	0.1741	0.2037	0.3741	1.0	0.1741	0.1519
A3	0.1667	0.1926	0.1926	0.2148	0.1556	0.1741	1.0	0.4556
A4	0.1519	0.163	0.1815	0.1815	0.1481	0.1519	0.4556	1.0
