	A1	A2	A3	A4	A5	A6	A7	A8
A1	1.0	0.7143	0.6035	0.5773	0.5948	0.6152	0.656	0.6006
A2	0.7143	1.0	0.5627	0.5423	0.5802	0.5948	0.621	0.5569
A3	0.6035	0.5627	1.0	0.93	0.6531	0.6822	0.7318	0.6414
A4	0.5773	0.5423	0.93	1.0	0.6181	0.6472	0.6939	0.6064
A5	0.5948	0.5802	0.6531	0.6181	1.0	0.863	0.8222	0.7376
A6	0.6152	0.5948	0.6822	0.6472	0.863	1.0	0.863	0.758
A7	0.656	0.621	0.7318	0.6939	0.8222	0.863	1.0	0.8484
A8	0.6006	0.5569	0.6414	0.6064	0.7376	0.758	0.8484	1.0
