	A1	A2	A3	A4	A5	A6	A7	A8
A1	1.0	0.7304	0.658	0.6087	0.5391	0.5101	0.4319	0.4464
A2	0.7304	1.0	0.6551	0.5884	0.5536	0.5188	0.4522	0.4638
A3	0.658	0.6551	1.0	0.713	0.4928	0.4928	0.3913	0.4029
A4	0.6087	0.5884	0.713	1.0	0.4551	0.4406	0.371	0.3507
A5	0.5391	0.5536	0.4928	0.4551	1.0	0.7855	0.5826	0.6058
A6	0.5101	0.5188	0.4928	0.4406	0.7855	1.0	0.6	0.6087
A7	0.4319	0.4522	0.3913	0.371	0.5826	0.6	1.0	0.7449
A8	0.4464	0.4638	0.4029	0.3507	0.6058	0.6087	0.7449	1.0
