	A7	A8	A5	A6	A3	A4	A1	A2
A7	1.0	0.8047	0.6746	0.6006	0.4497	0.4675	0.426	0.429
A8	0.8047	1.0	0.7959	0.7101	0.5444	0.5592	0.5207	0.5059
A5	0.6746	0.7959	1.0	0.8077	0.5799	0.5917	0.5621	0.5533
A6	0.6006	0.7101	0.8077	1.0	0.5355	0.5503	0.5059	0.5089
A3	0.4497	0.5444	0.5799	0.5355	1.0	0.9763	0.7426	0.7367
A4	0.4675	0.5592	0.5917	0.5503	0.9763	1.0	0.7544	0.7485
A1	0.426	0.5207	0.5621	0.5059	0.7426	0.7544	1.0	0.8225
A2	0.429	0.5059	0.5533	0.5089	0.7367	0.7485	0.8225	1.0
