	A7	A8	A5	A6	A3	A4	A1	A2
A7	1.0	0.8047	0.6746	0.6006	0.4379	0.4556	0.426	0.429
A8	0.8047	1.0	0.7959	0.7101	0.5296	0.5444	0.5207	0.5059
A5	0.6746	0.7959	1.0	0.8077	0.5621	0.574	0.5621	0.5533
A6	0.6006	0.7101	0.8077	1.0	0.5118	0.5237	0.5059	0.5089
A3	0.4379	0.5296	0.5621	0.5118	1.0	0.9793	0.6893	0.6864
A4	0.4556	0.5444	0.574	0.5237	0.9793	1.0	0.6982	0.6953
A1	0.426	0.5207	0.5621	0.5059	0.6893	0.6982	1.0	0.8225
A2	0.429	0.5059	0.5533	0.5089	0.6864	0.6953	0.8225	1.0
