	A5	A6	A7	A8	A1	A2	A3	A4
A5	1.0	0.636	0.388	0.5333	0.3627	0.3787	0.4067	0.404
A6	0.636	1.0	0.476	0.5187	0.332	0.34	0.38	0.3787
A7	0.388	0.476	1.0	0.528	0.3213	0.3347	0.308	0.3013
A8	0.5333	0.5187	0.528	1.0	0.3573	0.3507	0.408	0.4067
A1	0.3627	0.332	0.3213	0.3573	1.0	0.652	0.3547	0.352
A2	0.3787	0.34	0.3347	0.3507	0.652	1.0	0.3613	0.36
A3	0.4067	0.38	0.308	0.408	0.3547	0.3613	1.0	0.7
A4	0.404	0.3787	0.3013	0.4067	0.352	0.36	0.7	1.0
