	A8	A5	A7	A6	A3	A4	A2	A1
A8	1.0	0.5863	0.6667	0.6488	0.5298	0.5685	0.4881	0.5536
A5	0.5863	1.0	0.7113	0.7798	0.5923	0.5923	0.5804	0.6161
A7	0.6667	0.7113	1.0	0.7798	0.6429	0.6488	0.6012	0.6548
A6	0.6488	0.7798	0.7798	1.0	0.6667	0.6726	0.6458	0.6756
A3	0.5298	0.5923	0.6429	0.6667	1.0	0.747	0.6696	0.6875
A4	0.5685	0.5923	0.6488	0.6726	0.747	1.0	0.6964	0.6935
A2	0.4881	0.5804	0.6012	0.6458	0.6696	0.6964	1.0	0.7232
A1	0.5536	0.6161	0.6548	0.6756	0.6875	0.6935	0.7232	1.0
