	A1	A2	A3	A4	A5	A6	A7	A8
A1	1.0	0.7771	0.6041	0.6129	0.4604	0.437	0.4839	0.4985
A2	0.7771	1.0	0.607	0.5982	0.4428	0.4252	0.4751	0.4663
A3	0.6041	0.607	1.0	0.7273	0.5367	0.5161	0.5513	0.5279
A4	0.6129	0.5982	0.7273	1.0	0.5279	0.5015	0.5513	0.5249
A5	0.4604	0.4428	0.5367	0.5279	1.0	0.8387	0.6276	0.654
A6	0.437	0.4252	0.5161	0.5015	0.8387	1.0	0.6158	0.6188
A7	0.4839	0.4751	0.5513	0.5513	0.6276	0.6158	1.0	0.7302
A8	0.4985	0.4663	0.5279	0.5249	0.654	0.6188	0.7302	1.0
