	A1	A3	A4	A5	A6	A7	A8
A1	1.0	0.6284	0.6073	0.5045	0.4924	0.5106	0.5347
A3	0.6284	1.0	0.9456	0.5529	0.5317	0.5619	0.6012
A4	0.6073	0.9456	1.0	0.5287	0.5106	0.5378	0.571
A5	0.5045	0.5529	0.5287	1.0	0.7825	0.6918	0.716
A6	0.4924	0.5317	0.5106	0.7825	1.0	0.6647	0.6767
A7	0.5106	0.5619	0.5378	0.6918	0.6647	1.0	0.7372
A8	0.5347	0.6012	0.571	0.716	0.6767	0.7372	1.0
