	A1	A2	A3	A4	A5	A6	A7	A8
A1	1.0	0.8618	0.5528	0.5799	0.5339	0.5014	0.5312	0.4824
A2	0.8618	1.0	0.5935	0.6314	0.5583	0.5203	0.561	0.5014
A3	0.5528	0.5935	1.0	0.7182	0.4959	0.4688	0.477	0.4309
A4	0.5799	0.6314	0.7182	1.0	0.5203	0.4797	0.5176	0.4661
A5	0.5339	0.5583	0.4959	0.5203	1.0	0.935	0.7127	0.6369
A6	0.5014	0.5203	0.4688	0.4797	0.935	1.0	0.6694	0.6043
A7	0.5312	0.561	0.477	0.5176	0.7127	0.6694	1.0	0.8889
A8	0.4824	0.5014	0.4309	0.4661	0.6369	0.6043	0.8889	1.0
