	A1	A2	A4	A5	A6	A7	A8
A1	1.0	0.8525	0.5634	0.5339	0.5015	0.5339	0.4897
A2	0.8525	1.0	0.6224	0.5634	0.5251	0.5693	0.5133
A4	0.5634	0.6224	1.0	0.5162	0.4749	0.5162	0.469
A5	0.5339	0.5634	0.5162	1.0	0.9322	0.7198	0.646
A6	0.5015	0.5251	0.4749	0.9322	1.0	0.6755	0.6136
A7	0.5339	0.5693	0.5162	0.7198	0.6755	1.0	0.8909
A8	0.4897	0.5133	0.469	0.646	0.6136	0.8909	1.0
