	A1	A2	A3	A4	A5	A6	A7	A8
A1	1.0	0.8622	0.5486	0.5757	0.5432	0.5135	0.5351	0.4865
A2	0.8622	1.0	0.5892	0.627	0.5676	0.5324	0.5649	0.5054
A3	0.5486	0.5892	1.0	0.7081	0.4919	0.4703	0.473	0.427
A4	0.5757	0.627	0.7081	1.0	0.5162	0.4757	0.5162	0.4649
A5	0.5432	0.5676	0.4919	0.5162	1.0	0.9351	0.7162	0.6405
A6	0.5135	0.5324	0.4703	0.4757	0.9351	1.0	0.673	0.6081
A7	0.5351	0.5649	0.473	0.5162	0.7162	0.673	1.0	0.8892
A8	0.4865	0.5054	0.427	0.4649	0.6405	0.6081	0.8892	1.0
