	A1	A2	A3	A4	A5	A6	A7	A8
A1	1.0	0.9276	0.6852	0.6128	0.688	0.6741	0.6992	0.6992
A2	0.9276	1.0	0.7354	0.6546	0.7354	0.7242	0.7437	0.7465
A3	0.6852	0.7354	1.0	0.7075	0.6797	0.6936	0.6741	0.6825
A4	0.6128	0.6546	0.7075	1.0	0.6017	0.6267	0.6156	0.5989
A5	0.688	0.7354	0.6797	0.6017	1.0	0.8301	0.7521	0.7604
A6	0.6741	0.7242	0.6936	0.6267	0.8301	1.0	0.7577	0.7744
A7	0.6992	0.7437	0.6741	0.6156	0.7521	0.7577	1.0	0.7855
A8	0.6992	0.7465	0.6825	0.5989	0.7604	0.7744	0.7855	1.0
