	A5	A6	A7	A8	A1	A2	A3	A4
A5	1.0	0.9597	0.7205	0.6628	0.5908	0.5994	0.4179	0.4582
A6	0.9597	1.0	0.6945	0.6398	0.562	0.5706	0.3977	0.4409
A7	0.7205	0.6945	1.0	0.8415	0.536	0.5504	0.4035	0.4236
A8	0.6628	0.6398	0.8415	1.0	0.4813	0.5014	0.3573	0.3862
A1	0.5908	0.562	0.536	0.4813	1.0	0.8876	0.634	0.683
A2	0.5994	0.5706	0.5504	0.5014	0.8876	1.0	0.6513	0.7061
A3	0.4179	0.3977	0.4035	0.3573	0.634	0.6513	1.0	0.8703
A4	0.4582	0.4409	0.4236	0.3862	0.683	0.7061	0.8703	1.0
