	A5	A6	A7	A8	A1	A2	A3	A4
A5	1.0	0.593	0.3527	0.4147	0.3411	0.3372	0.3101	0.3295
A6	0.593	1.0	0.3837	0.4806	0.3682	0.3488	0.3682	0.3915
A7	0.3527	0.3837	1.0	0.407	0.4612	0.3876	0.3953	0.3798
A8	0.4147	0.4806	0.407	1.0	0.376	0.3953	0.3411	0.3295
A1	0.3411	0.3682	0.4612	0.376	1.0	0.5155	0.314	0.3295
A2	0.3372	0.3488	0.3876	0.3953	0.5155	1.0	0.3295	0.3372
A3	0.3101	0.3682	0.3953	0.3411	0.314	0.3295	1.0	0.5
A4	0.3295	0.3915	0.3798	0.3295	0.3295	0.3372	0.5	1.0
