	A1	A2	A3	A4	A5	A6	A7	A8
A1	1.0	0.9117	0.7635	0.7009	0.5071	0.5299	0.584	0.584
A2	0.9117	1.0	0.6923	0.6439	0.4729	0.4957	0.547	0.547
A3	0.7635	0.6923	1.0	0.9088	0.4701	0.51	0.5356	0.5413
A4	0.7009	0.6439	0.9088	1.0	0.4359	0.4672	0.49	0.4957
A5	0.5071	0.4729	0.4701	0.4359	1.0	0.6809	0.7037	0.7009
A6	0.5299	0.4957	0.51	0.4672	0.6809	1.0	0.7407	0.7379
A7	0.584	0.547	0.5356	0.49	0.7037	0.7407	1.0	0.9487
A8	0.584	0.547	0.5413	0.4957	0.7009	0.7379	0.9487	1.0
