	A1	A2	A3	A4	A5	A6	A7	A8
A1	1.0	0.8309	0.5638	0.5727	0.546	0.4837	0.6261	0.5401
A2	0.8309	1.0	0.5608	0.5757	0.5341	0.4777	0.6053	0.5341
A3	0.5638	0.5608	1.0	0.9407	0.6172	0.5549	0.6766	0.6291
A4	0.5727	0.5757	0.9407	1.0	0.6261	0.5668	0.6973	0.6439
A5	0.546	0.5341	0.6172	0.6261	1.0	0.7864	0.7389	0.6825
A6	0.4837	0.4777	0.5549	0.5668	0.7864	1.0	0.6677	0.6202
A7	0.6261	0.6053	0.6766	0.6973	0.7389	0.6677	1.0	0.8101
A8	0.5401	0.5341	0.6291	0.6439	0.6825	0.6202	0.8101	1.0
