	A1	A2	A3	A4	A5	A6	A7	A8
A1	1.0	0.8242	0.6181	0.6236	0.5247	0.5192	0.6484	0.5687
A2	0.8242	1.0	0.6126	0.6236	0.5137	0.5165	0.6291	0.5632
A3	0.6181	0.6126	1.0	0.9423	0.6181	0.6181	0.728	0.6841
A4	0.6236	0.6236	0.9423	1.0	0.6291	0.6319	0.75	0.7005
A5	0.5247	0.5137	0.6181	0.6291	1.0	0.8214	0.7143	0.6621
A6	0.5192	0.5165	0.6181	0.6319	0.8214	1.0	0.6951	0.6511
A7	0.6484	0.6291	0.728	0.75	0.7143	0.6951	1.0	0.8242
A8	0.5687	0.5632	0.6841	0.7005	0.6621	0.6511	0.8242	1.0
