	A1	A2	A3	A4	A5	A6	A7	A8
A1	1.0	0.8309	0.6024	0.6083	0.549	0.4837	0.635	0.549
A2	0.8309	1.0	0.5935	0.6053	0.5341	0.4748	0.6113	0.5401
A3	0.6024	0.5935	1.0	0.9377	0.635	0.5757	0.7062	0.6588
A4	0.6083	0.6053	0.9377	1.0	0.6469	0.5905	0.73	0.6766
A5	0.549	0.5341	0.635	0.6469	1.0	0.7834	0.7389	0.6825
A6	0.4837	0.4748	0.5757	0.5905	0.7834	1.0	0.6677	0.6202
A7	0.635	0.6113	0.7062	0.73	0.7389	0.6677	1.0	0.8101
A8	0.549	0.5401	0.6588	0.6766	0.6825	0.6202	0.8101	1.0
