	A5	A6	A7	A8	A1	A2	A3	A4
A5	1.0	0.6727	0.5341	0.4839	0.3956	0.4086	0.5281	0.4869
A6	0.6727	1.0	0.5643	0.5231	0.4398	0.4398	0.5482	0.5141
A7	0.5341	0.5643	1.0	0.6265	0.4779	0.4659	0.5311	0.489
A8	0.4839	0.5231	0.6265	1.0	0.3645	0.3825	0.4759	0.4157
A1	0.3956	0.4398	0.4779	0.3645	1.0	0.6898	0.4669	0.4337
A2	0.4086	0.4398	0.4659	0.3825	0.6898	1.0	0.488	0.4598
A3	0.5281	0.5482	0.5311	0.4759	0.4669	0.488	1.0	0.7349
A4	0.4869	0.5141	0.489	0.4157	0.4337	0.4598	0.7349	1.0
