	A5	A6	A7	A8	A1	A2	A3	A4
A5	1.0	0.8005	0.6727	0.6491	0.5966	0.6074	0.553	0.5748
A6	0.8005	1.0	0.6555	0.6192	0.5875	0.5811	0.5413	0.5558
A7	0.6727	0.6555	1.0	0.7507	0.5884	0.6002	0.5594	0.5703
A8	0.6491	0.6192	0.7507	1.0	0.5666	0.5666	0.5249	0.5485
A1	0.5966	0.5875	0.5884	0.5666	1.0	0.7643	0.6011	0.6174
A2	0.6074	0.5811	0.6002	0.5666	0.7643	1.0	0.6147	0.6328
A3	0.553	0.5413	0.5594	0.5249	0.6011	0.6147	1.0	0.6682
A4	0.5748	0.5558	0.5703	0.5485	0.6174	0.6328	0.6682	1.0
