	A5	A6	A7	A8	A1	A2	A3	A4
A5	1.0	0.4963	0.4328	0.4291	0.403	0.3582	0.4254	0.4664
A6	0.4963	1.0	0.4179	0.403	0.3694	0.3843	0.3881	0.4067
A7	0.4328	0.4179	1.0	0.5	0.3731	0.3843	0.3993	0.3396
A8	0.4291	0.403	0.5	1.0	0.3769	0.3582	0.4366	0.3806
A1	0.403	0.3694	0.3731	0.3769	1.0	0.6194	0.3694	0.3172
A2	0.3582	0.3843	0.3843	0.3582	0.6194	1.0	0.3918	0.3545
A3	0.4254	0.3881	0.3993	0.4366	0.3694	0.3918	1.0	0.5896
A4	0.4664	0.4067	0.3396	0.3806	0.3172	0.3545	0.5896	1.0
