	A5	A6	A7	A8	A1	A2	A3	A4
A5	1.0	0.8777	0.7979	0.7899	0.5798	0.4814	0.4681	0.4734
A6	0.8777	1.0	0.7872	0.7766	0.5718	0.4734	0.4734	0.4601
A7	0.7979	0.7872	1.0	0.8697	0.6144	0.5027	0.4973	0.4867
A8	0.7899	0.7766	0.8697	1.0	0.6197	0.5106	0.5186	0.516
A1	0.5798	0.5718	0.6144	0.6197	1.0	0.7739	0.633	0.6223
A2	0.4814	0.4734	0.5027	0.5106	0.7739	1.0	0.5106	0.4894
A3	0.4681	0.4734	0.4973	0.5186	0.633	0.5106	1.0	0.6888
A4	0.4734	0.4601	0.4867	0.516	0.6223	0.4894	0.6888	1.0
