	A1	A2	A3	A4	A5	A6	A7	A8
A1	1.0	0.7756	0.6205	0.6011	0.4903	0.482	0.5069	0.5042
A2	0.7756	1.0	0.6094	0.5928	0.4654	0.446	0.4848	0.4792
A3	0.6205	0.6094	1.0	0.9474	0.5485	0.5291	0.5762	0.5873
A4	0.6011	0.5928	0.9474	1.0	0.5291	0.5152	0.5568	0.5623
A5	0.4903	0.4654	0.5485	0.5291	1.0	0.7895	0.6842	0.6759
A6	0.482	0.446	0.5291	0.5152	0.7895	1.0	0.6648	0.6482
A7	0.5069	0.4848	0.5762	0.5568	0.6842	0.6648	1.0	0.7285
A8	0.5042	0.4792	0.5873	0.5623	0.6759	0.6482	0.7285	1.0
