	A1	A2	A3	A4	A5	A6	A7	A8
A1	1.0	0.7596	0.6736	0.632	0.6231	0.6825	0.543	0.5638
A2	0.7596	1.0	0.6558	0.6291	0.6231	0.6706	0.549	0.5638
A3	0.6736	0.6558	1.0	0.8902	0.6053	0.6409	0.549	0.5579
A4	0.632	0.6291	0.8902	1.0	0.5697	0.6083	0.5223	0.5223
A5	0.6231	0.6231	0.6053	0.5697	1.0	0.9021	0.6647	0.6795
A6	0.6825	0.6706	0.6409	0.6083	0.9021	1.0	0.727	0.7478
A7	0.543	0.549	0.549	0.5223	0.6647	0.727	1.0	0.7953
A8	0.5638	0.5638	0.5579	0.5223	0.6795	0.7478	0.7953	1.0
