	A1	A2	A3	A4	A5	A6	A7	A8
A1	1.0	0.7471	0.6802	0.6395	0.6279	0.686	0.5465	0.5698
A2	0.7471	1.0	0.6424	0.6134	0.6047	0.6512	0.532	0.5523
A3	0.6802	0.6424	1.0	0.8924	0.6076	0.6424	0.5552	0.564
A4	0.6395	0.6134	0.8924	1.0	0.5727	0.6105	0.5291	0.5291
A5	0.6279	0.6047	0.6076	0.5727	1.0	0.9041	0.6657	0.6831
A6	0.686	0.6512	0.6424	0.6105	0.9041	1.0	0.7297	0.7558
A7	0.5465	0.532	0.5552	0.5291	0.6657	0.7297	1.0	0.7907
A8	0.5698	0.5523	0.564	0.5291	0.6831	0.7558	0.7907	1.0
