	A1	A2	A3	A4	A5	A6	A7	A8
A1	1.0	0.7596	0.6736	0.632	0.6231	0.6825	0.5193	0.5401
A2	0.7596	1.0	0.6558	0.6291	0.6231	0.6706	0.5312	0.546
A3	0.6736	0.6558	1.0	0.8902	0.6053	0.6409	0.5193	0.5282
A4	0.632	0.6291	0.8902	1.0	0.5697	0.6083	0.5015	0.5015
A5	0.6231	0.6231	0.6053	0.5697	1.0	0.9021	0.6409	0.6528
A6	0.6825	0.6706	0.6409	0.6083	0.9021	1.0	0.6973	0.7151
A7	0.5193	0.5312	0.5193	0.5015	0.6409	0.6973	1.0	0.8042
A8	0.5401	0.546	0.5282	0.5015	0.6528	0.7151	0.8042	1.0
