	A1	A2	A3	A4	A5	A6	A7	A8
A1	1.0	0.752	0.696	0.6613	0.632	0.6933	0.5573	0.5627
A2	0.752	1.0	0.6587	0.6373	0.6107	0.6613	0.5413	0.5413
A3	0.696	0.6587	1.0	0.8987	0.6213	0.6613	0.568	0.5627
A4	0.6613	0.6373	0.8987	1.0	0.592	0.6347	0.5467	0.5333
A5	0.632	0.6107	0.6213	0.592	1.0	0.9013	0.6533	0.664
A6	0.6933	0.6613	0.6613	0.6347	0.9013	1.0	0.7173	0.7333
A7	0.5573	0.5413	0.568	0.5467	0.6533	0.7173	1.0	0.7787
A8	0.5627	0.5413	0.5627	0.5333	0.664	0.7333	0.7787	1.0
