	A1	A2	A3	A4	A5	A6	A7	A8
A1	1.0	0.7471	0.6802	0.6395	0.6279	0.686	0.5233	0.5465
A2	0.7471	1.0	0.6424	0.6134	0.6047	0.6512	0.5174	0.532
A3	0.6802	0.6424	1.0	0.8924	0.6076	0.6424	0.5262	0.5349
A4	0.6395	0.6134	0.8924	1.0	0.5727	0.6105	0.5087	0.5087
A5	0.6279	0.6047	0.6076	0.5727	1.0	0.9041	0.6424	0.657
A6	0.686	0.6512	0.6424	0.6105	0.9041	1.0	0.7006	0.7238
A7	0.5233	0.5174	0.5262	0.5087	0.6424	0.7006	1.0	0.7994
A8	0.5465	0.532	0.5349	0.5087	0.657	0.7238	0.7994	1.0
