	A5	A6	A7	A8	A1	A2	A3	A4
A5	1.0	0.6101	0.4809	0.5289	0.3715	0.4047	0.4096	0.401
A6	0.6101	1.0	0.4945	0.5683	0.3653	0.3985	0.4145	0.401
A7	0.4809	0.4945	1.0	0.6777	0.3383	0.3579	0.3985	0.3788
A8	0.5289	0.5683	0.6777	1.0	0.3764	0.4157	0.449	0.4403
A1	0.3715	0.3653	0.3383	0.3764	1.0	0.6433	0.4157	0.401
A2	0.4047	0.3985	0.3579	0.4157	0.6433	1.0	0.4059	0.4047
A3	0.4096	0.4145	0.3985	0.449	0.4157	0.4059	1.0	0.6814
A4	0.401	0.401	0.3788	0.4403	0.401	0.4047	0.6814	1.0
