	A1	A2	A3	A4	A5	A6	A7	A8
A1	1.0	0.8338	0.8202	0.8692	0.5395	0.4659	0.5858	0.6376
A2	0.8338	1.0	0.7956	0.8365	0.4932	0.4332	0.5395	0.594
A3	0.8202	0.7956	1.0	0.9373	0.5286	0.4605	0.5831	0.6431
A4	0.8692	0.8365	0.9373	1.0	0.564	0.4986	0.6131	0.6785
A5	0.5395	0.4932	0.5286	0.564	1.0	0.782	0.6894	0.7602
A6	0.4659	0.4332	0.4605	0.4986	0.782	1.0	0.5967	0.6703
A7	0.5858	0.5395	0.5831	0.6131	0.6894	0.5967	1.0	0.8474
A8	0.6376	0.594	0.6431	0.6785	0.7602	0.6703	0.8474	1.0
