	A1	A2	A3	A4	A5	A6	A8	A7
A1	1.0	0.657	0.4454	0.4329	0.3734	0.3845	0.4094	0.4053
A2	0.657	1.0	0.4274	0.4025	0.3721	0.3845	0.4385	0.3997
A3	0.4454	0.4274	1.0	0.6791	0.4564	0.4661	0.5048	0.4592
A4	0.4329	0.4025	0.6791	1.0	0.4108	0.4163	0.444	0.4094
A5	0.3734	0.3721	0.4564	0.4108	1.0	0.6349	0.5892	0.5104
A6	0.3845	0.3845	0.4661	0.4163	0.6349	1.0	0.5712	0.5035
A8	0.4094	0.4385	0.5048	0.444	0.5892	0.5712	1.0	0.6321
A7	0.4053	0.3997	0.4592	0.4094	0.5104	0.5035	0.6321	1.0
