	A7	A8	A5	A6	A1	A2	A3	A4
A7	1.0	0.7529	0.7529	0.8088	0.6147	0.6029	0.5941	0.5147
A8	0.7529	1.0	0.7471	0.8	0.6118	0.6118	0.5765	0.4912
A5	0.7529	0.7471	1.0	0.9206	0.6588	0.6412	0.6029	0.5235
A6	0.8088	0.8	0.9206	1.0	0.7059	0.6882	0.6559	0.5676
A1	0.6147	0.6118	0.6588	0.7059	1.0	0.9	0.7912	0.6324
A2	0.6029	0.6118	0.6412	0.6882	0.9	1.0	0.7676	0.6
A3	0.5941	0.5765	0.6029	0.6559	0.7912	0.7676	1.0	0.7912
A4	0.5147	0.4912	0.5235	0.5676	0.6324	0.6	0.7912	1.0
