	A1	A2	A3	A4	A5	A6	A7	A8
A1	1.0	0.9035	0.6988	0.6579	0.5175	0.5088	0.617	0.6053
A2	0.9035	1.0	0.7368	0.6842	0.5351	0.5234	0.6433	0.6228
A3	0.6988	0.7368	1.0	0.8216	0.5029	0.4942	0.6199	0.6082
A4	0.6579	0.6842	0.8216	1.0	0.4737	0.4678	0.576	0.5614
A5	0.5175	0.5351	0.5029	0.4737	1.0	0.9415	0.6433	0.6287
A6	0.5088	0.5234	0.4942	0.4678	0.9415	1.0	0.6316	0.614
A7	0.617	0.6433	0.6199	0.576	0.6433	0.6316	1.0	0.8567
A8	0.6053	0.6228	0.6082	0.5614	0.6287	0.614	0.8567	1.0
