	A5	A6	A7	A8	A1	A2	A3	A4
A5	1.0	0.5227	0.428	0.447	0.4508	0.4545	0.4659	0.4356
A6	0.5227	1.0	0.4129	0.4811	0.5076	0.4318	0.4924	0.447
A7	0.428	0.4129	1.0	0.4432	0.3788	0.4053	0.3939	0.3788
A8	0.447	0.4811	0.4432	1.0	0.3902	0.3788	0.4924	0.428
A1	0.4508	0.5076	0.3788	0.3902	1.0	0.5265	0.4697	0.4394
A2	0.4545	0.4318	0.4053	0.3788	0.5265	1.0	0.4924	0.3864
A3	0.4659	0.4924	0.3939	0.4924	0.4697	0.4924	1.0	0.553
A4	0.4356	0.447	0.3788	0.428	0.4394	0.3864	0.553	1.0
