	A5	A6	A7	A8	A1	A2	A3	A4
A5	1.0	0.6203	0.4873	0.5582	0.3443	0.3468	0.3595	0.3241
A6	0.6203	1.0	0.4911	0.5911	0.3646	0.3557	0.3506	0.3253
A7	0.4873	0.4911	1.0	0.6519	0.3177	0.362	0.3532	0.343
A8	0.5582	0.5911	0.6519	1.0	0.3759	0.3835	0.3911	0.3595
A1	0.3443	0.3646	0.3177	0.3759	1.0	0.6544	0.4152	0.4177
A2	0.3468	0.3557	0.362	0.3835	0.6544	1.0	0.4456	0.4418
A3	0.3595	0.3506	0.3532	0.3911	0.4152	0.4456	1.0	0.781
A4	0.3241	0.3253	0.343	0.3595	0.4177	0.4418	0.781	1.0
