	A5	A6	A7	A8	A1	A2	A3	A4
A5	1.0	0.6762	0.5587	0.6116	0.4328	0.3365	0.4508	0.4296
A6	0.6762	1.0	0.5672	0.637	0.4582	0.3492	0.4487	0.4328
A7	0.5587	0.5672	1.0	0.6847	0.418	0.3534	0.4423	0.437
A8	0.6116	0.637	0.6847	1.0	0.4529	0.3598	0.4772	0.4487
A1	0.4328	0.4582	0.418	0.4529	1.0	0.6148	0.5005	0.5079
A2	0.3365	0.3492	0.3534	0.3598	0.6148	1.0	0.4434	0.4381
A3	0.4508	0.4487	0.4423	0.4772	0.5005	0.4434	1.0	0.7873
A4	0.4296	0.4328	0.437	0.4487	0.5079	0.4381	0.7873	1.0
