	A5	A6	A7	A8	A1	A2	A3	A4
A5	1.0	0.5718	0.5097	0.5876	0.3017	0.3881	0.4051	0.4075
A6	0.5718	1.0	0.5158	0.5718	0.3382	0.3942	0.438	0.4343
A7	0.5097	0.5158	1.0	0.6569	0.3212	0.3942	0.4294	0.4063
A8	0.5876	0.5718	0.6569	1.0	0.3637	0.438	0.4878	0.4599
A1	0.3017	0.3382	0.3212	0.3637	1.0	0.5973	0.4319	0.3978
A2	0.3881	0.3942	0.3942	0.438	0.5973	1.0	0.5061	0.5024
A3	0.4051	0.438	0.4294	0.4878	0.4319	0.5061	1.0	0.7129
A4	0.4075	0.4343	0.4063	0.4599	0.3978	0.5024	0.7129	1.0
