	A1	A2	A3	A4	A5	A6	A7	A8
A1	1.0	0.8576	0.6647	0.6528	0.4837	0.5638	0.5282	0.5193
A2	0.8576	1.0	0.7062	0.6944	0.5074	0.5964	0.5519	0.543
A3	0.6647	0.7062	1.0	0.9288	0.6677	0.7715	0.7211	0.7092
A4	0.6528	0.6944	0.9288	1.0	0.6677	0.7596	0.7033	0.6855
A5	0.4837	0.5074	0.6677	0.6677	1.0	0.8457	0.7656	0.7715
A6	0.5638	0.5964	0.7715	0.7596	0.8457	1.0	0.8665	0.8635
A7	0.5282	0.5519	0.7211	0.7033	0.7656	0.8665	1.0	0.8932
A8	0.5193	0.543	0.7092	0.6855	0.7715	0.8635	0.8932	1.0
