	A1	A2	A3	A4	A5	A6	A7	A8
A1	1.0	0.8516	0.7003	0.6825	0.5104	0.5905	0.5519	0.543
A2	0.8516	1.0	0.7448	0.727	0.5341	0.6231	0.5757	0.5668
A3	0.7003	0.7448	1.0	0.9288	0.6677	0.7715	0.7211	0.7092
A4	0.6825	0.727	0.9288	1.0	0.6677	0.7596	0.7033	0.6855
A5	0.5104	0.5341	0.6677	0.6677	1.0	0.8457	0.7656	0.7715
A6	0.5905	0.6231	0.7715	0.7596	0.8457	1.0	0.8665	0.8635
A7	0.5519	0.5757	0.7211	0.7033	0.7656	0.8665	1.0	0.8932
A8	0.543	0.5668	0.7092	0.6855	0.7715	0.8635	0.8932	1.0
