	A1	A2	A3	A4	A5	A6	A7	A8
A1	1.0	0.9576	0.6441	0.7316	0.7034	0.7119	0.6582	0.6695
A2	0.9576	1.0	0.6554	0.7429	0.7062	0.7175	0.6638	0.6723
A3	0.6441	0.6554	1.0	0.8729	0.6441	0.6525	0.6102	0.6299
A4	0.7316	0.7429	0.8729	1.0	0.7316	0.7401	0.6893	0.7034
A5	0.7034	0.7062	0.6441	0.7316	1.0	0.887	0.7034	0.7147
A6	0.7119	0.7175	0.6525	0.7401	0.887	1.0	0.7147	0.7345
A7	0.6582	0.6638	0.6102	0.6893	0.7034	0.7147	1.0	0.8107
A8	0.6695	0.6723	0.6299	0.7034	0.7147	0.7345	0.8107	1.0
