	A5	A6	A7	A8	A1	A2	A3	A4
A5	1.0	0.6265	0.4384	0.4781	0.4252	0.4212	0.4159	0.3748
A6	0.6265	1.0	0.4424	0.4834	0.4384	0.453	0.4013	0.3722
A7	0.4384	0.4424	1.0	0.6013	0.3391	0.3404	0.3298	0.2914
A8	0.4781	0.4834	0.6013	1.0	0.351	0.3629	0.3735	0.3192
A1	0.4252	0.4384	0.3391	0.351	1.0	0.7338	0.4119	0.3801
A2	0.4212	0.453	0.3404	0.3629	0.7338	1.0	0.4384	0.3934
A3	0.4159	0.4013	0.3298	0.3735	0.4119	0.4384	1.0	0.6689
A4	0.3748	0.3722	0.2914	0.3192	0.3801	0.3934	0.6689	1.0
