	A8	A7	A5	A6	A3	A4	A1	A2
A8	1.0	0.7946	0.7251	0.713	0.3776	0.3686	0.4381	0.4109
A7	0.7946	1.0	0.8036	0.8006	0.4381	0.423	0.4985	0.4622
A5	0.7251	0.8036	1.0	0.9094	0.4139	0.3988	0.4713	0.4441
A6	0.713	0.8006	0.9094	1.0	0.4048	0.3988	0.4683	0.4411
A3	0.3776	0.4381	0.4139	0.4048	1.0	0.8701	0.6949	0.6465
A4	0.3686	0.423	0.3988	0.3988	0.8701	1.0	0.6798	0.6284
A1	0.4381	0.4985	0.4713	0.4683	0.6949	0.6798	1.0	0.8701
A2	0.4109	0.4622	0.4441	0.4411	0.6465	0.6284	0.8701	1.0
