	A1	A2	A3	A4	A5	A6	A7	A8
A1	1.0	0.7147	0.6824	0.6559	0.5588	0.5206	0.5353	0.5
A2	0.7147	1.0	0.7794	0.7206	0.6118	0.5706	0.6059	0.55
A3	0.6824	0.7794	1.0	0.7353	0.6059	0.5735	0.6118	0.55
A4	0.6559	0.7206	0.7353	1.0	0.5971	0.5412	0.5765	0.5294
A5	0.5588	0.6118	0.6059	0.5971	1.0	0.7206	0.7235	0.6588
A6	0.5206	0.5706	0.5735	0.5412	0.7206	1.0	0.7941	0.7176
A7	0.5353	0.6059	0.6118	0.5765	0.7235	0.7941	1.0	0.8059
A8	0.5	0.55	0.55	0.5294	0.6588	0.7176	0.8059	1.0
