	A1	A2	A3	A4	A5	A6	A7	A8
A1	1.0	0.6971	0.6618	0.6412	0.5206	0.5588	0.5824	0.5382
A2	0.6971	1.0	0.7588	0.7	0.5735	0.6088	0.6471	0.5882
A3	0.6618	0.7588	1.0	0.7147	0.5676	0.6118	0.65	0.5853
A4	0.6412	0.7	0.7147	1.0	0.5559	0.5794	0.6176	0.5706
A5	0.5206	0.5735	0.5676	0.5559	1.0	0.7529	0.7559	0.6824
A6	0.5588	0.6088	0.6118	0.5794	0.7529	1.0	0.7941	0.7176
A7	0.5824	0.6471	0.65	0.6176	0.7559	0.7941	1.0	0.8059
A8	0.5382	0.5882	0.5853	0.5706	0.6824	0.7176	0.8059	1.0
