	A1	A2	A3	A4	A5	A6	A7	A8
A1	1.0	0.6892	0.6054	0.7486	0.5486	0.673	0.6595	0.6514
A2	0.6892	1.0	0.5054	0.5973	0.4514	0.5514	0.5378	0.527
A3	0.6054	0.5054	1.0	0.7973	0.4378	0.5378	0.5243	0.5108
A4	0.7486	0.5973	0.7973	1.0	0.5405	0.6514	0.6405	0.6297
A5	0.5486	0.4514	0.4378	0.5405	1.0	0.8108	0.6189	0.6135
A6	0.673	0.5514	0.5378	0.6514	0.8108	1.0	0.7622	0.7541
A7	0.6595	0.5378	0.5243	0.6405	0.6189	0.7622	1.0	0.9108
A8	0.6514	0.527	0.5108	0.6297	0.6135	0.7541	0.9108	1.0
