	A1	A2	A3	A4	A5	A6	A7	A8
A1	1.0	0.6959	0.576	0.7281	0.5409	0.6696	0.6637	0.6579
A2	0.6959	1.0	0.5	0.5965	0.4561	0.5585	0.5439	0.5351
A3	0.576	0.5	1.0	0.7836	0.424	0.5263	0.5205	0.5088
A4	0.7281	0.5965	0.7836	1.0	0.5322	0.6462	0.6433	0.6345
A5	0.5409	0.4561	0.424	0.5322	1.0	0.8041	0.6374	0.6345
A6	0.6696	0.5585	0.5263	0.6462	0.8041	1.0	0.7865	0.7807
A7	0.6637	0.5439	0.5205	0.6433	0.6374	0.7865	1.0	0.9123
A8	0.6579	0.5351	0.5088	0.6345	0.6345	0.7807	0.9123	1.0
