	A1	A2	A3	A4	A5	A6	A7	A8
A1	1.0	0.9708	0.7661	0.6813	0.7544	0.7018	0.5585	0.6228
A2	0.9708	1.0	0.7485	0.6667	0.7368	0.6842	0.5497	0.6111
A3	0.7661	0.7485	1.0	0.7982	0.6462	0.5965	0.4854	0.5409
A4	0.6813	0.6667	0.7982	1.0	0.5702	0.5263	0.4064	0.4591
A5	0.7544	0.7368	0.6462	0.5702	1.0	0.9357	0.6667	0.7632
A6	0.7018	0.6842	0.5965	0.5263	0.9357	1.0	0.6228	0.7164
A7	0.5585	0.5497	0.4854	0.4064	0.6667	0.6228	1.0	0.769
A8	0.6228	0.6111	0.5409	0.4591	0.7632	0.7164	0.769	1.0
