	A1	A2	A3	A4	A5	A6	A7	A8
A1	1.0	0.9707	0.7713	0.7273	0.7566	0.7038	0.5572	0.6188
A2	0.9707	1.0	0.7537	0.7126	0.739	0.6862	0.5484	0.607
A3	0.7713	0.7537	1.0	0.8475	0.6481	0.5982	0.4868	0.5396
A4	0.7273	0.7126	0.8475	1.0	0.6041	0.5572	0.434	0.4897
A5	0.7566	0.739	0.6481	0.6041	1.0	0.9355	0.6657	0.7625
A6	0.7038	0.6862	0.5982	0.5572	0.9355	1.0	0.6217	0.7155
A7	0.5572	0.5484	0.4868	0.434	0.6657	0.6217	1.0	0.7683
A8	0.6188	0.607	0.5396	0.4897	0.7625	0.7155	0.7683	1.0
