	A1	A2	A3	A4	A5	A6	A7	A8
A1	1.0	0.9722	0.7722	0.7417	0.7694	0.7194	0.5528	0.6167
A2	0.9722	1.0	0.7556	0.7278	0.7528	0.7028	0.5444	0.6056
A3	0.7722	0.7556	1.0	0.8444	0.6556	0.6083	0.4778	0.5333
A4	0.7417	0.7278	0.8444	1.0	0.625	0.5806	0.4361	0.4944
A5	0.7694	0.7528	0.6556	0.625	1.0	0.9389	0.6556	0.7528
A6	0.7194	0.7028	0.6083	0.5806	0.9389	1.0	0.6139	0.7083
A7	0.5528	0.5444	0.4778	0.4361	0.6556	0.6139	1.0	0.7389
A8	0.6167	0.6056	0.5333	0.4944	0.7528	0.7083	0.7389	1.0
