	A5	A6	A7	A8	A1	A2	A3	A4
A5	1.0	0.3903	0.3011	0.3532	0.4126	0.4238	0.4126	0.3309
A6	0.3903	1.0	0.4684	0.5353	0.4387	0.4312	0.4647	0.4944
A7	0.3011	0.4684	1.0	0.4833	0.3866	0.4164	0.4126	0.3643
A8	0.3532	0.5353	0.4833	1.0	0.4238	0.4126	0.4424	0.4424
A1	0.4126	0.4387	0.3866	0.4238	1.0	0.5836	0.4535	0.513
A2	0.4238	0.4312	0.4164	0.4126	0.5836	1.0	0.4907	0.4498
A3	0.4126	0.4647	0.4126	0.4424	0.4535	0.4907	1.0	0.6059
A4	0.3309	0.4944	0.3643	0.4424	0.513	0.4498	0.6059	1.0
