	A1	A2	A3	A5	A6	A7	A8
A1	1.0	0.762	0.5331	0.3946	0.4157	0.4006	0.4187
A2	0.762	1.0	0.4548	0.3434	0.3795	0.3494	0.3705
A3	0.5331	0.4548	1.0	0.4458	0.4398	0.4217	0.4367
A5	0.3946	0.3434	0.4458	1.0	0.738	0.6807	0.7139
A6	0.4157	0.3795	0.4398	0.738	1.0	0.7199	0.744
A7	0.4006	0.3494	0.4217	0.6807	0.7199	1.0	0.9247
A8	0.4187	0.3705	0.4367	0.7139	0.744	0.9247	1.0
