	A5	A6	A7	A8	A1	A2	A3	A4
A5	1.0	0.6436	0.4408	0.517	0.286	0.2978	0.3494	0.32
A6	0.6436	1.0	0.4443	0.5311	0.3036	0.3365	0.3447	0.3247
A7	0.4408	0.4443	1.0	0.5522	0.3306	0.3658	0.3763	0.2966
A8	0.517	0.5311	0.5522	1.0	0.3505	0.3576	0.3927	0.3798
A1	0.286	0.3036	0.3306	0.3505	1.0	0.6589	0.3376	0.2907
A2	0.2978	0.3365	0.3658	0.3576	0.6589	1.0	0.34	0.2849
A3	0.3494	0.3447	0.3763	0.3927	0.3376	0.34	1.0	0.5838
A4	0.32	0.3247	0.2966	0.3798	0.2907	0.2849	0.5838	1.0
