	A1	A2	A3	A4	A5	A6	A7	A8
A1	1.0	0.9188	0.7913	0.7333	0.5507	0.5565	0.6029	0.4928
A2	0.9188	1.0	0.7739	0.713	0.5362	0.5594	0.5971	0.4812
A3	0.7913	0.7739	1.0	0.829	0.5681	0.5826	0.6261	0.5014
A4	0.7333	0.713	0.829	1.0	0.5043	0.5333	0.5623	0.458
A5	0.5507	0.5362	0.5681	0.5043	1.0	0.8058	0.7826	0.6348
A6	0.5565	0.5594	0.5826	0.5333	0.8058	1.0	0.7768	0.6377
A7	0.6029	0.5971	0.6261	0.5623	0.7826	0.7768	1.0	0.7188
A8	0.4928	0.4812	0.5014	0.458	0.6348	0.6377	0.7188	1.0
