	A1	A2	A3	A4	A5	A6	A7	A8
A1	1.0	0.9243	0.7919	0.7405	0.5676	0.5541	0.6108	0.5351
A2	0.9243	1.0	0.7757	0.7216	0.5541	0.5568	0.6054	0.5243
A3	0.7919	0.7757	1.0	0.8378	0.5919	0.5865	0.6405	0.5568
A4	0.7405	0.7216	0.8378	1.0	0.5351	0.5432	0.5838	0.5081
A5	0.5676	0.5541	0.5919	0.5351	1.0	0.8108	0.7865	0.6892
A6	0.5541	0.5568	0.5865	0.5432	0.8108	1.0	0.7622	0.6703
A7	0.6108	0.6054	0.6405	0.5838	0.7865	0.7622	1.0	0.7649
A8	0.5351	0.5243	0.5568	0.5081	0.6892	0.6703	0.7649	1.0
