	A1	A2	A3	A5	A6	A7	A8
A1	1.0	0.7015	0.6708	0.5138	0.4892	0.4892	0.4892
A2	0.7015	1.0	0.6862	0.5508	0.4892	0.4892	0.5015
A3	0.6708	0.6862	1.0	0.5846	0.5077	0.5046	0.5323
A5	0.5138	0.5508	0.5846	1.0	0.7569	0.6215	0.6769
A6	0.4892	0.4892	0.5077	0.7569	1.0	0.5508	0.5785
A7	0.4892	0.4892	0.5046	0.6215	0.5508	1.0	0.6769
A8	0.4892	0.5015	0.5323	0.6769	0.5785	0.6769	1.0
