	A1	A2	A3	A5	A6	A7	A8
A1	1.0	0.7003	0.6636	0.5138	0.4893	0.4985	0.4985
A2	0.7003	1.0	0.682	0.5505	0.4924	0.4862	0.4985
A3	0.6636	0.682	1.0	0.578	0.5046	0.5015	0.5291
A5	0.5138	0.5505	0.578	1.0	0.7584	0.6239	0.6728
A6	0.4893	0.4924	0.5046	0.7584	1.0	0.5535	0.578
A7	0.4985	0.4862	0.5015	0.6239	0.5535	1.0	0.685
A8	0.4985	0.4985	0.5291	0.6728	0.578	0.685	1.0
