	A1	A2	A3	A4	A5	A6	A7	A8
A1	1.0	0.7109	0.6737	0.5358	0.5199	0.5252	0.5066	0.5066
A2	0.7109	1.0	0.6844	0.5332	0.5491	0.5332	0.4934	0.504
A3	0.6737	0.6844	1.0	0.7401	0.5676	0.5411	0.5013	0.5252
A4	0.5358	0.5332	0.7401	1.0	0.4589	0.4377	0.4138	0.4324
A5	0.5199	0.5491	0.5676	0.4589	1.0	0.8143	0.6525	0.695
A6	0.5252	0.5332	0.5411	0.4377	0.8143	1.0	0.634	0.6552
A7	0.5066	0.4934	0.5013	0.4138	0.6525	0.634	1.0	0.7056
A8	0.5066	0.504	0.5252	0.4324	0.695	0.6552	0.7056	1.0
