	A1	A2	A3	A4	A5	A6	A7	A8
A1	1.0	0.705	0.6696	0.5339	0.4926	0.4897	0.469	0.469
A2	0.705	1.0	0.6903	0.5398	0.528	0.5074	0.469	0.4808
A3	0.6696	0.6903	1.0	0.7345	0.5605	0.528	0.4838	0.5103
A4	0.5339	0.5398	0.7345	1.0	0.4543	0.4307	0.4041	0.4218
A5	0.4926	0.528	0.5605	0.4543	1.0	0.8171	0.6372	0.6903
A6	0.4897	0.5074	0.528	0.4307	0.8171	1.0	0.6165	0.6431
A7	0.469	0.469	0.4838	0.4041	0.6372	0.6165	1.0	0.6903
A8	0.469	0.4808	0.5103	0.4218	0.6903	0.6431	0.6903	1.0
