	A1	A2	A3	A4	A5	A6	A7	A8
A1	1.0	0.7067	0.6686	0.5308	0.4927	0.4985	0.478	0.478
A2	0.7067	1.0	0.6862	0.5337	0.5279	0.5103	0.4663	0.478
A3	0.6686	0.6862	1.0	0.7331	0.5543	0.5249	0.4809	0.5073
A4	0.5308	0.5337	0.7331	1.0	0.4487	0.4252	0.3988	0.4194
A5	0.4927	0.5279	0.5543	0.4487	1.0	0.8182	0.6393	0.6862
A6	0.4985	0.5103	0.5249	0.4252	0.8182	1.0	0.6188	0.6422
A7	0.478	0.4663	0.4809	0.3988	0.6393	0.6188	1.0	0.6979
A8	0.478	0.478	0.5073	0.4194	0.6862	0.6422	0.6979	1.0
