	A1	A2	A3	A4	A5	A6	A7	A8
A1	1.0	0.9373	0.7672	0.7493	0.7254	0.6896	0.6985	0.7612
A2	0.9373	1.0	0.7791	0.7463	0.7254	0.6896	0.7045	0.7701
A3	0.7672	0.7791	1.0	0.8388	0.7672	0.7224	0.7463	0.8209
A4	0.7493	0.7463	0.8388	1.0	0.7493	0.7015	0.7373	0.8
A5	0.7254	0.7254	0.7672	0.7493	1.0	0.809	0.7552	0.8239
A6	0.6896	0.6896	0.7224	0.7015	0.809	1.0	0.6925	0.7612
A7	0.6985	0.7045	0.7463	0.7373	0.7552	0.6925	1.0	0.8806
A8	0.7612	0.7701	0.8209	0.8	0.8239	0.7612	0.8806	1.0
