	A7	A8	A5	A6	A3	A4	A1	A2
A7	1.0	0.8663	0.6541	0.718	0.4767	0.4767	0.4971	0.4157
A8	0.8663	1.0	0.6134	0.6802	0.4506	0.4506	0.4797	0.3924
A5	0.6541	0.6134	1.0	0.8837	0.4012	0.4157	0.4041	0.3459
A6	0.718	0.6802	0.8837	1.0	0.4477	0.4593	0.4477	0.3866
A3	0.4767	0.4506	0.4012	0.4477	1.0	0.8372	0.6541	0.5349
A4	0.4767	0.4506	0.4157	0.4593	0.8372	1.0	0.6541	0.5378
A1	0.4971	0.4797	0.4041	0.4477	0.6541	0.6541	1.0	0.7878
A2	0.4157	0.3924	0.3459	0.3866	0.5349	0.5378	0.7878	1.0
