	A2	A3	A4	A5	A6	A7	A8
A2	1.0	0.5794	0.6118	0.5853	0.5235	0.5382	0.5265
A3	0.5794	1.0	0.7029	0.6971	0.6235	0.6235	0.6176
A4	0.6118	0.7029	1.0	0.5912	0.5324	0.5441	0.5235
A5	0.5853	0.6971	0.5912	1.0	0.7941	0.8	0.7941
A6	0.5235	0.6235	0.5324	0.7941	1.0	0.7176	0.7059
A7	0.5382	0.6235	0.5441	0.8	0.7176	1.0	0.8706
A8	0.5265	0.6176	0.5235	0.7941	0.7059	0.8706	1.0
