	A5	A6	A7	A8	A1	A2	A3	A4
A5	1.0	0.292	0.168	0.212	0.108	0.124	0.144	0.144
A6	0.292	1.0	0.176	0.244	0.136	0.116	0.144	0.136
A7	0.168	0.176	1.0	0.324	0.104	0.092	0.14	0.148
A8	0.212	0.244	0.324	1.0	0.132	0.124	0.152	0.156
A1	0.108	0.136	0.104	0.132	1.0	0.364	0.136	0.128
A2	0.124	0.116	0.092	0.124	0.364	1.0	0.136	0.132
A3	0.144	0.144	0.14	0.152	0.136	0.136	1.0	0.376
A4	0.144	0.136	0.148	0.156	0.128	0.132	0.376	1.0
