	A1	A2	A3	A4	A5	A6	A7	A8
A1	1.0	0.7557	0.6465	0.6299	0.6134	0.6125	0.6428	0.6309
A2	0.7557	1.0	0.6198	0.6162	0.5868	0.5895	0.6006	0.6033
A3	0.6465	0.6198	1.0	0.6492	0.5868	0.5785	0.5914	0.6015
A4	0.6299	0.6162	0.6492	1.0	0.5868	0.5923	0.6024	0.6171
A5	0.6134	0.5868	0.5868	0.5868	1.0	0.9174	0.6602	0.6492
A6	0.6125	0.5895	0.5785	0.5923	0.9174	1.0	0.6667	0.6538
A7	0.6428	0.6006	0.5914	0.6024	0.6602	0.6667	1.0	0.7723
A8	0.6309	0.6033	0.6015	0.6171	0.6492	0.6538	0.7723	1.0
