	A5	A6	A7	A8	A1	A2	A3	A4
A5	1.0	0.3922	0.3451	0.3961	0.4039	0.4471	0.4039	0.3961
A6	0.3922	1.0	0.3765	0.3922	0.3373	0.302	0.3451	0.3569
A7	0.3451	0.3765	1.0	0.4745	0.4	0.4353	0.3569	0.3725
A8	0.3961	0.3922	0.4745	1.0	0.349	0.3843	0.3961	0.3647
A1	0.4039	0.3373	0.4	0.349	1.0	0.5176	0.4196	0.4275
A2	0.4471	0.302	0.4353	0.3843	0.5176	1.0	0.4706	0.4588
A3	0.4039	0.3451	0.3569	0.3961	0.4196	0.4706	1.0	0.3686
A4	0.3961	0.3569	0.3725	0.3647	0.4275	0.4588	0.3686	1.0
