	A1	A2	A3	A4	A5	A6	A7	A8
A1	1.0	0.7541	0.6011	0.5109	0.5929	0.6038	0.6339	0.6503
A2	0.7541	1.0	0.6749	0.5738	0.6776	0.6967	0.7268	0.7404
A3	0.6011	0.6749	1.0	0.8197	0.5738	0.6011	0.623	0.623
A4	0.5109	0.5738	0.8197	1.0	0.5055	0.5219	0.541	0.5219
A5	0.5929	0.6776	0.5738	0.5055	1.0	0.8552	0.7104	0.7295
A6	0.6038	0.6967	0.6011	0.5219	0.8552	1.0	0.7295	0.7514
A7	0.6339	0.7268	0.623	0.541	0.7104	0.7295	1.0	0.8361
A8	0.6503	0.7404	0.623	0.5219	0.7295	0.7514	0.8361	1.0
