	A1	A2	A4	A5	A6	A7	A8
A1	1.0	0.8866	0.7522	0.597	0.6	0.4418	0.4567
A2	0.8866	1.0	0.7164	0.5582	0.5612	0.409	0.4239
A4	0.7522	0.7164	1.0	0.5821	0.5851	0.4179	0.4448
A5	0.597	0.5582	0.5821	1.0	0.9881	0.6507	0.6627
A6	0.6	0.5612	0.5851	0.9881	1.0	0.6537	0.6716
A7	0.4418	0.409	0.4179	0.6507	0.6537	1.0	0.7045
A8	0.4567	0.4239	0.4448	0.6627	0.6716	0.7045	1.0
