	A1	A2	A3	A4	A5	A6	A7	A8
A1	1.0	0.8692	0.6403	0.752	0.6403	0.6431	0.515	0.515
A2	0.8692	1.0	0.6076	0.6948	0.5804	0.5831	0.4632	0.4605
A3	0.6403	0.6076	1.0	0.8338	0.5368	0.545	0.4251	0.4387
A4	0.752	0.6948	0.8338	1.0	0.6322	0.6349	0.4986	0.5123
A5	0.6403	0.5804	0.5368	0.6322	1.0	0.9891	0.6512	0.673
A6	0.6431	0.5831	0.545	0.6349	0.9891	1.0	0.654	0.6812
A7	0.515	0.4632	0.4251	0.4986	0.6512	0.654	1.0	0.7166
A8	0.515	0.4605	0.4387	0.5123	0.673	0.6812	0.7166	1.0
