	A7	A8	A5	A6	A3	A4	A1	A2
A7	1.0	0.8825	0.8087	0.7486	0.6639	0.6148	0.5355	0.5792
A8	0.8825	1.0	0.8005	0.7404	0.6557	0.6093	0.5437	0.571
A5	0.8087	0.8005	1.0	0.8279	0.7186	0.6585	0.5738	0.6066
A6	0.7486	0.7404	0.8279	1.0	0.6667	0.612	0.5328	0.5628
A3	0.6639	0.6557	0.7186	0.6667	1.0	0.7896	0.5929	0.6202
A4	0.6148	0.6093	0.6585	0.612	0.7896	1.0	0.5738	0.6066
A1	0.5355	0.5437	0.5738	0.5328	0.5929	0.5738	1.0	0.7705
A2	0.5792	0.571	0.6066	0.5628	0.6202	0.6066	0.7705	1.0
