	A7	A8	A5	A6	A3	A4	A1	A2
A7	1.0	0.8876	0.8195	0.7544	0.6509	0.6006	0.5414	0.5888
A8	0.8876	1.0	0.7959	0.7308	0.6331	0.5888	0.5355	0.5651
A5	0.8195	0.7959	1.0	0.8254	0.713	0.6538	0.5799	0.6154
A6	0.7544	0.7308	0.8254	1.0	0.6568	0.6036	0.5355	0.568
A3	0.6509	0.6331	0.713	0.6568	1.0	0.7781	0.5947	0.6243
A4	0.6006	0.5888	0.6538	0.6036	0.7781	1.0	0.5799	0.6154
A1	0.5414	0.5355	0.5799	0.5355	0.5947	0.5799	1.0	0.784
A2	0.5888	0.5651	0.6154	0.568	0.6243	0.6154	0.784	1.0
