	A1	A2	A3	A4	A5	A6	A7	A8
A1	1.0	0.8232	0.686	0.6412	0.504	0.4644	0.5462	0.4881
A2	0.8232	1.0	0.7731	0.715	0.5409	0.5119	0.6174	0.5673
A3	0.686	0.7731	1.0	0.9261	0.6042	0.562	0.6755	0.6148
A4	0.6412	0.715	0.9261	1.0	0.5699	0.5303	0.6201	0.5594
A5	0.504	0.5409	0.6042	0.5699	1.0	0.9182	0.7546	0.6966
A6	0.4644	0.5119	0.562	0.5303	0.9182	1.0	0.7098	0.6596
A7	0.5462	0.6174	0.6755	0.6201	0.7546	0.7098	1.0	0.8865
A8	0.4881	0.5673	0.6148	0.5594	0.6966	0.6596	0.8865	1.0
