	A5	A8	A6	A7	A4	A1	A2	A3
A5	1.0	0.6964	0.75	0.7589	0.5774	0.5476	0.5952	0.5833
A8	0.6964	1.0	0.7321	0.8155	0.5952	0.5714	0.6101	0.6042
A6	0.75	0.7321	1.0	0.7976	0.6012	0.5952	0.628	0.628
A7	0.7589	0.8155	0.7976	1.0	0.6429	0.6161	0.6696	0.6637
A4	0.5774	0.5952	0.6012	0.6429	1.0	0.6786	0.7113	0.7232
A1	0.5476	0.5714	0.5952	0.6161	0.6786	1.0	0.7351	0.6905
A2	0.5952	0.6101	0.628	0.6696	0.7113	0.7351	1.0	0.753
A3	0.5833	0.6042	0.628	0.6637	0.7232	0.6905	0.753	1.0
