	A1	A2	A3	A4	A5	A6	A7	A8
A1	1.0	0.6725	0.5702	0.5497	0.4649	0.4532	0.424	0.4474
A2	0.6725	1.0	0.6287	0.617	0.5234	0.5088	0.5526	0.5819
A3	0.5702	0.6287	1.0	0.7427	0.5322	0.4825	0.4649	0.5146
A4	0.5497	0.617	0.7427	1.0	0.4678	0.4386	0.4561	0.4795
A5	0.4649	0.5234	0.5322	0.4678	1.0	0.769	0.4766	0.5117
A6	0.4532	0.5088	0.4825	0.4386	0.769	1.0	0.4591	0.4883
A7	0.424	0.5526	0.4649	0.4561	0.4766	0.4591	1.0	0.7222
A8	0.4474	0.5819	0.5146	0.4795	0.5117	0.4883	0.7222	1.0
