	A1	A2	A3	A4	A5	A6	A7	A8
A1	1.0	0.7775	0.7861	0.7803	0.7081	0.7197	0.6676	0.6503
A2	0.7775	1.0	0.659	0.6387	0.5896	0.6098	0.5636	0.5462
A3	0.7861	0.659	1.0	0.8439	0.6879	0.7023	0.6474	0.6272
A4	0.7803	0.6387	0.8439	1.0	0.6908	0.7023	0.6503	0.6329
A5	0.7081	0.5896	0.6879	0.6908	1.0	0.9017	0.7254	0.7081
A6	0.7197	0.6098	0.7023	0.7023	0.9017	1.0	0.7457	0.7283
A7	0.6676	0.5636	0.6474	0.6503	0.7254	0.7457	1.0	0.9624
A8	0.6503	0.5462	0.6272	0.6329	0.7081	0.7283	0.9624	1.0
