	A1	A2	A3	A4	A5	A6	A7	A8
A1	1.0	0.8319	0.7855	0.7826	0.7101	0.7217	0.6812	0.6638
A2	0.8319	1.0	0.7101	0.6986	0.6435	0.6638	0.6232	0.6058
A3	0.7855	0.7101	1.0	0.8464	0.6899	0.7043	0.6609	0.6406
A4	0.7826	0.6986	0.8464	1.0	0.6986	0.7101	0.6667	0.6493
A5	0.7101	0.6435	0.6899	0.6986	1.0	0.9014	0.7391	0.7217
A6	0.7217	0.6638	0.7043	0.7101	0.9014	1.0	0.7594	0.742
A7	0.6812	0.6232	0.6609	0.6667	0.7391	0.7594	1.0	0.9623
A8	0.6638	0.6058	0.6406	0.6493	0.7217	0.742	0.9623	1.0
