	A5	A1	A6	A2	A4	A3	A7	A8
A5	1.0	0.3127	0.4247	0.3822	0.3707	0.3668	0.3668	0.3552
A1	0.3127	1.0	0.3707	0.4788	0.4749	0.4286	0.4208	0.4015
A6	0.4247	0.3707	1.0	0.3977	0.39	0.3977	0.417	0.4556
A2	0.3822	0.4788	0.3977	1.0	0.4633	0.4402	0.3861	0.4402
A4	0.3707	0.4749	0.39	0.4633	1.0	0.5019	0.4749	0.4015
A3	0.3668	0.4286	0.3977	0.4402	0.5019	1.0	0.3977	0.4556
A7	0.3668	0.4208	0.417	0.3861	0.4749	0.3977	1.0	0.4054
A8	0.3552	0.4015	0.4556	0.4402	0.4015	0.4556	0.4054	1.0
