	A5	A6	A7	A8	A1	A2	A3	A4
A5	1.0	0.5589	0.4776	0.5422	0.4338	0.4004	0.4932	0.4359
A6	0.5589	1.0	0.5641	0.6257	0.5068	0.5068	0.5547	0.5141
A7	0.4776	0.5641	1.0	0.6799	0.5057	0.4682	0.5589	0.5235
A8	0.5422	0.6257	0.6799	1.0	0.5725	0.5464	0.6194	0.5683
A1	0.4338	0.5068	0.5057	0.5725	1.0	0.683	0.5527	0.513
A2	0.4004	0.5068	0.4682	0.5464	0.683	1.0	0.5203	0.4922
A3	0.4932	0.5547	0.5589	0.6194	0.5527	0.5203	1.0	0.7414
A4	0.4359	0.5141	0.5235	0.5683	0.513	0.4922	0.7414	1.0
