	A5	A6	A7	A8	A1	A2	A3	A4
A5	1.0	0.272	0.144	0.208	0.108	0.124	0.152	0.104
A6	0.272	1.0	0.2	0.248	0.144	0.156	0.152	0.136
A7	0.144	0.2	1.0	0.316	0.136	0.132	0.148	0.128
A8	0.208	0.248	0.316	1.0	0.176	0.16	0.2	0.136
A1	0.108	0.144	0.136	0.176	1.0	0.368	0.152	0.12
A2	0.124	0.156	0.132	0.16	0.368	1.0	0.144	0.168
A3	0.152	0.152	0.148	0.2	0.152	0.144	1.0	0.392
A4	0.104	0.136	0.128	0.136	0.12	0.168	0.392	1.0
