	A5	A6	A7	A8	A1	A2	A3	A4
A5	1.0	0.268	0.144	0.208	0.108	0.124	0.16	0.112
A6	0.268	1.0	0.196	0.252	0.144	0.16	0.152	0.132
A7	0.144	0.196	1.0	0.312	0.136	0.132	0.156	0.124
A8	0.208	0.252	0.312	1.0	0.184	0.16	0.2	0.14
A1	0.108	0.144	0.136	0.184	1.0	0.368	0.152	0.136
A2	0.124	0.16	0.132	0.16	0.368	1.0	0.144	0.184
A3	0.16	0.152	0.156	0.2	0.152	0.144	1.0	0.392
A4	0.112	0.132	0.124	0.14	0.136	0.184	0.392	1.0
