	A5	A6	A7	A8	A1	A2	A3	A4
A5	1.0	0.264	0.144	0.208	0.104	0.124	0.16	0.108
A6	0.264	1.0	0.2	0.256	0.144	0.164	0.156	0.132
A7	0.144	0.2	1.0	0.316	0.14	0.136	0.16	0.128
A8	0.208	0.256	0.316	1.0	0.188	0.16	0.204	0.144
A1	0.104	0.144	0.14	0.188	1.0	0.372	0.156	0.136
A2	0.124	0.164	0.136	0.16	0.372	1.0	0.148	0.188
A3	0.16	0.156	0.16	0.204	0.156	0.148	1.0	0.396
A4	0.108	0.132	0.128	0.144	0.136	0.188	0.396	1.0
