	A5	A6	A7	A8	A1	A2	A3	A4
A5	1.0	0.5231	0.4385	0.4615	0.3654	0.3231	0.3577	0.3423
A6	0.5231	1.0	0.4269	0.3846	0.3885	0.3538	0.3923	0.3231
A7	0.4385	0.4269	1.0	0.5115	0.3692	0.3615	0.3769	0.4038
A8	0.4615	0.3846	0.5115	1.0	0.4	0.3231	0.3308	0.3269
A1	0.3654	0.3885	0.3692	0.4	1.0	0.5	0.35	0.2769
A2	0.3231	0.3538	0.3615	0.3231	0.5	1.0	0.3731	0.35
A3	0.3577	0.3923	0.3769	0.3308	0.35	0.3731	1.0	0.5154
A4	0.3423	0.3231	0.4038	0.3269	0.2769	0.35	0.5154	1.0
