	A5	A6	A7	A8	A4	A3	A2	A1
A5	1.0	0.7064	0.6459	0.6938	0.5655	0.6034	0.5836	0.5673
A6	0.7064	1.0	0.6929	0.748	0.6007	0.6224	0.6134	0.589
A7	0.6459	0.6929	1.0	0.7606	0.5673	0.6016	0.5727	0.5917
A8	0.6938	0.748	0.7606	1.0	0.6125	0.6278	0.607	0.6089
A4	0.5655	0.6007	0.5673	0.6125	1.0	0.6974	0.6649	0.6549
A3	0.6034	0.6224	0.6016	0.6278	0.6974	1.0	0.6893	0.6911
A2	0.5836	0.6134	0.5727	0.607	0.6649	0.6893	1.0	0.7326
A1	0.5673	0.589	0.5917	0.6089	0.6549	0.6911	0.7326	1.0
