	A4	A1	A2	A7	A3	A6	A5	A8
A4	1.0	0.4829	0.4007	0.4829	0.5616	0.387	0.4452	0.387
A1	0.4829	1.0	0.4829	0.4281	0.4041	0.4178	0.4384	0.4144
A2	0.4007	0.4829	1.0	0.4178	0.3596	0.411	0.4555	0.4452
A7	0.4829	0.4281	0.4178	1.0	0.4384	0.4144	0.4384	0.4452
A3	0.5616	0.4041	0.3596	0.4384	1.0	0.4349	0.4555	0.4623
A6	0.387	0.4178	0.411	0.4144	0.4349	1.0	0.5342	0.5
A5	0.4452	0.4384	0.4555	0.4384	0.4555	0.5342	1.0	0.5788
A8	0.387	0.4144	0.4452	0.4452	0.4623	0.5	0.5788	1.0
