	A5	A6	A7	A8	A1	A2	A3	A4
A5	1.0	0.5203	0.4268	0.378	0.3821	0.3984	0.4553	0.4065
A6	0.5203	1.0	0.4634	0.435	0.4472	0.4715	0.4675	0.4675
A7	0.4268	0.4634	1.0	0.3293	0.4024	0.3943	0.4106	0.3659
A8	0.378	0.435	0.3293	1.0	0.3496	0.3455	0.4919	0.3821
A1	0.3821	0.4472	0.4024	0.3496	1.0	0.5447	0.3984	0.3821
A2	0.3984	0.4715	0.3943	0.3455	0.5447	1.0	0.4106	0.3862
A3	0.4553	0.4675	0.4106	0.4919	0.3984	0.4106	1.0	0.5081
A4	0.4065	0.4675	0.3659	0.3821	0.3821	0.3862	0.5081	1.0
