	A1	A2	A3	A4	A7	A8
A1	1.0	0.7326	0.7463	0.7591	0.5661	0.573
A2	0.7326	1.0	0.7052	0.7111	0.5367	0.5632
A3	0.7463	0.7052	1.0	0.8061	0.5681	0.5779
A4	0.7591	0.7111	0.8061	1.0	0.5769	0.6014
A7	0.5661	0.5367	0.5681	0.5769	1.0	0.7385
A8	0.573	0.5632	0.5779	0.6014	0.7385	1.0
