	A5	A6	A7	A8	A1	A2	A3	A4
A5	1.0	0.5718	0.3945	0.5169	0.402	0.3783	0.412	0.4007
A6	0.5718	1.0	0.4782	0.6017	0.4419	0.4357	0.427	0.417
A7	0.3945	0.4782	1.0	0.5918	0.4107	0.367	0.3883	0.362
A8	0.5169	0.6017	0.5918	1.0	0.4707	0.4482	0.4806	0.4544
A1	0.402	0.4419	0.4107	0.4707	1.0	0.6479	0.4195	0.402
A2	0.3783	0.4357	0.367	0.4482	0.6479	1.0	0.3933	0.3995
A3	0.412	0.427	0.3883	0.4806	0.4195	0.3933	1.0	0.6767
A4	0.4007	0.417	0.362	0.4544	0.402	0.3995	0.6767	1.0
