	A5	A6	A7	A8	A1	A2	A3	A4
A5	1.0	0.3746	0.2403	0.3039	0.1378	0.1449	0.1519	0.1625
A6	0.3746	1.0	0.2297	0.258	0.1555	0.1484	0.1979	0.1943
A7	0.2403	0.2297	1.0	0.3004	0.1343	0.1307	0.1731	0.1696
A8	0.3039	0.258	0.3004	1.0	0.1272	0.1307	0.2191	0.2049
A1	0.1378	0.1555	0.1343	0.1272	1.0	0.4099	0.1484	0.1837
A2	0.1449	0.1484	0.1307	0.1307	0.4099	1.0	0.1625	0.1696
A3	0.1519	0.1979	0.1731	0.2191	0.1484	0.1625	1.0	0.4205
A4	0.1625	0.1943	0.1696	0.2049	0.1837	0.1696	0.4205	1.0
