	A6	A5	A8	A7	A1	A2	A3	A4
A6	1.0	0.7135	0.5836	0.6764	0.4987	0.4403	0.504	0.5305
A5	0.7135	1.0	0.7029	0.8037	0.5968	0.5093	0.565	0.6233
A8	0.5836	0.7029	1.0	0.809	0.5597	0.4934	0.5385	0.5836
A7	0.6764	0.8037	0.809	1.0	0.6578	0.5809	0.6393	0.6897
A1	0.4987	0.5968	0.5597	0.6578	1.0	0.8143	0.634	0.679
A2	0.4403	0.5093	0.4934	0.5809	0.8143	1.0	0.5597	0.6021
A3	0.504	0.565	0.5385	0.6393	0.634	0.5597	1.0	0.7268
A4	0.5305	0.6233	0.5836	0.6897	0.679	0.6021	0.7268	1.0
