	A5	A6	A7	A8	A1	A2	A3	A4
A5	1.0	0.392	0.28	0.344	0.336	0.328	0.368	0.38
A6	0.392	1.0	0.456	0.528	0.452	0.376	0.512	0.452
A7	0.28	0.456	1.0	0.424	0.392	0.368	0.416	0.428
A8	0.344	0.528	0.424	1.0	0.4	0.368	0.432	0.484
A1	0.336	0.452	0.392	0.4	1.0	0.392	0.4	0.392
A2	0.328	0.376	0.368	0.368	0.392	1.0	0.448	0.424
A3	0.368	0.512	0.416	0.432	0.4	0.448	1.0	0.532
A4	0.38	0.452	0.428	0.484	0.392	0.424	0.532	1.0
