	1a7n_L	KV1G_HUMAN	KV1V_HUMAN	KV1L_HUMAN	KV1D_HUMAN	KV1X_HUMAN	KV1C_HUMAN	KV3P_MOUSE	KV3F_HUMAN	KV3K_HUMAN	KV3A_HUMAN	LV1H_HUMAN	LV2C_HUMAN	LV2K_HUMAN	LV2B_HUMAN	LV2I_HUMAN	KV03_RABIT	KV05_RABIT	KV16_RABIT	KV01_RABIT	KV1A_HUMAN	KV1E_HUMAN	KV5P_MOUSE	KV5J_MOUSE	KV5G_MOUSE	KV3A_MOUSE	KV6F_MOUSE	KV4A_MOUSE	KV5B_MOUSE	KV5A_MOUSE	KV2F_HUMAN	KV2B_HUMAN	KV2D_MOUSE	KV1_CANFA	LV7A_HUMAN	LV1I_HUMAN	LV1B_HUMAN	LV1A_HUMAN	LV1E_HUMAN	LV2F_HUMAN	LV2L_HUMAN	LV6E_HUMAN	TVA3_MOUSE	TVA1_RABIT	TVA1_MOUSE	TVA3_HUMAN	KV1N_HUMAN	KV1A_MOUSE	KV2A_MOUSE	LV1C_HUMAN	KV1K_HUMAN	KV3F_MOUSE	KV2D_HUMAN	KV2C_HUMAN	KV2G_MOUSE	KV1U_HUMAN	KV2F_MOUSE	1tlk_	1wit_	2ncm_	1a64_A
1a7n_L	1.0	0.6355	0.6449	0.6542	0.6226	0.6355	0.6355	0.5472	0.5888	0.5794	0.5607	0.4434	0.4434	0.4528	0.4151	0.434	0.5849	0.5189	0.5283	0.4953	0.6075	0.5888	0.5794	0.6262	0.5794	0.5607	0.6095	0.5905	0.5607	0.5701	0.486	0.514	0.5234	0.5189	0.375	0.4434	0.4434	0.4245	0.4444	0.4151	0.434	0.4528	0.2745	0.2718	0.301	0.3204	0.5981	0.5327	0.4953	0.4151	0.5701	0.5047	0.5421	0.5566	0.5234	0.5327	0.5234	0.2125	0.2432	0.2791	0.2308
KV1G_HUMAN	0.6355	1.0	0.7963	0.7593	0.7477	0.7757	0.7685	0.6226	0.6574	0.5833	0.5888	0.4953	0.4673	0.4486	0.4486	0.4299	0.6168	0.5794	0.5981	0.537	0.7685	0.7407	0.6574	0.6759	0.6481	0.5701	0.566	0.5849	0.6075	0.6204	0.5556	0.5278	0.514	0.5234	0.381	0.4673	0.4579	0.4579	0.46	0.4579	0.4766	0.4206	0.2718	0.2596	0.2816	0.3204	0.7037	0.5833	0.4673	0.4299	0.713	0.5648	0.5648	0.5327	0.5556	0.6667	0.5463	0.2099	0.2703	0.2759	0.2152
KV1V_HUMAN	0.6449	0.7963	1.0	0.7685	0.7383	0.7196	0.7685	0.6132	0.6481	0.6296	0.6168	0.4953	0.486	0.4673	0.4673	0.4579	0.5981	0.5514	0.6262	0.5463	0.7407	0.75	0.6296	0.6667	0.6204	0.5981	0.6132	0.5943	0.6355	0.6574	0.5463	0.5278	0.4953	0.514	0.4286	0.4766	0.4766	0.4486	0.47	0.486	0.514	0.4299	0.2718	0.2596	0.301	0.3495	0.6667	0.5926	0.4953	0.4393	0.7037	0.5556	0.5278	0.5047	0.5278	0.6759	0.5278	0.2099	0.2432	0.2529	0.2405
KV1L_HUMAN	0.6542	0.7593	0.7685	1.0	0.785	0.729	0.7593	0.6038	0.6944	0.6296	0.6075	0.4486	0.4486	0.4299	0.4206	0.4393	0.6075	0.5794	0.5794	0.5278	0.7685	0.713	0.6574	0.6759	0.6019	0.5701	0.5755	0.5849	0.6168	0.6389	0.5278	0.5556	0.514	0.5234	0.381	0.4299	0.4393	0.3925	0.48	0.4206	0.4766	0.3925	0.3107	0.2885	0.3204	0.3689	0.6759	0.5926	0.486	0.3925	0.7407	0.5648	0.537	0.4953	0.5556	0.6944	0.537	0.2099	0.2027	0.2874	0.2785
KV1D_HUMAN	0.6226	0.7477	0.7383	0.785	1.0	0.7736	0.7477	0.5905	0.6355	0.6075	0.6226	0.4623	0.434	0.434	0.4245	0.434	0.6509	0.5755	0.5849	0.5514	0.7196	0.7664	0.6636	0.6916	0.6355	0.5472	0.5429	0.5714	0.566	0.6449	0.5421	0.5234	0.4906	0.4906	0.4038	0.4528	0.4245	0.4245	0.4242	0.434	0.4434	0.4151	0.2816	0.2427	0.2913	0.3107	0.729	0.5514	0.4528	0.3962	0.7664	0.5514	0.5234	0.5566	0.5421	0.6916	0.4953	0.1852	0.2432	0.2644	0.2179
KV1X_HUMAN	0.6355	0.7757	0.7196	0.729	0.7736	1.0	0.729	0.566	0.6168	0.5512	0.5888	0.4717	0.5094	0.4906	0.4906	0.4528	0.6168	0.5566	0.5849	0.514	0.7009	0.729	0.6355	0.6355	0.5969	0.5514	0.5333	0.488	0.5271	0.5426	0.5354	0.486	0.4953	0.4717	0.4231	0.4717	0.4623	0.4717	0.4646	0.4717	0.4906	0.438	0.3417	0.2941	0.2941	0.2773	0.6822	0.5421	0.4486	0.4434	0.6916	0.4961	0.514	0.5094	0.5234	0.6449	0.5047	0.2	0.2838	0.2907	0.2179
KV1C_HUMAN	0.6355	0.7685	0.7685	0.7593	0.7477	0.729	1.0	0.6038	0.6204	0.6296	0.5794	0.4579	0.4673	0.4486	0.4299	0.4486	0.5888	0.5327	0.5701	0.5185	0.8056	0.713	0.6389	0.6759	0.6296	0.5514	0.5755	0.5755	0.6075	0.6481	0.5185	0.5278	0.5234	0.5047	0.4	0.4299	0.4393	0.4299	0.45	0.4393	0.4766	0.4206	0.3107	0.2981	0.301	0.3398	0.6574	0.5926	0.4579	0.3832	0.7037	0.5185	0.537	0.486	0.537	0.6759	0.5185	0.1852	0.2162	0.2644	0.2025
KV3P_MOUSE	0.5472	0.6226	0.6132	0.6038	0.5905	0.566	0.6038	1.0	0.6321	0.6415	0.6132	0.4762	0.4476	0.4762	0.4381	0.4286	0.5619	0.5714	0.5429	0.5189	0.6321	0.6321	0.6887	0.6038	0.5755	0.8208	0.6058	0.6538	0.6038	0.6038	0.6509	0.6038	0.6226	0.6095	0.4175	0.4857	0.4762	0.4476	0.4796	0.4476	0.4667	0.3905	0.2574	0.2549	0.3529	0.3725	0.5755	0.6321	0.5472	0.4381	0.6226	0.7736	0.6604	0.5905	0.6604	0.5472	0.5943	0.2375	0.2432	0.2209	0.2208
KV3F_HUMAN	0.5888	0.6574	0.6481	0.6944	0.6355	0.6168	0.6204	0.6321	1.0	0.7593	0.729	0.4766	0.4486	0.4393	0.4486	0.4206	0.5607	0.5421	0.5421	0.4815	0.6389	0.6204	0.5741	0.5926	0.5926	0.5794	0.566	0.5755	0.6262	0.6296	0.6111	0.5833	0.5514	0.6075	0.381	0.4766	0.4673	0.4393	0.46	0.4206	0.4673	0.4112	0.3107	0.3173	0.3398	0.3786	0.5833	0.6204	0.5234	0.4112	0.6296	0.5833	0.6389	0.5981	0.5833	0.6111	0.5556	0.2222	0.1757	0.2529	0.2532
KV3K_HUMAN	0.5794	0.5833	0.6296	0.6296	0.6075	0.5512	0.6296	0.6415	0.7593	1.0	0.785	0.4766	0.4393	0.4766	0.4299	0.4486	0.5093	0.4953	0.4953	0.4722	0.6019	0.6296	0.6019	0.5741	0.5391	0.6075	0.5755	0.5556	0.5512	0.5781	0.6016	0.6111	0.5981	0.6542	0.4	0.4486	0.4486	0.4299	0.48	0.4299	0.486	0.418	0.3109	0.3167	0.2941	0.3193	0.5463	0.5833	0.5607	0.4112	0.5833	0.5703	0.6481	0.5794	0.6019	0.5926	0.5833	0.2099	0.2027	0.2414	0.2658
KV3A_HUMAN	0.5607	0.5888	0.6168	0.6075	0.6226	0.5888	0.5794	0.6132	0.729	0.785	1.0	0.4623	0.4717	0.4717	0.4151	0.4528	0.4906	0.4528	0.4811	0.4579	0.5888	0.5888	0.5981	0.5888	0.5607	0.5514	0.5238	0.5143	0.5794	0.5981	0.5888	0.5794	0.5607	0.5849	0.3846	0.4623	0.4528	0.434	0.4646	0.4434	0.4623	0.4245	0.2941	0.301	0.3107	0.3204	0.5607	0.5701	0.5234	0.4245	0.5794	0.5327	0.6168	0.566	0.5794	0.5888	0.5421	0.2125	0.2297	0.2093	0.2436
LV1H_HUMAN	0.4434	0.4953	0.4953	0.4486	0.4623	0.4717	0.4579	0.4762	0.4766	0.4766	0.4623	1.0	0.6355	0.6075	0.6262	0.6075	0.4717	0.4528	0.4528	0.4486	0.4673	0.486	0.4486	0.4766	0.4486	0.4528	0.5143	0.4952	0.4528	0.4579	0.4579	0.4486	0.4434	0.4528	0.5143	0.7103	0.8037	0.785	0.74	0.6636	0.5701	0.5981	0.3627	0.3204	0.3235	0.3137	0.4299	0.4579	0.4151	0.7196	0.4393	0.4206	0.4579	0.434	0.4393	0.4579	0.4766	0.225	0.2192	0.1977	0.1519
LV2C_HUMAN	0.4434	0.4673	0.486	0.4486	0.434	0.5094	0.4673	0.4476	0.4486	0.4393	0.4717	0.6355	1.0	0.8037	0.8131	0.7664	0.4717	0.4434	0.4717	0.4486	0.4579	0.4673	0.4299	0.4766	0.4393	0.4528	0.4952	0.4667	0.4623	0.4393	0.4112	0.3832	0.4057	0.4151	0.5333	0.6449	0.7009	0.6355	0.67	0.8131	0.7009	0.6262	0.3824	0.3301	0.3039	0.2941	0.4206	0.4206	0.3868	0.6168	0.4112	0.4206	0.4206	0.4057	0.4299	0.4112	0.4206	0.25	0.2192	0.2326	0.2025
LV2K_HUMAN	0.4528	0.4486	0.4673	0.4299	0.434	0.4906	0.4486	0.4762	0.4393	0.4766	0.4717	0.6075	0.8037	1.0	0.8131	0.7757	0.4623	0.4623	0.4245	0.4486	0.4579	0.486	0.4206	0.4579	0.4299	0.4623	0.4762	0.4476	0.4528	0.4393	0.4206	0.3925	0.4057	0.4057	0.5238	0.5981	0.6355	0.6168	0.67	0.7757	0.6636	0.6262	0.3627	0.3398	0.3333	0.3235	0.3925	0.4112	0.3962	0.5981	0.4019	0.4486	0.4112	0.4057	0.4486	0.4206	0.4112	0.2375	0.2466	0.2326	0.2025
LV2B_HUMAN	0.4151	0.4486	0.4673	0.4206	0.4245	0.4906	0.4299	0.4381	0.4486	0.4299	0.4151	0.6262	0.8131	0.8131	1.0	0.729	0.4717	0.4528	0.4434	0.4299	0.4299	0.4579	0.4019	0.4299	0.4112	0.4434	0.4667	0.4381	0.4245	0.4112	0.4019	0.3551	0.3774	0.3962	0.5238	0.5888	0.6355	0.6075	0.65	0.7664	0.6822	0.5981	0.3627	0.3398	0.3431	0.2843	0.4112	0.3925	0.3679	0.5981	0.4019	0.4019	0.4019	0.4057	0.3925	0.4019	0.3832	0.225	0.2192	0.2558	0.2405
LV2I_HUMAN	0.434	0.4299	0.4579	0.4393	0.434	0.4528	0.4486	0.4286	0.4206	0.4486	0.4528	0.6075	0.7664	0.7757	0.729	1.0	0.4623	0.4245	0.434	0.4299	0.4393	0.4393	0.4299	0.4673	0.4206	0.434	0.5048	0.4476	0.4717	0.4486	0.4019	0.3832	0.3962	0.4057	0.5143	0.5981	0.6542	0.6168	0.66	0.7664	0.6636	0.5981	0.3333	0.301	0.3529	0.3039	0.3925	0.4112	0.3868	0.5888	0.4112	0.4112	0.4019	0.3962	0.4299	0.4112	0.4206	0.25	0.1781	0.2209	0.1899
KV03_RABIT	0.5849	0.6168	0.5981	0.6075	0.6509	0.6168	0.5888	0.5619	0.5607	0.5093	0.4906	0.4717	0.4717	0.4623	0.4717	0.4623	1.0	0.7944	0.7547	0.6916	0.5794	0.5888	0.5981	0.5794	0.537	0.5189	0.5189	0.5377	0.5234	0.5463	0.4815	0.4393	0.4906	0.486	0.4712	0.4811	0.4717	0.434	0.4747	0.4528	0.4623	0.4393	0.301	0.2788	0.3107	0.3301	0.5607	0.514	0.4434	0.4623	0.5607	0.4907	0.4953	0.4766	0.486	0.5514	0.5047	0.2222	0.2055	0.2414	0.2785
KV05_RABIT	0.5189	0.5794	0.5514	0.5794	0.5755	0.5566	0.5327	0.5714	0.5421	0.4953	0.4528	0.4528	0.4434	0.4623	0.4528	0.4245	0.7944	1.0	0.717	0.7196	0.5327	0.5514	0.5701	0.5327	0.4579	0.5377	0.4623	0.4952	0.5	0.514	0.4953	0.4579	0.4811	0.4766	0.4327	0.4434	0.4623	0.4434	0.4343	0.4057	0.4528	0.3962	0.2913	0.2596	0.3204	0.3495	0.5607	0.5047	0.4434	0.4245	0.5327	0.5421	0.486	0.4673	0.5327	0.514	0.486	0.2099	0.1918	0.2414	0.2152
KV16_RABIT	0.5283	0.5981	0.6262	0.5794	0.5849	0.5849	0.5701	0.5429	0.5421	0.4953	0.4811	0.4528	0.4717	0.4245	0.4434	0.434	0.7547	0.717	1.0	0.6729	0.5701	0.5981	0.5514	0.5794	0.4673	0.5283	0.5048	0.4952	0.5377	0.5514	0.4953	0.4579	0.4811	0.4811	0.4135	0.4434	0.4434	0.4434	0.4343	0.4528	0.4623	0.3962	0.2843	0.2524	0.2843	0.3333	0.5421	0.5047	0.4623	0.4528	0.5981	0.5047	0.486	0.4811	0.4953	0.5607	0.514	0.25	0.1622	0.2791	0.2152
KV01_RABIT	0.4953	0.537	0.5463	0.5278	0.5514	0.514	0.5185	0.5189	0.4815	0.4722	0.4579	0.4486	0.4486	0.4486	0.4299	0.4299	0.6916	0.7196	0.6729	1.0	0.5093	0.5556	0.5185	0.5185	0.4074	0.4673	0.4717	0.4906	0.4953	0.4907	0.4537	0.4537	0.486	0.4673	0.4381	0.4766	0.4673	0.4299	0.43	0.4393	0.4393	0.4206	0.301	0.2692	0.301	0.3301	0.5093	0.4907	0.4299	0.4579	0.5185	0.4907	0.4722	0.514	0.463	0.4815	0.4907	0.2469	0.2162	0.2644	0.2025
KV1A_HUMAN	0.6075	0.7685	0.7407	0.7685	0.7196	0.7009	0.8056	0.6321	0.6389	0.6019	0.5888	0.4673	0.4579	0.4579	0.4299	0.4393	0.5794	0.5327	0.5701	0.5093	1.0	0.75	0.6759	0.713	0.6389	0.5607	0.566	0.566	0.6168	0.6574	0.5556	0.5185	0.514	0.514	0.3714	0.4486	0.4673	0.4299	0.49	0.4486	0.486	0.4486	0.2718	0.2596	0.2718	0.3301	0.6759	0.5741	0.4766	0.4112	0.75	0.5463	0.5556	0.4953	0.5648	0.7685	0.5278	0.1975	0.2027	0.2759	0.2278
KV1E_HUMAN	0.5888	0.7407	0.75	0.713	0.7664	0.729	0.713	0.6321	0.6204	0.6296	0.5888	0.486	0.4673	0.486	0.4579	0.4393	0.5888	0.5514	0.5981	0.5556	0.75	1.0	0.6481	0.6574	0.6111	0.5888	0.5755	0.5849	0.5981	0.6204	0.5556	0.5185	0.514	0.5514	0.4095	0.486	0.4953	0.4579	0.48	0.486	0.486	0.4393	0.2816	0.2596	0.2913	0.3301	0.6759	0.5556	0.4953	0.4486	0.713	0.5648	0.5556	0.514	0.5648	0.6944	0.5278	0.1975	0.2838	0.2529	0.2152
KV5P_MOUSE	0.5794	0.6574	0.6296	0.6574	0.6636	0.6355	0.6389	0.6887	0.5741	0.6019	0.5981	0.4486	0.4299	0.4206	0.4019	0.4299	0.5981	0.5701	0.5514	0.5185	0.6759	0.6481	1.0	0.6944	0.6204	0.6916	0.5472	0.5755	0.5888	0.6481	0.5926	0.5741	0.5981	0.5888	0.4	0.4673	0.4673	0.4206	0.46	0.4206	0.4579	0.4206	0.2913	0.2596	0.3301	0.3689	0.6111	0.5741	0.5327	0.4112	0.6204	0.6204	0.6019	0.5514	0.6759	0.5833	0.6204	0.2222	0.2297	0.2644	0.2405
KV5J_MOUSE	0.6262	0.6759	0.6667	0.6759	0.6916	0.6355	0.6759	0.6038	0.5926	0.5741	0.5888	0.4766	0.4766	0.4579	0.4299	0.4673	0.5794	0.5327	0.5794	0.5185	0.713	0.6574	0.6944	1.0	0.6944	0.5794	0.5849	0.6038	0.5421	0.5741	0.5093	0.5093	0.5421	0.5234	0.3429	0.4579	0.486	0.4393	0.46	0.4486	0.4673	0.4299	0.2816	0.2596	0.301	0.3495	0.6574	0.537	0.4766	0.4112	0.6759	0.5463	0.5278	0.5327	0.5741	0.6574	0.537	0.2222	0.2027	0.1954	0.2405
KV5G_MOUSE	0.5794	0.6481	0.6204	0.6019	0.6355	0.5969	0.6296	0.5755	0.5926	0.5391	0.5607	0.4486	0.4393	0.4299	0.4112	0.4206	0.537	0.4579	0.4673	0.4074	0.6389	0.6111	0.6204	0.6944	1.0	0.5701	0.5472	0.5317	0.5039	0.5154	0.5391	0.5093	0.5047	0.4953	0.3524	0.3925	0.4206	0.4206	0.43	0.4299	0.3925	0.3689	0.281	0.2333	0.2521	0.2689	0.5926	0.5093	0.4579	0.3738	0.5741	0.4531	0.537	0.4766	0.537	0.5463	0.5185	0.2099	0.2027	0.2414	0.2405
KV3A_MOUSE	0.5607	0.5701	0.5981	0.5701	0.5472	0.5514	0.5514	0.8208	0.5794	0.6075	0.5514	0.4528	0.4528	0.4623	0.4434	0.434	0.5189	0.5377	0.5283	0.4673	0.5607	0.5888	0.6916	0.5794	0.5701	1.0	0.581	0.6095	0.5794	0.5701	0.6075	0.5421	0.5888	0.5472	0.4231	0.4434	0.4717	0.4528	0.4545	0.4151	0.4811	0.3868	0.2549	0.2427	0.3204	0.3204	0.5327	0.5794	0.5327	0.4057	0.5514	0.7383	0.5981	0.5472	0.6355	0.5234	0.5701	0.25	0.2162	0.2209	0.1923
KV6F_MOUSE	0.6095	0.566	0.6132	0.5755	0.5429	0.5333	0.5755	0.6058	0.566	0.5755	0.5238	0.5143	0.4952	0.4762	0.4667	0.5048	0.5189	0.4623	0.5048	0.4717	0.566	0.5755	0.5472	0.5849	0.5472	0.581	1.0	0.8077	0.6	0.5849	0.4811	0.4906	0.4857	0.5094	0.4369	0.5048	0.5238	0.4571	0.5102	0.4857	0.4762	0.4476	0.2913	0.25	0.301	0.3398	0.5094	0.566	0.4952	0.4857	0.5377	0.566	0.5	0.4811	0.4906	0.4906	0.4906	0.2222	0.2361	0.2414	0.2152
KV4A_MOUSE	0.5905	0.5849	0.5943	0.5849	0.5714	0.488	0.5755	0.6538	0.5755	0.5556	0.5143	0.4952	0.4667	0.4476	0.4381	0.4476	0.5377	0.4952	0.4952	0.4906	0.566	0.5849	0.5755	0.6038	0.5317	0.6095	0.8077	1.0	0.52	0.5317	0.5079	0.5094	0.5429	0.5238	0.4466	0.4571	0.5048	0.4286	0.4694	0.4762	0.4476	0.4	0.2821	0.2797	0.3077	0.3333	0.5283	0.5755	0.4952	0.4286	0.5472	0.5635	0.5377	0.5048	0.5566	0.4906	0.5472	0.2625	0.2568	0.2209	0.2278
KV5B_MOUSE	0.5607	0.6075	0.6355	0.6168	0.566	0.5271	0.6075	0.6038	0.6262	0.5512	0.5794	0.4528	0.4623	0.4528	0.4245	0.4717	0.5234	0.5	0.5377	0.4953	0.6168	0.5981	0.5888	0.5421	0.5039	0.5794	0.6	0.52	1.0	0.75	0.4961	0.5607	0.5701	0.5472	0.4038	0.4434	0.4717	0.4434	0.4545	0.4434	0.4528	0.4132	0.3083	0.2689	0.3277	0.3277	0.5514	0.7009	0.5327	0.4245	0.5701	0.5276	0.5701	0.5283	0.5981	0.5607	0.5701	0.25	0.1892	0.2674	0.1795
KV5A_MOUSE	0.5701	0.6204	0.6574	0.6389	0.6449	0.5426	0.6481	0.6038	0.6296	0.5781	0.5981	0.4579	0.4393	0.4393	0.4112	0.4486	0.5463	0.514	0.5514	0.4907	0.6574	0.6204	0.6481	0.5741	0.5154	0.5701	0.5849	0.5317	0.75	1.0	0.5312	0.6111	0.5794	0.5514	0.3905	0.4393	0.4486	0.4299	0.46	0.4112	0.4206	0.3852	0.281	0.2583	0.3025	0.3193	0.5833	0.6759	0.5514	0.3925	0.6296	0.5	0.5926	0.5514	0.6296	0.6019	0.5741	0.2346	0.1892	0.2184	0.1646
KV2F_HUMAN	0.486	0.5556	0.5463	0.5278	0.5421	0.5354	0.5185	0.6509	0.6111	0.6016	0.5888	0.4579	0.4112	0.4206	0.4019	0.4019	0.4815	0.4953	0.4953	0.4537	0.5556	0.5556	0.5926	0.5093	0.5391	0.6075	0.4811	0.5079	0.4961	0.5312	1.0	0.787	0.7103	0.6916	0.419	0.4486	0.4579	0.4393	0.41	0.4393	0.4206	0.3443	0.2521	0.2333	0.2941	0.2521	0.463	0.5926	0.6916	0.4112	0.5093	0.5625	0.7963	0.7196	0.8056	0.5093	0.7222	0.2346	0.2027	0.2414	0.2152
KV2B_HUMAN	0.514	0.5278	0.5278	0.5556	0.5234	0.486	0.5278	0.6038	0.5833	0.6111	0.5794	0.4486	0.3832	0.3925	0.3551	0.3832	0.4393	0.4579	0.4579	0.4537	0.5185	0.5185	0.5741	0.5093	0.5093	0.5421	0.4906	0.5094	0.5607	0.6111	0.787	1.0	0.7103	0.7009	0.381	0.4299	0.4206	0.4019	0.43	0.3925	0.3925	0.3364	0.2816	0.2596	0.3301	0.301	0.5093	0.6019	0.6729	0.3832	0.5	0.5463	0.7963	0.729	0.75	0.4815	0.6852	0.2222	0.2297	0.2299	0.2025
KV2D_MOUSE	0.5234	0.514	0.4953	0.514	0.4906	0.4953	0.5234	0.6226	0.5514	0.5981	0.5607	0.4434	0.4057	0.4057	0.3774	0.3962	0.4906	0.4811	0.4811	0.486	0.514	0.514	0.5981	0.5421	0.5047	0.5888	0.4857	0.5429	0.5701	0.5794	0.7103	0.7103	1.0	0.6792	0.3846	0.4151	0.4528	0.4057	0.404	0.3962	0.3774	0.3585	0.2843	0.2816	0.3689	0.3398	0.486	0.5888	0.7477	0.3774	0.486	0.5701	0.757	0.6792	0.729	0.5047	0.8224	0.2375	0.1622	0.2326	0.2051
KV1_CANFA	0.5189	0.5234	0.514	0.5234	0.4906	0.4717	0.5047	0.6095	0.6075	0.6542	0.5849	0.4528	0.4151	0.4057	0.3962	0.4057	0.486	0.4766	0.4811	0.4673	0.514	0.5514	0.5888	0.5234	0.4953	0.5472	0.5094	0.5238	0.5472	0.5514	0.6916	0.7009	0.6792	1.0	0.4135	0.4717	0.4623	0.4151	0.4343	0.4057	0.4528	0.3962	0.3204	0.2885	0.3301	0.3398	0.486	0.5607	0.6509	0.3962	0.4953	0.514	0.785	0.6636	0.7383	0.4393	0.6916	0.2469	0.2192	0.2644	0.2152
LV7A_HUMAN	0.375	0.381	0.4286	0.381	0.4038	0.4231	0.4	0.4175	0.381	0.4	0.3846	0.5143	0.5333	0.5238	0.5238	0.5143	0.4712	0.4327	0.4135	0.4381	0.3714	0.4095	0.4	0.3429	0.3524	0.4231	0.4369	0.4466	0.4038	0.3905	0.419	0.381	0.3846	0.4135	1.0	0.5333	0.5333	0.5333	0.5204	0.5429	0.5238	0.5619	0.3	0.2376	0.3	0.27	0.3429	0.3333	0.3365	0.5333	0.3905	0.3905	0.4	0.3846	0.4	0.3524	0.3714	0.2436	0.169	0.2262	0.1818
LV1I_HUMAN	0.4434	0.4673	0.4766	0.4299	0.4528	0.4717	0.4299	0.4857	0.4766	0.4486	0.4623	0.7103	0.6449	0.5981	0.5888	0.5981	0.4811	0.4434	0.4434	0.4766	0.4486	0.486	0.4673	0.4579	0.3925	0.4434	0.5048	0.4571	0.4434	0.4393	0.4486	0.4299	0.4151	0.4717	0.5333	1.0	0.7383	0.6636	0.73	0.6075	0.5701	0.5607	0.3725	0.2718	0.2941	0.3235	0.4112	0.4112	0.4151	0.785	0.4112	0.4299	0.4486	0.4623	0.4486	0.4299	0.4393	0.2	0.2329	0.2209	0.1772
LV1B_HUMAN	0.4434	0.4579	0.4766	0.4393	0.4245	0.4623	0.4393	0.4762	0.4673	0.4486	0.4528	0.8037	0.7009	0.6355	0.6355	0.6542	0.4717	0.4623	0.4434	0.4673	0.4673	0.4953	0.4673	0.486	0.4206	0.4717	0.5238	0.5048	0.4717	0.4486	0.4579	0.4206	0.4528	0.4623	0.5333	0.7383	1.0	0.7664	0.73	0.6355	0.6168	0.6075	0.3824	0.2913	0.3333	0.3333	0.4206	0.4579	0.4151	0.757	0.4112	0.4486	0.4673	0.434	0.4673	0.4393	0.4953	0.25	0.2055	0.186	0.2025
LV1A_HUMAN	0.4245	0.4579	0.4486	0.3925	0.4245	0.4717	0.4299	0.4476	0.4393	0.4299	0.434	0.785	0.6355	0.6168	0.6075	0.6168	0.434	0.4434	0.4434	0.4299	0.4299	0.4579	0.4206	0.4393	0.4206	0.4528	0.4571	0.4286	0.4434	0.4299	0.4393	0.4019	0.4057	0.4151	0.5333	0.6636	0.7664	1.0	0.67	0.6449	0.5981	0.5701	0.3137	0.2621	0.3137	0.2843	0.4019	0.4112	0.3868	0.7009	0.4112	0.4019	0.4206	0.4245	0.4206	0.4019	0.4299	0.2125	0.1918	0.186	0.1646
LV1E_HUMAN	0.4444	0.46	0.47	0.48	0.4242	0.4646	0.45	0.4796	0.46	0.48	0.4646	0.74	0.67	0.67	0.65	0.66	0.4747	0.4343	0.4343	0.43	0.49	0.48	0.46	0.46	0.43	0.4545	0.5102	0.4694	0.4545	0.46	0.41	0.43	0.404	0.4343	0.5204	0.73	0.73	0.67	1.0	0.65	0.59	0.59	0.3918	0.3163	0.3125	0.3125	0.4	0.42	0.404	0.71	0.43	0.44	0.42	0.3939	0.42	0.44	0.44	0.2051	0.2121	0.2143	0.2083
LV2F_HUMAN	0.4151	0.4579	0.486	0.4206	0.434	0.4717	0.4393	0.4476	0.4206	0.4299	0.4434	0.6636	0.8131	0.7757	0.7664	0.7664	0.4528	0.4057	0.4528	0.4393	0.4486	0.486	0.4206	0.4486	0.4299	0.4151	0.4857	0.4762	0.4434	0.4112	0.4393	0.3925	0.3962	0.4057	0.5429	0.6075	0.6355	0.6449	0.65	1.0	0.6355	0.6262	0.3431	0.3107	0.3039	0.2647	0.3925	0.4019	0.3774	0.6355	0.4112	0.3925	0.3925	0.3679	0.4486	0.3925	0.4112	0.225	0.2192	0.2326	0.1899
LV2L_HUMAN	0.434	0.4766	0.514	0.4766	0.4434	0.4906	0.4766	0.4667	0.4673	0.486	0.4623	0.5701	0.7009	0.6636	0.6822	0.6636	0.4623	0.4528	0.4623	0.4393	0.486	0.486	0.4579	0.4673	0.3925	0.4811	0.4762	0.4476	0.4528	0.4206	0.4206	0.3925	0.3774	0.4528	0.5238	0.5701	0.6168	0.5981	0.59	0.6355	1.0	0.5607	0.3333	0.3107	0.3235	0.3333	0.4393	0.4112	0.3868	0.5514	0.4486	0.4673	0.4486	0.4057	0.4206	0.4393	0.3925	0.2625	0.2329	0.2326	0.2405
LV6E_HUMAN	0.4528	0.4206	0.4299	0.3925	0.4151	0.438	0.4206	0.3905	0.4112	0.418	0.4245	0.5981	0.6262	0.6262	0.5981	0.5981	0.4393	0.3962	0.3962	0.4206	0.4486	0.4393	0.4206	0.4299	0.3689	0.3868	0.4476	0.4	0.4132	0.3852	0.3443	0.3364	0.3585	0.3962	0.5619	0.5607	0.6075	0.5701	0.59	0.6262	0.5607	1.0	0.3628	0.2807	0.2566	0.2655	0.3738	0.4019	0.3774	0.5888	0.3738	0.3279	0.3738	0.3585	0.3832	0.3645	0.3832	0.25	0.1781	0.2093	0.1772
TVA3_MOUSE	0.2745	0.2718	0.2718	0.3107	0.2816	0.3417	0.3107	0.2574	0.3107	0.3109	0.2941	0.3627	0.3824	0.3627	0.3627	0.3333	0.301	0.2913	0.2843	0.301	0.2718	0.2816	0.2913	0.2816	0.281	0.2549	0.2913	0.2821	0.3083	0.281	0.2521	0.2816	0.2843	0.3204	0.3	0.3725	0.3824	0.3137	0.3918	0.3431	0.3333	0.3628	1.0	0.6387	0.4237	0.4322	0.2718	0.3107	0.2843	0.3627	0.2816	0.2689	0.301	0.2621	0.2816	0.2718	0.2816	0.2	0.1571	0.186	0.1842
TVA1_RABIT	0.2718	0.2596	0.2596	0.2885	0.2427	0.2941	0.2981	0.2549	0.3173	0.3167	0.301	0.3204	0.3301	0.3398	0.3398	0.301	0.2788	0.2596	0.2524	0.2692	0.2596	0.2596	0.2596	0.2596	0.2333	0.2427	0.25	0.2797	0.2689	0.2583	0.2333	0.2596	0.2816	0.2885	0.2376	0.2718	0.2913	0.2621	0.3163	0.3107	0.3107	0.2807	0.6387	1.0	0.4661	0.4153	0.2404	0.2692	0.2816	0.2718	0.2404	0.25	0.2692	0.2212	0.2596	0.25	0.2788	0.2346	0.1286	0.2069	0.1667
TVA1_MOUSE	0.301	0.2816	0.301	0.3204	0.2913	0.2941	0.301	0.3529	0.3398	0.2941	0.3107	0.3235	0.3039	0.3333	0.3431	0.3529	0.3107	0.3204	0.2843	0.301	0.2718	0.2913	0.3301	0.301	0.2521	0.3204	0.301	0.3077	0.3277	0.3025	0.2941	0.3301	0.3689	0.3301	0.3	0.2941	0.3333	0.3137	0.3125	0.3039	0.3235	0.2566	0.4237	0.4661	1.0	0.6471	0.2621	0.3204	0.3301	0.2941	0.3204	0.2941	0.3204	0.3107	0.3301	0.2913	0.3495	0.2025	0.1268	0.2118	0.1842
TVA3_HUMAN	0.3204	0.3204	0.3495	0.3689	0.3107	0.2773	0.3398	0.3725	0.3786	0.3193	0.3204	0.3137	0.2941	0.3235	0.2843	0.3039	0.3301	0.3495	0.3333	0.3301	0.3301	0.3301	0.3689	0.3495	0.2689	0.3204	0.3398	0.3333	0.3277	0.3193	0.2521	0.301	0.3398	0.3398	0.27	0.3235	0.3333	0.2843	0.3125	0.2647	0.3333	0.2655	0.4322	0.4153	0.6471	1.0	0.3301	0.3204	0.3107	0.2941	0.3592	0.3109	0.3107	0.2621	0.3107	0.3204	0.3204	0.2025	0.1127	0.2	0.1974
KV1N_HUMAN	0.5981	0.7037	0.6667	0.6759	0.729	0.6822	0.6574	0.5755	0.5833	0.5463	0.5607	0.4299	0.4206	0.3925	0.4112	0.3925	0.5607	0.5607	0.5421	0.5093	0.6759	0.6759	0.6111	0.6574	0.5926	0.5327	0.5094	0.5283	0.5514	0.5833	0.463	0.5093	0.486	0.486	0.3429	0.4112	0.4206	0.4019	0.4	0.3925	0.4393	0.3738	0.2718	0.2404	0.2621	0.3301	1.0	0.537	0.4299	0.4019	0.7407	0.6111	0.5463	0.5514	0.4907	0.6481	0.4907	0.1852	0.2297	0.2414	0.1899
KV1A_MOUSE	0.5327	0.5833	0.5926	0.5926	0.5514	0.5421	0.5926	0.6321	0.6204	0.5833	0.5701	0.4579	0.4206	0.4112	0.3925	0.4112	0.514	0.5047	0.5047	0.4907	0.5741	0.5556	0.5741	0.537	0.5093	0.5794	0.566	0.5755	0.7009	0.6759	0.5926	0.6019	0.5888	0.5607	0.3333	0.4112	0.4579	0.4112	0.42	0.4019	0.4112	0.4019	0.3107	0.2692	0.3204	0.3204	0.537	1.0	0.5888	0.4019	0.5648	0.5556	0.6204	0.5701	0.6111	0.537	0.5833	0.1975	0.1892	0.2069	0.1392
KV2A_MOUSE	0.4953	0.4673	0.4953	0.486	0.4528	0.4486	0.4579	0.5472	0.5234	0.5607	0.5234	0.4151	0.3868	0.3962	0.3679	0.3868	0.4434	0.4434	0.4623	0.4299	0.4766	0.4953	0.5327	0.4766	0.4579	0.5327	0.4952	0.4952	0.5327	0.5514	0.6916	0.6729	0.7477	0.6509	0.3365	0.4151	0.4151	0.3868	0.404	0.3774	0.3868	0.3774	0.2843	0.2816	0.3301	0.3107	0.4299	0.5888	1.0	0.3585	0.4579	0.5047	0.7103	0.6604	0.6636	0.4393	0.7664	0.225	0.1622	0.2442	0.1795
LV1C_HUMAN	0.4151	0.4299	0.4393	0.3925	0.3962	0.4434	0.3832	0.4381	0.4112	0.4112	0.4245	0.7196	0.6168	0.5981	0.5981	0.5888	0.4623	0.4245	0.4528	0.4579	0.4112	0.4486	0.4112	0.4112	0.3738	0.4057	0.4857	0.4286	0.4245	0.3925	0.4112	0.3832	0.3774	0.3962	0.5333	0.785	0.757	0.7009	0.71	0.6355	0.5514	0.5888	0.3627	0.2718	0.2941	0.2941	0.4019	0.4019	0.3585	1.0	0.3832	0.4019	0.3832	0.3962	0.3925	0.3925	0.4112	0.2	0.2192	0.2326	0.1772
KV1K_HUMAN	0.5701	0.713	0.7037	0.7407	0.7664	0.6916	0.7037	0.6226	0.6296	0.5833	0.5794	0.4393	0.4112	0.4019	0.4019	0.4112	0.5607	0.5327	0.5981	0.5185	0.75	0.713	0.6204	0.6759	0.5741	0.5514	0.5377	0.5472	0.5701	0.6296	0.5093	0.5	0.486	0.4953	0.3905	0.4112	0.4112	0.4112	0.43	0.4112	0.4486	0.3738	0.2816	0.2404	0.3204	0.3592	0.7407	0.5648	0.4579	0.3832	1.0	0.5741	0.5556	0.5514	0.5185	0.75	0.4815	0.1975	0.2162	0.2529	0.2025
KV3F_MOUSE	0.5047	0.5648	0.5556	0.5648	0.5514	0.4961	0.5185	0.7736	0.5833	0.5703	0.5327	0.4206	0.4206	0.4486	0.4019	0.4112	0.4907	0.5421	0.5047	0.4907	0.5463	0.5648	0.6204	0.5463	0.4531	0.7383	0.566	0.5635	0.5276	0.5	0.5625	0.5463	0.5701	0.514	0.3905	0.4299	0.4486	0.4019	0.44	0.3925	0.4673	0.3279	0.2689	0.25	0.2941	0.3109	0.6111	0.5556	0.5047	0.4019	0.5741	1.0	0.5833	0.5981	0.5926	0.537	0.5648	0.2346	0.2027	0.2184	0.2152
KV2D_HUMAN	0.5421	0.5648	0.5278	0.537	0.5234	0.514	0.537	0.6604	0.6389	0.6481	0.6168	0.4579	0.4206	0.4112	0.4019	0.4019	0.4953	0.486	0.486	0.4722	0.5556	0.5556	0.6019	0.5278	0.537	0.5981	0.5	0.5377	0.5701	0.5926	0.7963	0.7963	0.757	0.785	0.4	0.4486	0.4673	0.4206	0.42	0.3925	0.4486	0.3738	0.301	0.2692	0.3204	0.3107	0.5463	0.6204	0.7103	0.3832	0.5556	0.5833	1.0	0.8224	0.7685	0.5185	0.7407	0.2346	0.2297	0.2299	0.2152
KV2C_HUMAN	0.5566	0.5327	0.5047	0.4953	0.5566	0.5094	0.486	0.5905	0.5981	0.5794	0.566	0.434	0.4057	0.4057	0.4057	0.3962	0.4766	0.4673	0.4811	0.514	0.4953	0.514	0.5514	0.5327	0.4766	0.5472	0.4811	0.5048	0.5283	0.5514	0.7196	0.729	0.6792	0.6636	0.3846	0.4623	0.434	0.4245	0.3939	0.3679	0.4057	0.3585	0.2621	0.2212	0.3107	0.2621	0.5514	0.5701	0.6604	0.3962	0.5514	0.5981	0.8224	1.0	0.6916	0.514	0.6822	0.2099	0.2055	0.2299	0.2025
KV2G_MOUSE	0.5234	0.5556	0.5278	0.5556	0.5421	0.5234	0.537	0.6604	0.5833	0.6019	0.5794	0.4393	0.4299	0.4486	0.3925	0.4299	0.486	0.5327	0.4953	0.463	0.5648	0.5648	0.6759	0.5741	0.537	0.6355	0.4906	0.5566	0.5981	0.6296	0.8056	0.75	0.729	0.7383	0.4	0.4486	0.4673	0.4206	0.42	0.4486	0.4206	0.3832	0.2816	0.2596	0.3301	0.3107	0.4907	0.6111	0.6636	0.3925	0.5185	0.5926	0.7685	0.6916	1.0	0.5	0.7037	0.2469	0.2432	0.2414	0.2152
KV1U_HUMAN	0.5327	0.6667	0.6759	0.6944	0.6916	0.6449	0.6759	0.5472	0.6111	0.5926	0.5888	0.4579	0.4112	0.4206	0.4019	0.4112	0.5514	0.514	0.5607	0.4815	0.7685	0.6944	0.5833	0.6574	0.5463	0.5234	0.4906	0.4906	0.5607	0.6019	0.5093	0.4815	0.5047	0.4393	0.3524	0.4299	0.4393	0.4019	0.44	0.3925	0.4393	0.3645	0.2718	0.25	0.2913	0.3204	0.6481	0.537	0.4393	0.3925	0.75	0.537	0.5185	0.514	0.5	1.0	0.4907	0.1728	0.1622	0.2299	0.1772
KV2F_MOUSE	0.5234	0.5463	0.5278	0.537	0.4953	0.5047	0.5185	0.5943	0.5556	0.5833	0.5421	0.4766	0.4206	0.4112	0.3832	0.4206	0.5047	0.486	0.514	0.4907	0.5278	0.5278	0.6204	0.537	0.5185	0.5701	0.4906	0.5472	0.5701	0.5741	0.7222	0.6852	0.8224	0.6916	0.3714	0.4393	0.4953	0.4299	0.44	0.4112	0.3925	0.3832	0.2816	0.2788	0.3495	0.3204	0.4907	0.5833	0.7664	0.4112	0.4815	0.5648	0.7407	0.6822	0.7037	0.4907	1.0	0.2346	0.1757	0.2299	0.2025
1tlk_	0.2125	0.2099	0.2099	0.2099	0.1852	0.2	0.1852	0.2375	0.2222	0.2099	0.2125	0.225	0.25	0.2375	0.225	0.25	0.2222	0.2099	0.25	0.2469	0.1975	0.1975	0.2222	0.2222	0.2099	0.25	0.2222	0.2625	0.25	0.2346	0.2346	0.2222	0.2375	0.2469	0.2436	0.2	0.25	0.2125	0.2051	0.225	0.2625	0.25	0.2	0.2346	0.2025	0.2025	0.1852	0.1975	0.225	0.2	0.1975	0.2346	0.2346	0.2099	0.2469	0.1728	0.2346	1.0	0.1698	0.2073	0.2121
1wit_	0.2432	0.2703	0.2432	0.2027	0.2432	0.2838	0.2162	0.2432	0.1757	0.2027	0.2297	0.2192	0.2192	0.2466	0.2192	0.1781	0.2055	0.1918	0.1622	0.2162	0.2027	0.2838	0.2297	0.2027	0.2027	0.2162	0.2361	0.2568	0.1892	0.1892	0.2027	0.2297	0.1622	0.2192	0.169	0.2329	0.2055	0.1918	0.2121	0.2192	0.2329	0.1781	0.1571	0.1286	0.1268	0.1127	0.2297	0.1892	0.1622	0.2192	0.2162	0.2027	0.2297	0.2055	0.2432	0.1622	0.1757	0.1698	1.0	0.1525	0.1964
2ncm_	0.2791	0.2759	0.2529	0.2874	0.2644	0.2907	0.2644	0.2209	0.2529	0.2414	0.2093	0.1977	0.2326	0.2326	0.2558	0.2209	0.2414	0.2414	0.2791	0.2644	0.2759	0.2529	0.2644	0.1954	0.2414	0.2209	0.2414	0.2209	0.2674	0.2184	0.2414	0.2299	0.2326	0.2644	0.2262	0.2209	0.186	0.186	0.2143	0.2326	0.2326	0.2093	0.186	0.2069	0.2118	0.2	0.2414	0.2069	0.2442	0.2326	0.2529	0.2184	0.2299	0.2299	0.2414	0.2299	0.2299	0.2073	0.1525	1.0	0.209
1a64_A	0.2308	0.2152	0.2405	0.2785	0.2179	0.2179	0.2025	0.2208	0.2532	0.2658	0.2436	0.1519	0.2025	0.2025	0.2405	0.1899	0.2785	0.2152	0.2152	0.2025	0.2278	0.2152	0.2405	0.2405	0.2405	0.1923	0.2152	0.2278	0.1795	0.1646	0.2152	0.2025	0.2051	0.2152	0.1818	0.1772	0.2025	0.1646	0.2083	0.1899	0.2405	0.1772	0.1842	0.1667	0.1842	0.1974	0.1899	0.1392	0.1795	0.1772	0.2025	0.2152	0.2152	0.2025	0.2152	0.1772	0.2025	0.2121	0.1964	0.209	1.0
