	1nzj_A	1g59_A	SYE_ANASP	SYE_SYNP7	SYE_SYNEL	SYE_PROMM	SYE_SYNPX	SYE_PROMA	SYE_PROMP	SYE_AQUAE	SYE1_THETN	SYE2_BRUME	SYE_AZOBR	SYE1_RICCN	SYE2_CAMJE	SYE_BACSU	SYE_BACAA	SYE_LISIN	SYE_STAAM	SYE_OCEIH	SYE_BACST	SYE_BACHD	SYE_ENTFA	SYE_LACPL	SYE_LACDE	SYE_STRA3	SYE_LACLA	SYE2_THETN	SYE_GLOVI	SYE1_THEMA	SYE2_THEMA	SYE_TOBAC	SYE_ARATH	SYE_HORVU	SYEM_YEAST	SYE_LEPIN	SYE_CHLTE	SYE2_COXBU	SYE_BORBU	SYE_TREPA	SYE_MYCGA	SYE_MYCPN	SYE_MYCGE	SYE_CLOTE	SYE_CLOAB	SYE_FUSNN	SYE_DEIRA	SYE_AGRT5	SYE_RHIME	SYE_PSEAE	SYE_CHLCV	SYE_PORGI	SYE_BACTN	SYE_STRAW	SYE_COREF	SYE_MYCLE	SYE_BIFLO	SYE_TROW8	SYE_RALSO	SYE_BORBR	SYE_CHRVO	SYE_NEIMA	SYE2_HELPJ	SYE2_RICCN	SYE1_BRUME	SYE1_RHILO	SYE_BRAJA	SYE_RHOSH	SYE1_HELPJ	SYE_HELHP	SYE_WOLSU	SYE1_CAMJE	SYE_NITEU	SYE1_COXBU	SYE_ECO57	SYE_HAEDU	SYE_HAEIN	SYE_VIBCH	SYE_XANAC	SYE_XYLFA	SYE_CAUCR	SYE_BUCAP	SYE_BUCAI	SYE_BUCBP	SYE_WIGBR	SYE_CANBF	1euq_A
1nzj_A	1.0	0.3258	0.3346	0.3519	0.3481	0.3407	0.3309	0.337	0.3407	0.3593	0.3197	0.2788	0.316	0.2714	0.2868	0.3333	0.3333	0.3222	0.3037	0.3222	0.3148	0.3444	0.3148	0.3	0.3148	0.2862	0.2974	0.3185	0.3284	0.2985	0.3101	0.2889	0.2778	0.2963	0.3383	0.3197	0.3137	0.2873	0.3137	0.31	0.2841	0.2952	0.3026	0.3358	0.3506	0.3173	0.3063	0.2952	0.2878	0.3063	0.2878	0.2948	0.2985	0.3185	0.2963	0.3037	0.3074	0.3048	0.3026	0.3321	0.3222	0.3395	0.2803	0.3542	0.3358	0.3469	0.321	0.3321	0.3284	0.3432	0.3296	0.3284	0.3209	0.3444	0.3457	0.3383	0.3383	0.3137	0.3271	0.3271	0.3022	0.3247	0.3247	0.3247	0.3026	0.3063	0.2077
1g59_A	0.3258	1.0	0.3863	0.3687	0.4031	0.3614	0.362	0.3459	0.3289	0.426	0.4194	0.2752	0.3203	0.2818	0.3278	0.3943	0.3925	0.3764	0.3692	0.3882	0.4145	0.3882	0.3758	0.3465	0.3531	0.3739	0.3827	0.3969	0.4368	0.42	0.4186	0.3684	0.3553	0.3487	0.3511	0.3868	0.4267	0.278	0.393	0.4127	0.3216	0.3378	0.3156	0.3943	0.378	0.5131	0.5512	0.4602	0.4602	0.4656	0.4513	0.4198	0.4132	0.3802	0.3794	0.3802	0.3553	0.3532	0.3498	0.37	0.3506	0.3602	0.2904	0.3608	0.4148	0.4058	0.4206	0.3812	0.3596	0.356	0.3634	0.3622	0.3851	0.373	0.3677	0.3528	0.3596	0.343	0.3722	0.352	0.3679	0.3423	0.3408	0.3184	0.3004	0.3149	0.1937
SYE_ANASP	0.3346	0.3863	1.0	0.6823	0.6391	0.6142	0.5892	0.5625	0.5043	0.4368	0.4056	0.3394	0.3568	0.3371	0.3318	0.4356	0.4359	0.4426	0.4197	0.4128	0.4362	0.4316	0.4283	0.4021	0.3915	0.4181	0.4276	0.4426	0.345	0.4132	0.3689	0.4133	0.4004	0.3876	0.3239	0.3782	0.3439	0.3275	0.3584	0.3704	0.3484	0.3601	0.3644	0.3398	0.3283	0.3689	0.3391	0.366	0.3464	0.3646	0.3617	0.3521	0.3499	0.3798	0.3707	0.3772	0.3405	0.3509	0.378	0.3921	0.3642	0.3833	0.3009	0.3581	0.3692	0.375	0.3567	0.3516	0.3934	0.3717	0.3797	0.3894	0.4141	0.386	0.4245	0.375	0.3904	0.387	0.3895	0.3632	0.3753	0.3843	0.3873	0.3895	0.3457	0.3615	0.231
SYE_SYNP7	0.3519	0.3687	0.6823	1.0	0.6483	0.6595	0.6366	0.5841	0.4957	0.4145	0.3974	0.3529	0.3545	0.3394	0.3239	0.4301	0.4454	0.4307	0.4077	0.4183	0.4298	0.4561	0.4313	0.414	0.3737	0.4052	0.4233	0.4277	0.3529	0.3943	0.3392	0.3966	0.3774	0.3838	0.3225	0.3838	0.3305	0.3275	0.3547	0.3646	0.3276	0.3542	0.3413	0.3319	0.3161	0.3426	0.35	0.3571	0.355	0.3644	0.3723	0.3642	0.3599	0.3782	0.3712	0.367	0.3391	0.3495	0.3789	0.3974	0.3872	0.3797	0.3148	0.3501	0.3811	0.3802	0.375	0.3648	0.4009	0.3811	0.3714	0.3744	0.4	0.3917	0.3908	0.3807	0.3829	0.3905	0.3952	0.3734	0.3753	0.3682	0.3581	0.369	0.3428	0.3369	0.2104
SYE_SYNEL	0.3481	0.4031	0.6391	0.6483	1.0	0.6194	0.6052	0.5419	0.4732	0.4371	0.397	0.3657	0.3878	0.3432	0.3404	0.4218	0.4179	0.4416	0.4124	0.408	0.4364	0.435	0.4295	0.3975	0.3768	0.3935	0.4159	0.4364	0.3593	0.4123	0.3634	0.411	0.3729	0.3729	0.3254	0.3848	0.3361	0.3421	0.3553	0.3792	0.3234	0.3484	0.3312	0.3455	0.3412	0.3573	0.3341	0.3844	0.378	0.3823	0.3793	0.3699	0.3634	0.3966	0.3689	0.3803	0.3504	0.3632	0.3794	0.3934	0.3811	0.3824	0.3187	0.3508	0.3991	0.4004	0.3777	0.3706	0.4013	0.3969	0.3742	0.3868	0.3917	0.3761	0.4187	0.3957	0.3935	0.4052	0.41	0.3926	0.378	0.381	0.3601	0.397	0.3254	0.3541	0.2199
SYE_PROMM	0.3407	0.3614	0.6142	0.6595	0.6194	1.0	0.7511	0.6403	0.5096	0.4168	0.3745	0.3198	0.3583	0.3265	0.3255	0.3901	0.3935	0.3892	0.3849	0.3914	0.3914	0.4043	0.4	0.3785	0.3742	0.3801	0.3909	0.4108	0.326	0.4013	0.3663	0.4082	0.3844	0.3909	0.3202	0.3607	0.3305	0.3385	0.3268	0.3499	0.3167	0.337	0.3348	0.3094	0.2898	0.3097	0.3319	0.3282	0.337	0.3092	0.3414	0.3333	0.329	0.3636	0.3471	0.3536	0.3197	0.3466	0.3546	0.3731	0.365	0.3709	0.3341	0.3501	0.3797	0.3722	0.3612	0.3562	0.3827	0.3659	0.354	0.3563	0.3778	0.3584	0.3863	0.3673	0.365	0.3596	0.3907	0.3642	0.3875	0.3546	0.3554	0.3598	0.3179	0.3384	0.2169
SYE_SYNPX	0.3309	0.362	0.5892	0.6366	0.6052	0.7511	1.0	0.6309	0.5011	0.4052	0.3629	0.3228	0.3492	0.3273	0.32	0.3922	0.3863	0.397	0.3957	0.382	0.3777	0.4142	0.4108	0.3841	0.3627	0.378	0.3888	0.3863	0.3341	0.404	0.361	0.3944	0.3858	0.375	0.302	0.3578	0.3255	0.315	0.3175	0.3513	0.3139	0.3428	0.3122	0.3174	0.3	0.3133	0.3224	0.3515	0.3275	0.3239	0.3624	0.3283	0.3217	0.3499	0.355	0.3442	0.3384	0.3238	0.3392	0.3642	0.3576	0.34	0.3171	0.3239	0.3767	0.3846	0.3758	0.351	0.3709	0.357	0.3488	0.3363	0.3628	0.3532	0.3656	0.3664	0.3576	0.3589	0.3833	0.3678	0.3689	0.3121	0.3216	0.3392	0.2952	0.3181	0.2139
SYE_PROMA	0.337	0.3459	0.5625	0.5841	0.5419	0.6403	0.6309	1.0	0.5353	0.4082	0.3853	0.3153	0.3333	0.3061	0.3066	0.4052	0.3785	0.3806	0.3935	0.3699	0.3763	0.3849	0.3871	0.3806	0.3527	0.3715	0.3801	0.4151	0.3106	0.3991	0.3371	0.3866	0.378	0.378	0.3202	0.3542	0.3519	0.3296	0.3485	0.3456	0.3189	0.3479	0.3545	0.3333	0.3137	0.3462	0.321	0.326	0.3239	0.3443	0.3435	0.3333	0.3442	0.3312	0.3297	0.3341	0.3218	0.3245	0.3348	0.351	0.3584	0.3664	0.297	0.3304	0.3554	0.359	0.3524	0.3363	0.3695	0.3659	0.3673	0.3541	0.3644	0.3518	0.3753	0.3562	0.3739	0.3838	0.3598	0.3488	0.363	0.3678	0.3554	0.3775	0.3355	0.3428	0.212
SYE_PROMP	0.3407	0.3289	0.5043	0.4957	0.4732	0.5096	0.5011	0.5353	1.0	0.4022	0.3858	0.2944	0.3138	0.3213	0.32	0.3935	0.3704	0.3662	0.367	0.3469	0.3704	0.364	0.382	0.3555	0.3555	0.3527	0.3484	0.3726	0.2917	0.3664	0.3333	0.3742	0.3634	0.3591	0.321	0.3484	0.3269	0.315	0.3513	0.3419	0.3283	0.3464	0.3682	0.3297	0.3362	0.3255	0.313	0.3072	0.3246	0.3144	0.342	0.3059	0.3037	0.3125	0.3197	0.3175	0.314	0.3121	0.3385	0.337	0.3576	0.359	0.3032	0.3406	0.3451	0.3421	0.3487	0.3304	0.3744	0.3797	0.3568	0.3659	0.3761	0.3634	0.367	0.3502	0.348	0.3581	0.3341	0.3429	0.3548	0.3816	0.3868	0.3956	0.3451	0.3565	0.2038
SYE_AQUAE	0.3593	0.426	0.4368	0.4145	0.4371	0.4168	0.4052	0.4082	0.4022	1.0	0.4627	0.3356	0.3371	0.3371	0.3864	0.4796	0.4647	0.4712	0.4506	0.4362	0.4915	0.439	0.4442	0.4191	0.4043	0.4163	0.4108	0.5106	0.3537	0.4923	0.4444	0.4362	0.4362	0.434	0.3826	0.4359	0.414	0.3934	0.3712	0.3841	0.3825	0.3513	0.3448	0.4125	0.375	0.403	0.3355	0.3485	0.355	0.3796	0.3961	0.3798	0.3777	0.4077	0.3576	0.3576	0.3498	0.3632	0.4088	0.4044	0.4027	0.4115	0.3664	0.3886	0.4022	0.4145	0.3742	0.356	0.4176	0.4119	0.3943	0.4128	0.4405	0.4311	0.4398	0.4092	0.4267	0.413	0.4201	0.3961	0.3612	0.3996	0.4114	0.4026	0.3786	0.3658	0.218
SYE1_THETN	0.3197	0.4194	0.4056	0.3974	0.397	0.3745	0.3629	0.3853	0.3858	0.4627	1.0	0.3423	0.316	0.3394	0.3536	0.4283	0.4222	0.4089	0.406	0.389	0.447	0.435	0.4133	0.3721	0.3816	0.3983	0.3884	0.4511	0.368	0.453	0.4527	0.4193	0.3983	0.3962	0.3384	0.4403	0.4223	0.3363	0.4081	0.4119	0.3631	0.3627	0.3734	0.4056	0.3948	0.408	0.3688	0.3613	0.3763	0.3712	0.3974	0.3919	0.3683	0.3889	0.3814	0.3582	0.3739	0.3493	0.3829	0.4004	0.3974	0.4053	0.3433	0.4087	0.4442	0.4214	0.4096	0.3764	0.3868	0.3947	0.3838	0.3978	0.4298	0.4174	0.4065	0.4078	0.4187	0.406	0.4022	0.3848	0.3904	0.3796	0.387	0.3957	0.3587	0.3613	0.2146
SYE2_BRUME	0.2788	0.2752	0.3394	0.3529	0.3657	0.3198	0.3228	0.3153	0.2944	0.3356	0.3423	1.0	0.4955	0.4331	0.2689	0.3468	0.3491	0.3236	0.3378	0.3266	0.3221	0.3266	0.3401	0.3176	0.2995	0.3213	0.3191	0.3176	0.2916	0.3265	0.2958	0.3326	0.3213	0.3258	0.2991	0.3296	0.2793	0.3432	0.2919	0.3077	0.2957	0.3023	0.2886	0.267	0.2715	0.2568	0.2653	0.2766	0.2902	0.2727	0.2993	0.2841	0.275	0.31	0.316	0.3167	0.2867	0.3009	0.3341	0.3485	0.3219	0.3265	0.2787	0.3098	0.3478	0.3356	0.3311	0.3142	0.3066	0.3028	0.3165	0.3395	0.3594	0.3165	0.3135	0.3372	0.3211	0.3341	0.3204	0.3089	0.3025	0.2968	0.286	0.2975	0.2677	0.267	0.2187
SYE_AZOBR	0.316	0.3203	0.3568	0.3545	0.3878	0.3583	0.3492	0.3333	0.3138	0.3371	0.316	0.4955	1.0	0.4432	0.2967	0.3318	0.3258	0.3251	0.3152	0.319	0.3348	0.3462	0.3311	0.3009	0.2851	0.3251	0.3138	0.3348	0.2769	0.3545	0.3224	0.3228	0.3341	0.3296	0.3014	0.3258	0.2851	0.3311	0.2773	0.2818	0.2971	0.2854	0.2763	0.2614	0.2545	0.2805	0.2938	0.3189	0.3235	0.2854	0.2847	0.3037	0.3014	0.3455	0.3401	0.3455	0.31	0.3068	0.3211	0.328	0.3218	0.308	0.2867	0.3005	0.3326	0.3295	0.3432	0.3218	0.2867	0.2736	0.2874	0.3079	0.3502	0.3333	0.3326	0.3218	0.3264	0.3144	0.3303	0.3211	0.3333	0.2952	0.2867	0.289	0.2798	0.2698	0.202
SYE1_RICCN	0.2714	0.2818	0.3371	0.3394	0.3432	0.3265	0.3273	0.3061	0.3213	0.3371	0.3394	0.4331	0.4432	1.0	0.2952	0.3371	0.3258	0.316	0.3258	0.3213	0.3167	0.3439	0.3213	0.3122	0.2919	0.3183	0.3183	0.3462	0.254	0.3265	0.2901	0.316	0.3047	0.2912	0.2831	0.3243	0.3009	0.3341	0.2802	0.2551	0.3152	0.2945	0.2991	0.275	0.2568	0.2511	0.2392	0.287	0.2756	0.2443	0.2779	0.2763	0.2603	0.2795	0.2834	0.2773	0.2602	0.2659	0.3295	0.3227	0.3264	0.3241	0.2972	0.3227	0.3241	0.3142	0.3096	0.2811	0.3149	0.2972	0.3141	0.3295	0.3148	0.3226	0.3018	0.3134	0.3134	0.3112	0.2926	0.3018	0.2877	0.3103	0.3226	0.3018	0.2949	0.2893	0.2015
SYE2_CAMJE	0.2868	0.3278	0.3318	0.3239	0.3404	0.3255	0.32	0.3066	0.32	0.3864	0.3536	0.2689	0.2967	0.2952	1.0	0.3677	0.356	0.3645	0.3536	0.3349	0.3583	0.3607	0.37	0.3255	0.3349	0.32	0.3412	0.3536	0.2833	0.3506	0.3293	0.3318	0.3248	0.3248	0.2908	0.3443	0.3232	0.3192	0.284	0.2934	0.3451	0.3326	0.3232	0.3459	0.3216	0.3396	0.2824	0.2887	0.2958	0.2988	0.3005	0.305	0.3073	0.3052	0.2958	0.2871	0.2864	0.2931	0.3263	0.3122	0.3059	0.342	0.5236	0.3082	0.3341	0.3333	0.3176	0.3113	0.3491	0.3349	0.3365	0.3508	0.3341	0.3522	0.3404	0.3128	0.3223	0.3169	0.3191	0.3168	0.3112	0.3365	0.3514	0.342	0.3137	0.3052	0.1675
SYE_BACSU	0.3333	0.3943	0.4356	0.4301	0.4218	0.3901	0.3922	0.4052	0.3935	0.4796	0.4283	0.3468	0.3318	0.3371	0.3677	1.0	0.7378	0.685	0.6554	0.6913	0.6702	0.6512	0.6377	0.5603	0.5349	0.5806	0.5484	0.5244	0.3587	0.4254	0.3916	0.3838	0.3987	0.3923	0.3471	0.4225	0.4038	0.375	0.3892	0.379	0.3978	0.423	0.436	0.3801	0.3556	0.4183	0.3427	0.4109	0.3935	0.3799	0.3804	0.372	0.3677	0.3889	0.3815	0.3634	0.3753	0.3559	0.3913	0.4074	0.3772	0.3799	0.3756	0.3585	0.3755	0.3529	0.3442	0.3326	0.3934	0.3747	0.388	0.388	0.4128	0.375	0.3838	0.3567	0.3435	0.3813	0.364	0.3509	0.3546	0.3742	0.3882	0.3772	0.3443	0.3406	0.2249
SYE_BACAA	0.3333	0.3925	0.4359	0.4454	0.4179	0.3935	0.3863	0.3785	0.3704	0.4647	0.4222	0.3491	0.3258	0.3258	0.356	0.7378	1.0	0.7158	0.6878	0.68	0.6695	0.6337	0.6554	0.5621	0.5347	0.5632	0.5418	0.5137	0.3398	0.4454	0.3921	0.3822	0.3758	0.3779	0.3283	0.4207	0.3979	0.3712	0.3597	0.3753	0.3919	0.4168	0.4125	0.3699	0.3584	0.3827	0.3369	0.3766	0.3593	0.363	0.3831	0.3769	0.3812	0.3723	0.3755	0.3405	0.3439	0.3457	0.3891	0.3987	0.3838	0.3843	0.3502	0.3456	0.3826	0.3818	0.3601	0.329	0.3895	0.3819	0.3819	0.3753	0.4044	0.3821	0.3668	0.3551	0.3464	0.3666	0.3668	0.3428	0.3531	0.3725	0.3734	0.3537	0.3319	0.3434	0.2071
SYE_LISIN	0.3222	0.3764	0.4426	0.4307	0.4416	0.3892	0.397	0.3806	0.3662	0.4712	0.4089	0.3236	0.3251	0.316	0.3645	0.685	0.7158	1.0	0.6962	0.6184	0.6331	0.5853	0.6533	0.5962	0.5481	0.5757	0.5513	0.5158	0.3512	0.45	0.3943	0.3739	0.3634	0.3655	0.344	0.4205	0.4059	0.3865	0.3681	0.3665	0.3915	0.4013	0.4034	0.3774	0.3489	0.4079	0.3326	0.3712	0.3627	0.365	0.3884	0.3851	0.3915	0.3755	0.3539	0.3248	0.3424	0.3477	0.3926	0.3788	0.3654	0.366	0.3586	0.347	0.3709	0.3658	0.3542	0.3067	0.3943	0.3838	0.364	0.386	0.4017	0.3796	0.3883	0.3534	0.3642	0.3642	0.3666	0.3427	0.3514	0.3745	0.3644	0.3796	0.3427	0.3412	0.1929
SYE_STAAM	0.3037	0.3692	0.4197	0.4077	0.4124	0.3849	0.3957	0.3935	0.367	0.4506	0.406	0.3378	0.3152	0.3258	0.3536	0.6554	0.6878	0.6962	1.0	0.6371	0.6097	0.5844	0.6448	0.5928	0.5338	0.6052	0.5558	0.4873	0.3492	0.4267	0.3907	0.3702	0.3532	0.3553	0.3333	0.411	0.4135	0.3611	0.3519	0.3526	0.4077	0.4004	0.4264	0.3772	0.3505	0.3708	0.3333	0.3709	0.3644	0.3529	0.3883	0.367	0.367	0.3731	0.3484	0.3391	0.3383	0.3399	0.4022	0.3791	0.386	0.3668	0.3479	0.3434	0.366	0.3652	0.363	0.31	0.3882	0.3872	0.3805	0.3805	0.4075	0.3873	0.3851	0.3755	0.3668	0.3957	0.3698	0.3589	0.3495	0.3581	0.3611	0.3851	0.337	0.3442	0.1933
SYE_OCEIH	0.3222	0.3882	0.4128	0.4183	0.408	0.3914	0.382	0.3699	0.3469	0.4362	0.389	0.3266	0.319	0.3213	0.3349	0.6913	0.68	0.6184	0.6371	1.0	0.6464	0.6105	0.6047	0.524	0.501	0.5565	0.5256	0.4895	0.3305	0.4052	0.3799	0.3579	0.3579	0.3621	0.3126	0.3962	0.3779	0.3472	0.3461	0.3594	0.4098	0.4197	0.4069	0.3667	0.3255	0.3627	0.3455	0.3562	0.3584	0.3405	0.382	0.3809	0.3489	0.3608	0.3553	0.3461	0.3319	0.3167	0.3761	0.3704	0.3531	0.3559	0.341	0.3132	0.3543	0.3406	0.342	0.3196	0.3537	0.3457	0.3523	0.3611	0.3747	0.3766	0.3506	0.3585	0.3499	0.3484	0.3658	0.3506	0.342	0.3607	0.3615	0.3615	0.3463	0.3319	0.2099
SYE_BACST	0.3148	0.4145	0.4362	0.4298	0.4364	0.3914	0.3777	0.3763	0.3704	0.4915	0.447	0.3221	0.3348	0.3167	0.3583	0.6702	0.6695	0.6331	0.6097	0.6464	1.0	0.6316	0.611	0.5356	0.546	0.5608	0.5641	0.4958	0.3677	0.4379	0.4158	0.3903	0.3797	0.3903	0.3498	0.4307	0.4268	0.3493	0.3723	0.3941	0.4404	0.427	0.4185	0.3611	0.3518	0.3971	0.3584	0.3957	0.3892	0.3866	0.4043	0.4149	0.4021	0.3742	0.3497	0.3489	0.3488	0.3406	0.3783	0.3747	0.3531	0.3537	0.341	0.3348	0.3783	0.3579	0.3506	0.3435	0.3646	0.3553	0.3596	0.375	0.393	0.3557	0.3753	0.3485	0.3442	0.3556	0.3557	0.3341	0.3617	0.3745	0.3536	0.3623	0.3406	0.3369	0.2033
SYE_BACHD	0.3444	0.3882	0.4316	0.4561	0.435	0.4043	0.4142	0.3849	0.364	0.439	0.435	0.3266	0.3462	0.3439	0.3607	0.6512	0.6337	0.5853	0.5844	0.6105	0.6316	1.0	0.5772	0.5242	0.5053	0.5203	0.5118	0.4926	0.3593	0.4716	0.3811	0.414	0.4034	0.4119	0.3283	0.4249	0.4316	0.3515	0.3833	0.3774	0.3961	0.3801	0.3866	0.3656	0.3433	0.3827	0.3584	0.3853	0.3896	0.3674	0.3788	0.3897	0.3704	0.3809	0.3712	0.3747	0.3461	0.3478	0.4065	0.3922	0.3969	0.369	0.3618	0.3499	0.3848	0.3861	0.3753	0.3464	0.4048	0.3819	0.3841	0.3907	0.4154	0.3712	0.3974	0.3638	0.3638	0.3926	0.3799	0.3559	0.3575	0.3617	0.3799	0.3515	0.3493	0.3434	0.219
SYE_ENTFA	0.3148	0.3758	0.4283	0.4313	0.4295	0.4	0.4108	0.3871	0.382	0.4442	0.4133	0.3401	0.3311	0.3213	0.37	0.6377	0.6554	0.6533	0.6448	0.6047	0.611	0.5772	1.0	0.649	0.5983	0.6387	0.6366	0.4873	0.3478	0.4398	0.4027	0.3838	0.371	0.3646	0.3471	0.4119	0.4144	0.3786	0.3755	0.3675	0.4313	0.4113	0.4113	0.3866	0.3664	0.38	0.347	0.3826	0.387	0.366	0.3978	0.3763	0.3677	0.3868	0.3849	0.3419	0.3454	0.3341	0.3943	0.4039	0.3618	0.3624	0.3456	0.3442	0.3755	0.3769	0.3442	0.3414	0.3816	0.3783	0.365	0.3925	0.3965	0.3873	0.3873	0.372	0.3654	0.3696	0.3764	0.3414	0.3524	0.3755	0.3961	0.3676	0.337	0.3377	0.2057
SYE_LACPL	0.3	0.3465	0.4021	0.414	0.3975	0.3785	0.3841	0.3806	0.3555	0.4191	0.3721	0.3176	0.3009	0.3122	0.3255	0.5603	0.5621	0.5962	0.5928	0.524	0.5356	0.5242	0.649	1.0	0.6167	0.5778	0.5748	0.4664	0.2998	0.4074	0.3922	0.3697	0.355	0.3613	0.3226	0.3808	0.3792	0.3275	0.3376	0.3552	0.4098	0.3769	0.3812	0.3702	0.3609	0.341	0.3362	0.3619	0.3683	0.3599	0.3619	0.38	0.3758	0.3368	0.3553	0.3326	0.3186	0.3139	0.3674	0.387	0.3662	0.3603	0.3157	0.3326	0.3587	0.3623	0.3225	0.3167	0.3777	0.3742	0.3457	0.3895	0.3747	0.3658	0.3571	0.3341	0.3276	0.3505	0.3528	0.3355	0.3239	0.3413	0.3312	0.3593	0.329	0.3148	0.1859
SYE_LACDE	0.3148	0.3531	0.3915	0.3737	0.3768	0.3742	0.3627	0.3527	0.3555	0.4043	0.3816	0.2995	0.2851	0.2919	0.3349	0.5349	0.5347	0.5481	0.5338	0.501	0.546	0.5053	0.5983	0.6167	1.0	0.5544	0.5855	0.4412	0.3141	0.39	0.3826	0.3271	0.325	0.3229	0.3156	0.3734	0.3747	0.3319	0.3453	0.3109	0.3996	0.3718	0.359	0.3503	0.3227	0.357	0.2934	0.3291	0.3248	0.3355	0.3461	0.3546	0.3609	0.3242	0.3439	0.3383	0.3207	0.3074	0.3413	0.35	0.3443	0.3362	0.318	0.324	0.3413	0.3384	0.3139	0.3232	0.369	0.3646	0.3646	0.3764	0.3725	0.3456	0.3585	0.3398	0.3333	0.3283	0.3391	0.3305	0.3109	0.3276	0.3175	0.3175	0.2959	0.3141	0.1882
SYE_STRA3	0.2862	0.3739	0.4181	0.4052	0.3935	0.3801	0.378	0.3715	0.3527	0.4163	0.3983	0.3213	0.3251	0.3183	0.32	0.5806	0.5632	0.5757	0.6052	0.5565	0.5608	0.5203	0.6387	0.5778	0.5544	1.0	0.7719	0.4466	0.326	0.4229	0.3764	0.3646	0.371	0.3497	0.3246	0.4004	0.4136	0.3282	0.347	0.3642	0.4194	0.4035	0.3948	0.3737	0.3521	0.359	0.329	0.3442	0.3398	0.3348	0.368	0.3742	0.372	0.3656	0.3333	0.3283	0.309	0.3129	0.3797	0.3709	0.3764	0.3636	0.3179	0.3377	0.3598	0.3458	0.3473	0.3267	0.3783	0.3827	0.3916	0.3902	0.4111	0.362	0.3819	0.3502	0.348	0.3728	0.3642	0.351	0.3392	0.3524	0.3444	0.3532	0.3311	0.3319	0.2053
SYE_LACLA	0.2974	0.3827	0.4276	0.4233	0.4159	0.3909	0.3888	0.3801	0.3484	0.4108	0.3884	0.3191	0.3138	0.3183	0.3412	0.5484	0.5418	0.5513	0.5558	0.5256	0.5641	0.5118	0.6366	0.5748	0.5855	0.7719	1.0	0.4304	0.3333	0.4295	0.3817	0.3419	0.3504	0.3419	0.3079	0.4227	0.4188	0.326	0.3585	0.3521	0.4224	0.4	0.387	0.3745	0.3463	0.3576	0.342	0.3709	0.3601	0.3355	0.3536	0.3707	0.3728	0.3664	0.347	0.3376	0.3376	0.3129	0.3819	0.3841	0.3875	0.3769	0.3434	0.3399	0.3664	0.3568	0.3407	0.3333	0.3761	0.3947	0.3792	0.3933	0.3942	0.3783	0.3916	0.3775	0.351	0.3648	0.3695	0.354	0.3556	0.362	0.3606	0.3606	0.3451	0.3348	0.2081
SYE2_THETN	0.3185	0.3969	0.4426	0.4277	0.4364	0.4108	0.3863	0.4151	0.3726	0.5106	0.4511	0.3176	0.3348	0.3462	0.3536	0.5244	0.5137	0.5158	0.4873	0.4895	0.4958	0.4926	0.4873	0.4664	0.4412	0.4466	0.4304	1.0	0.3607	0.4423	0.4145	0.4165	0.4123	0.4059	0.3384	0.4219	0.4097	0.3755	0.3872	0.3737	0.3787	0.3712	0.3627	0.3919	0.359	0.3692	0.3233	0.3599	0.3664	0.3629	0.3944	0.3753	0.3838	0.3652	0.3326	0.3475	0.3439	0.3239	0.3712	0.3873	0.3736	0.3786	0.3341	0.3384	0.3734	0.3551	0.3413	0.321	0.4061	0.3706	0.386	0.4154	0.4092	0.3935	0.3957	0.3717	0.3891	0.3866	0.3717	0.3717	0.3457	0.3818	0.3935	0.4109	0.3717	0.3828	0.2109
SYE_GLOVI	0.3284	0.4368	0.345	0.3529	0.3593	0.326	0.3341	0.3106	0.2917	0.3537	0.368	0.2916	0.2769	0.254	0.2833	0.3587	0.3398	0.3512	0.3492	0.3305	0.3677	0.3593	0.3478	0.2998	0.3141	0.326	0.3333	0.3607	1.0	0.3422	0.3254	0.3054	0.3043	0.2894	0.3389	0.2949	0.371	0.3027	0.3737	0.3849	0.3145	0.3188	0.2904	0.3485	0.3463	0.3658	0.4116	0.3965	0.3834	0.3816	0.3638	0.3821	0.3472	0.3249	0.3124	0.3291	0.3108	0.2817	0.3193	0.2989	0.311	0.3118	0.2834	0.2996	0.3415	0.3429	0.3355	0.3165	0.314	0.3067	0.3096	0.3221	0.3333	0.3216	0.3326	0.3161	0.3183	0.3042	0.3216	0.3106	0.3304	0.3055	0.2775	0.3106	0.2665	0.2767	0.2037
SYE1_THEMA	0.2985	0.42	0.4132	0.3943	0.4123	0.4013	0.404	0.3991	0.3664	0.4923	0.453	0.3265	0.3545	0.3265	0.3506	0.4254	0.4454	0.45	0.4267	0.4052	0.4379	0.4716	0.4398	0.4074	0.39	0.4229	0.4295	0.4423	0.3422	1.0	0.5	0.4401	0.4423	0.4401	0.3371	0.4478	0.4009	0.3742	0.3838	0.4013	0.3684	0.354	0.3606	0.3695	0.3576	0.3734	0.3348	0.3711	0.3733	0.3675	0.4111	0.37	0.3744	0.3802	0.3706	0.3802	0.3501	0.3618	0.4135	0.4067	0.3941	0.3978	0.3573	0.3973	0.418	0.4058	0.3937	0.3685	0.409	0.3832	0.3792	0.3909	0.4369	0.3955	0.4013	0.3753	0.3843	0.3898	0.3857	0.37	0.3937	0.3781	0.3767	0.3632	0.3655	0.3171	0.2086
SYE2_THEMA	0.3101	0.4186	0.3689	0.3392	0.3634	0.3663	0.361	0.3371	0.3333	0.4444	0.4527	0.2958	0.3224	0.2901	0.3293	0.3916	0.3921	0.3943	0.3907	0.3799	0.4158	0.3811	0.4027	0.3922	0.3826	0.3764	0.3817	0.4145	0.3254	0.5	1.0	0.3816	0.3838	0.3823	0.3397	0.3874	0.3587	0.3349	0.3532	0.3789	0.3414	0.32	0.3244	0.396	0.3695	0.3723	0.3437	0.3786	0.3719	0.3767	0.4143	0.3473	0.3473	0.3561	0.356	0.3591	0.3476	0.343	0.3371	0.356	0.3425	0.3537	0.3141	0.3348	0.3914	0.4041	0.3761	0.3565	0.3741	0.3605	0.3492	0.3864	0.3801	0.3775	0.361	0.3567	0.3479	0.3683	0.3767	0.3453	0.3483	0.3363	0.3371	0.3416	0.3461	0.3222	0.1702
SYE_TOBAC	0.2889	0.3684	0.4133	0.3966	0.411	0.4082	0.3944	0.3866	0.3742	0.4362	0.4193	0.3326	0.3228	0.316	0.3318	0.3838	0.3822	0.3739	0.3702	0.3579	0.3903	0.414	0.3838	0.3697	0.3271	0.3646	0.3419	0.4165	0.3054	0.4401	0.3816	1.0	0.7564	0.7172	0.2996	0.3979	0.3361	0.3581	0.3482	0.3679	0.3333	0.3497	0.3518	0.3362	0.3447	0.3361	0.3112	0.3582	0.3603	0.3354	0.3388	0.3482	0.3439	0.343	0.3495	0.3402	0.3333	0.3117	0.3567	0.3673	0.3885	0.3626	0.3103	0.3543	0.3632	0.3668	0.3529	0.3514	0.3487	0.3457	0.3414	0.3662	0.4035	0.3717	0.3891	0.3546	0.3631	0.3672	0.3674	0.35	0.3717	0.3557	0.3283	0.3217	0.3413	0.329	0.1686
SYE_ARATH	0.2778	0.3553	0.4004	0.3774	0.3729	0.3844	0.3858	0.378	0.3634	0.4362	0.3983	0.3213	0.3341	0.3047	0.3248	0.3987	0.3758	0.3634	0.3532	0.3579	0.3797	0.4034	0.371	0.355	0.325	0.371	0.3504	0.4123	0.3043	0.4423	0.3838	0.7564	1.0	0.7316	0.2947	0.3854	0.3382	0.3734	0.3609	0.3552	0.3291	0.3326	0.3433	0.3447	0.3447	0.3507	0.3155	0.3582	0.3603	0.3354	0.3306	0.3418	0.3397	0.3445	0.3474	0.341	0.3298	0.3182	0.3523	0.3758	0.3731	0.3582	0.3149	0.3457	0.3567	0.3603	0.3573	0.3492	0.3575	0.3457	0.3414	0.3443	0.3969	0.3609	0.3826	0.3533	0.3662	0.3737	0.3457	0.3304	0.3543	0.3536	0.3435	0.3261	0.3326	0.3333	0.1717
SYE_HORVU	0.2963	0.3487	0.3876	0.3838	0.3729	0.3909	0.375	0.378	0.3591	0.434	0.3962	0.3258	0.3296	0.2912	0.3248	0.3923	0.3779	0.3655	0.3553	0.3621	0.3903	0.4119	0.3646	0.3613	0.3229	0.3497	0.3419	0.4059	0.2894	0.4401	0.3823	0.7172	0.7316	1.0	0.2979	0.4	0.3236	0.3537	0.3482	0.3531	0.3165	0.3539	0.3454	0.3277	0.3447	0.3424	0.3155	0.3412	0.3454	0.3229	0.3306	0.3439	0.3355	0.3424	0.3368	0.341	0.334	0.3182	0.337	0.3607	0.362	0.3451	0.308	0.3565	0.3589	0.3712	0.3573	0.3384	0.3553	0.3392	0.3392	0.3575	0.3904	0.3674	0.3717	0.3533	0.3597	0.3607	0.35	0.3391	0.3565	0.3536	0.3283	0.3304	0.3304	0.3247	0.1624
SYEM_YEAST	0.3383	0.3511	0.3239	0.3225	0.3254	0.3202	0.302	0.3202	0.321	0.3826	0.3384	0.2991	0.3014	0.2831	0.2908	0.3471	0.3283	0.344	0.3333	0.3126	0.3498	0.3283	0.3471	0.3226	0.3156	0.3246	0.3079	0.3384	0.3389	0.3371	0.3397	0.2996	0.2947	0.2979	1.0	0.3433	0.366	0.3185	0.3555	0.3596	0.3139	0.3022	0.2978	0.3872	0.3803	0.3474	0.3369	0.3276	0.3298	0.3642	0.3576	0.3791	0.39	0.3139	0.2937	0.2833	0.2806	0.2885	0.2785	0.2723	0.292	0.3194	0.2897	0.3289	0.3092	0.2982	0.321	0.2928	0.3436	0.359	0.3297	0.3496	0.3158	0.3059	0.3145	0.293	0.3072	0.2909	0.3007	0.3007	0.3094	0.303	0.2919	0.3059	0.321	0.2961	0.1686
SYE_LEPIN	0.3197	0.3868	0.3782	0.3838	0.3848	0.3607	0.3578	0.3542	0.3484	0.4359	0.4403	0.3296	0.3258	0.3243	0.3443	0.4225	0.4207	0.4205	0.411	0.3962	0.4307	0.4249	0.4119	0.3808	0.3734	0.4004	0.4227	0.4219	0.2949	0.4478	0.3874	0.3979	0.3854	0.4	0.3433	1.0	0.3721	0.3662	0.38	0.36	0.3581	0.364	0.3555	0.3638	0.3638	0.3633	0.3298	0.364	0.3812	0.3383	0.3681	0.3369	0.3582	0.3579	0.3291	0.3467	0.3284	0.3333	0.3348	0.3514	0.3575	0.3668	0.3364	0.3521	0.3761	0.3688	0.342	0.3182	0.3777	0.3624	0.3428	0.3786	0.3856	0.3585	0.3585	0.367	0.3541	0.367	0.3434	0.311	0.3362	0.3556	0.3413	0.3542	0.3175	0.3141	0.1929
SYE_CHLTE	0.3137	0.4267	0.3439	0.3305	0.3361	0.3305	0.3255	0.3519	0.3269	0.414	0.4223	0.2793	0.2851	0.3009	0.3232	0.4038	0.3979	0.4059	0.4135	0.3779	0.4268	0.4316	0.4144	0.3792	0.3747	0.4136	0.4188	0.4097	0.371	0.4009	0.3587	0.3361	0.3382	0.3236	0.366	0.3721	1.0	0.321	0.3763	0.3795	0.3629	0.3518	0.3348	0.4301	0.3941	0.3896	0.3803	0.3923	0.3838	0.3803	0.4395	0.4565	0.4374	0.3109	0.3354	0.3291	0.3158	0.3002	0.3753	0.3471	0.3851	0.3617	0.3134	0.3147	0.3406	0.342	0.3348	0.3442	0.3573	0.3638	0.3529	0.3821	0.3804	0.3621	0.3642	0.3691	0.3755	0.364	0.3556	0.3362	0.3341	0.3419	0.3297	0.3599	0.3147	0.3369	0.1948
SYE2_COXBU	0.2873	0.278	0.3275	0.3275	0.3421	0.3385	0.315	0.3296	0.315	0.3934	0.3363	0.3432	0.3311	0.3341	0.3192	0.375	0.3712	0.3865	0.3611	0.3472	0.3493	0.3515	0.3786	0.3275	0.3319	0.3282	0.326	0.3755	0.3027	0.3742	0.3349	0.3581	0.3734	0.3537	0.3185	0.3662	0.321	1.0	0.3304	0.3282	0.3268	0.3186	0.3186	0.298	0.304	0.2873	0.2733	0.3164	0.3252	0.2971	0.3009	0.3128	0.304	0.3451	0.3077	0.3231	0.3165	0.308	0.3221	0.3378	0.3206	0.302	0.3086	0.3132	0.349	0.3259	0.3147	0.2937	0.3423	0.3176	0.3303	0.3454	0.3506	0.343	0.3512	0.3341	0.3363	0.3467	0.302	0.2819	0.307	0.3371	0.3311	0.3356	0.3177	0.3186	0.1869
SYE_BORBU	0.3137	0.393	0.3584	0.3547	0.3553	0.3268	0.3175	0.3485	0.3513	0.3712	0.4081	0.2919	0.2773	0.2802	0.284	0.3892	0.3597	0.3681	0.3519	0.3461	0.3723	0.3833	0.3755	0.3376	0.3453	0.347	0.3585	0.3872	0.3737	0.3838	0.3532	0.3482	0.3609	0.3482	0.3555	0.38	0.3763	0.3304	1.0	0.4979	0.3156	0.3161	0.3419	0.411	0.4183	0.3937	0.3427	0.3996	0.3996	0.3683	0.3782	0.3901	0.3772	0.3894	0.3404	0.371	0.3504	0.342	0.3414	0.3355	0.3582	0.3632	0.3032	0.3413	0.3742	0.3392	0.3377	0.3166	0.3654	0.3676	0.3551	0.3744	0.3624	0.3745	0.3607	0.3615	0.3636	0.3541	0.3312	0.3333	0.3136	0.3578	0.3636	0.3542	0.3607	0.3333	0.1919
SYE_TREPA	0.31	0.4127	0.3704	0.3646	0.3792	0.3499	0.3513	0.3456	0.3419	0.3841	0.4119	0.3077	0.2818	0.2551	0.2934	0.379	0.3753	0.3665	0.3526	0.3594	0.3941	0.3774	0.3675	0.3552	0.3109	0.3642	0.3521	0.3737	0.3849	0.4013	0.3789	0.3679	0.3552	0.3531	0.3596	0.36	0.3795	0.3282	0.4979	1.0	0.2957	0.3226	0.3355	0.3755	0.3822	0.3962	0.367	0.383	0.3957	0.3992	0.3708	0.3815	0.3491	0.3792	0.322	0.3625	0.3404	0.3399	0.3529	0.3755	0.3589	0.3529	0.2801	0.3355	0.3878	0.3704	0.3666	0.35	0.3428	0.3428	0.3239	0.3341	0.3587	0.3892	0.3812	0.3599	0.357	0.3511	0.3427	0.347	0.345	0.3355	0.3297	0.349	0.3019	0.3199	0.1872
SYE_MYCGA	0.2841	0.3216	0.3484	0.3276	0.3234	0.3167	0.3139	0.3189	0.3283	0.3825	0.3631	0.2957	0.2971	0.3152	0.3451	0.3978	0.3919	0.3915	0.4077	0.4098	0.4404	0.3961	0.4313	0.4098	0.3996	0.4194	0.4224	0.3787	0.3145	0.3684	0.3414	0.3333	0.3291	0.3165	0.3139	0.3581	0.3629	0.3268	0.3156	0.2957	1.0	0.5021	0.5021	0.3541	0.3262	0.3157	0.2935	0.3032	0.2946	0.2753	0.3176	0.3047	0.3155	0.3077	0.286	0.2936	0.2842	0.2854	0.2923	0.3429	0.3119	0.3194	0.321	0.3013	0.3099	0.318	0.3107	0.3033	0.3363	0.3246	0.2763	0.3282	0.3319	0.3377	0.3312	0.3115	0.3203	0.3009	0.3246	0.3203	0.293	0.3478	0.3377	0.3355	0.3551	0.3168	0.191
SYE_MYCPN	0.2952	0.3378	0.3601	0.3542	0.3484	0.337	0.3428	0.3479	0.3464	0.3513	0.3627	0.3023	0.2854	0.2945	0.3326	0.423	0.4168	0.4013	0.4004	0.4197	0.427	0.3801	0.4113	0.3769	0.3718	0.4035	0.4	0.3712	0.3188	0.354	0.32	0.3497	0.3326	0.3539	0.3022	0.364	0.3518	0.3186	0.3161	0.3226	0.5021	1.0	0.717	0.3398	0.3225	0.3248	0.307	0.3312	0.3398	0.3102	0.3225	0.3095	0.3009	0.3341	0.3169	0.3155	0.3211	0.3099	0.3208	0.3363	0.3274	0.3459	0.3186	0.3348	0.3407	0.3333	0.3326	0.3075	0.3252	0.3245	0.3046	0.3082	0.3473	0.3531	0.3443	0.3531	0.3509	0.3181	0.3421	0.3465	0.3415	0.3414	0.3246	0.3289	0.3509	0.3275	0.1967
SYE_MYCGE	0.3026	0.3156	0.3644	0.3413	0.3312	0.3348	0.3122	0.3545	0.3682	0.3448	0.3734	0.2886	0.2763	0.2991	0.3232	0.436	0.4125	0.4034	0.4264	0.4069	0.4185	0.3866	0.4113	0.3812	0.359	0.3948	0.387	0.3627	0.2904	0.3606	0.3244	0.3518	0.3433	0.3454	0.2978	0.3555	0.3348	0.3186	0.3419	0.3355	0.5021	0.717	1.0	0.3485	0.3225	0.3205	0.3004	0.3052	0.3182	0.3102	0.3052	0.3009	0.2965	0.3276	0.3148	0.309	0.306	0.3143	0.3164	0.3385	0.3408	0.3525	0.3279	0.326	0.3208	0.3179	0.3084	0.2876	0.3341	0.3377	0.3113	0.3304	0.3473	0.3487	0.3355	0.3465	0.3487	0.3203	0.3289	0.3268	0.3149	0.3414	0.3618	0.3377	0.3794	0.3427	0.1825
SYE_CLOTE	0.3358	0.3943	0.3398	0.3319	0.3455	0.3094	0.3174	0.3333	0.3297	0.4125	0.4056	0.267	0.2614	0.275	0.3459	0.3801	0.3699	0.3774	0.3772	0.3667	0.3611	0.3656	0.3866	0.3702	0.3503	0.3737	0.3745	0.3919	0.3485	0.3695	0.396	0.3362	0.3447	0.3277	0.3872	0.3638	0.4301	0.298	0.411	0.3755	0.3541	0.3398	0.3485	1.0	0.7315	0.3966	0.3326	0.3784	0.37	0.383	0.3869	0.3844	0.3888	0.3723	0.3298	0.3397	0.3362	0.3319	0.3362	0.3515	0.337	0.3618	0.3248	0.3362	0.369	0.3537	0.3565	0.3413	0.3698	0.3515	0.3573	0.3706	0.3807	0.3542	0.3685	0.3642	0.3849	0.3683	0.3623	0.3406	0.3144	0.3462	0.3536	0.3858	0.3448	0.3433	0.2138
SYE_CLOAB	0.3506	0.378	0.3283	0.3161	0.3412	0.2898	0.3	0.3137	0.3362	0.375	0.3948	0.2715	0.2545	0.2568	0.3216	0.3556	0.3584	0.3489	0.3505	0.3255	0.3518	0.3433	0.3664	0.3609	0.3227	0.3521	0.3463	0.359	0.3463	0.3576	0.3695	0.3447	0.3447	0.3447	0.3803	0.3638	0.3941	0.304	0.4183	0.3822	0.3262	0.3225	0.3225	0.7315	1.0	0.3911	0.3211	0.3774	0.371	0.3863	0.371	0.3685	0.3707	0.3397	0.3084	0.3184	0.3248	0.3203	0.329	0.3464	0.3341	0.3414	0.3032	0.3246	0.3725	0.3529	0.3362	0.3297	0.3581	0.3545	0.3501	0.3531	0.3472	0.3514	0.3601	0.3629	0.3715	0.3621	0.3254	0.3232	0.3181	0.342	0.3384	0.3666	0.3427	0.3476	0.1896
SYE_FUSNN	0.3173	0.5131	0.3689	0.3426	0.3573	0.3097	0.3133	0.3462	0.3255	0.403	0.408	0.2568	0.2805	0.2511	0.3396	0.4183	0.3827	0.4079	0.3708	0.3627	0.3971	0.3827	0.38	0.341	0.357	0.359	0.3576	0.3692	0.3658	0.3734	0.3723	0.3361	0.3507	0.3424	0.3474	0.3633	0.3896	0.2873	0.3937	0.3962	0.3157	0.3248	0.3205	0.3966	0.3911	1.0	0.4437	0.4076	0.4098	0.4478	0.4204	0.3817	0.3795	0.3556	0.3305	0.3361	0.3117	0.3283	0.3442	0.3312	0.3428	0.3674	0.2972	0.3677	0.381	0.365	0.3556	0.3283	0.3391	0.3283	0.3232	0.3341	0.3644	0.3562	0.3627	0.3418	0.3439	0.3497	0.3462	0.3333	0.3419	0.334	0.3312	0.3369	0.3412	0.3121	0.1939
SYE_DEIRA	0.3063	0.5512	0.3391	0.35	0.3341	0.3319	0.3224	0.321	0.313	0.3355	0.3688	0.2653	0.2938	0.2392	0.2824	0.3427	0.3369	0.3326	0.3333	0.3455	0.3584	0.3584	0.347	0.3362	0.2934	0.329	0.342	0.3233	0.4116	0.3348	0.3437	0.3112	0.3155	0.3155	0.3369	0.3298	0.3803	0.2733	0.3427	0.367	0.2935	0.307	0.3004	0.3326	0.3211	0.4437	1.0	0.3957	0.3957	0.4289	0.3826	0.3709	0.3427	0.3333	0.3319	0.3599	0.3141	0.3174	0.3311	0.3384	0.3429	0.3429	0.2691	0.3312	0.3531	0.3531	0.3414	0.3377	0.3024	0.3229	0.3318	0.3103	0.3415	0.348	0.3546	0.3493	0.3493	0.3304	0.3524	0.3348	0.3429	0.2923	0.2907	0.3128	0.2841	0.2789	0.1991
SYE_AGRT5	0.2952	0.4602	0.366	0.3571	0.3844	0.3282	0.3515	0.326	0.3072	0.3485	0.3613	0.2766	0.3189	0.287	0.2887	0.4109	0.3766	0.3712	0.3709	0.3562	0.3957	0.3853	0.3826	0.3619	0.3291	0.3442	0.3709	0.3599	0.3965	0.3711	0.3786	0.3582	0.3582	0.3412	0.3276	0.364	0.3923	0.3164	0.3996	0.383	0.3032	0.3312	0.3052	0.3784	0.3774	0.4076	0.3957	1.0	0.7996	0.5117	0.4557	0.3831	0.3571	0.3769	0.3605	0.3769	0.3707	0.3399	0.3268	0.3348	0.3075	0.3282	0.2824	0.3165	0.3654	0.372	0.3428	0.3166	0.3143	0.2976	0.3231	0.3319	0.3385	0.3427	0.3442	0.3571	0.3521	0.3376	0.3159	0.305	0.3304	0.311	0.2898	0.3333	0.29	0.2848	0.2143
SYE_RHIME	0.2878	0.4602	0.3464	0.355	0.378	0.337	0.3275	0.3239	0.3246	0.355	0.3763	0.2902	0.3235	0.2756	0.2958	0.3935	0.3593	0.3627	0.3644	0.3584	0.3892	0.3896	0.387	0.3683	0.3248	0.3398	0.3601	0.3664	0.3834	0.3733	0.3719	0.3603	0.3603	0.3454	0.3298	0.3812	0.3838	0.3252	0.3996	0.3957	0.2946	0.3398	0.3182	0.37	0.371	0.4098	0.3957	0.7996	1.0	0.5074	0.4599	0.3788	0.3615	0.3812	0.382	0.3854	0.3534	0.3509	0.3333	0.3457	0.3274	0.3216	0.287	0.3187	0.3698	0.3589	0.3559	0.3362	0.3143	0.2932	0.3122	0.3429	0.3429	0.3341	0.3506	0.3528	0.3499	0.329	0.3094	0.2963	0.3304	0.3132	0.3028	0.3355	0.2814	0.3062	0.2
SYE_PSEAE	0.3063	0.4656	0.3646	0.3644	0.3823	0.3092	0.3239	0.3443	0.3144	0.3796	0.3712	0.2727	0.2854	0.2443	0.2988	0.3799	0.363	0.365	0.3529	0.3405	0.3866	0.3674	0.366	0.3599	0.3355	0.3348	0.3355	0.3629	0.3816	0.3675	0.3767	0.3354	0.3354	0.3229	0.3642	0.3383	0.3803	0.2971	0.3683	0.3992	0.2753	0.3102	0.3102	0.383	0.3863	0.4478	0.4289	0.5117	0.5074	1.0	0.4419	0.3922	0.3682	0.3642	0.3462	0.3491	0.3601	0.3642	0.3348	0.3524	0.3304	0.3422	0.2575	0.3355	0.3692	0.3495	0.3531	0.3297	0.3326	0.3268	0.3195	0.34	0.3568	0.3674	0.3774	0.3638	0.3674	0.3621	0.3319	0.2991	0.3106	0.316	0.31	0.3275	0.2928	0.2918	0.2062
SYE_CHLCV	0.2878	0.4513	0.3617	0.3723	0.3793	0.3414	0.3624	0.3435	0.342	0.3961	0.3974	0.2993	0.2847	0.2779	0.3005	0.3804	0.3831	0.3884	0.3883	0.382	0.4043	0.3788	0.3978	0.3619	0.3461	0.368	0.3536	0.3944	0.3638	0.4111	0.4143	0.3388	0.3306	0.3306	0.3576	0.3681	0.4395	0.3009	0.3782	0.3708	0.3176	0.3225	0.3052	0.3869	0.371	0.4204	0.3826	0.4557	0.4599	0.4419	1.0	0.3918	0.3745	0.3448	0.3539	0.3533	0.3578	0.3596	0.3158	0.3217	0.2965	0.3018	0.3009	0.3319	0.3611	0.3545	0.3624	0.3144	0.3407	0.3085	0.3166	0.3473	0.3582	0.3319	0.3074	0.3052	0.311	0.3226	0.3224	0.3181	0.3151	0.3153	0.3224	0.3225	0.2706	0.2934	0.219
SYE_PORGI	0.2948	0.4198	0.3521	0.3642	0.3699	0.3333	0.3283	0.3333	0.3059	0.3798	0.3919	0.2841	0.3037	0.2763	0.305	0.372	0.3769	0.3851	0.367	0.3809	0.4149	0.3897	0.3763	0.38	0.3546	0.3742	0.3707	0.3753	0.3821	0.37	0.3473	0.3482	0.3418	0.3439	0.3791	0.3369	0.4565	0.3128	0.3901	0.3815	0.3047	0.3095	0.3009	0.3844	0.3685	0.3817	0.3709	0.3831	0.3788	0.3922	0.3918	1.0	0.7537	0.3627	0.3763	0.3555	0.3541	0.3282	0.3606	0.3267	0.3638	0.3415	0.2977	0.3187	0.3473	0.3598	0.3546	0.3245	0.3525	0.3644	0.3689	0.36	0.3444	0.3664	0.3289	0.3407	0.3297	0.3662	0.362	0.3466	0.3606	0.3128	0.2848	0.3068	0.3179	0.3079	0.2
SYE_BACTN	0.2985	0.4132	0.3499	0.3599	0.3634	0.329	0.3217	0.3442	0.3037	0.3777	0.3683	0.275	0.3014	0.2603	0.3073	0.3677	0.3812	0.3915	0.367	0.3489	0.4021	0.3704	0.3677	0.3758	0.3609	0.372	0.3728	0.3838	0.3472	0.3744	0.3473	0.3439	0.3397	0.3355	0.39	0.3582	0.4374	0.304	0.3772	0.3491	0.3155	0.3009	0.2965	0.3888	0.3707	0.3795	0.3427	0.3571	0.3615	0.3682	0.3745	0.7537	1.0	0.3777	0.3656	0.3383	0.3562	0.3217	0.323	0.3179	0.3438	0.3636	0.2884	0.3209	0.3319	0.3422	0.3348	0.3179	0.3659	0.3533	0.3689	0.3511	0.34	0.3422	0.3333	0.3429	0.3297	0.3509	0.3466	0.3245	0.3341	0.326	0.3024	0.3113	0.3179	0.3166	0.1976
SYE_STRAW	0.3185	0.3802	0.3798	0.3782	0.3966	0.3636	0.3499	0.3312	0.3125	0.4077	0.3889	0.31	0.3455	0.2795	0.3052	0.3889	0.3723	0.3755	0.3731	0.3608	0.3742	0.3809	0.3868	0.3368	0.3242	0.3656	0.3664	0.3652	0.3249	0.3802	0.3561	0.343	0.3445	0.3424	0.3139	0.3579	0.3109	0.3451	0.3894	0.3792	0.3077	0.3341	0.3276	0.3723	0.3397	0.3556	0.3333	0.3769	0.3812	0.3642	0.3448	0.3627	0.3777	1.0	0.5681	0.5613	0.5477	0.5238	0.337	0.3721	0.3684	0.3668	0.2847	0.3268	0.3783	0.3652	0.3593	0.3376	0.3384	0.3479	0.3479	0.3487	0.366	0.3723	0.3658	0.3425	0.3362	0.3312	0.3701	0.342	0.3326	0.3326	0.3268	0.3398	0.3117	0.3319	0.1835
SYE_COREF	0.2963	0.3794	0.3707	0.3712	0.3689	0.3471	0.355	0.3297	0.3197	0.3576	0.3814	0.316	0.3401	0.2834	0.2958	0.3815	0.3755	0.3539	0.3484	0.3553	0.3497	0.3712	0.3849	0.3553	0.3439	0.3333	0.347	0.3326	0.3124	0.3706	0.356	0.3495	0.3474	0.3368	0.2937	0.3291	0.3354	0.3077	0.3404	0.322	0.286	0.3169	0.3148	0.3298	0.3084	0.3305	0.3319	0.3605	0.382	0.3462	0.3539	0.3763	0.3656	0.5681	1.0	0.6258	0.5638	0.5152	0.3333	0.3684	0.3466	0.3582	0.2771	0.3028	0.3706	0.364	0.3581	0.3509	0.3224	0.3326	0.3435	0.37	0.3575	0.3609	0.3565	0.3543	0.3435	0.3326	0.363	0.3435	0.3582	0.3145	0.3043	0.3022	0.3022	0.314	0.1777
SYE_MYCLE	0.3037	0.3802	0.3772	0.367	0.3803	0.3536	0.3442	0.3341	0.3175	0.3576	0.3582	0.3167	0.3455	0.2773	0.2871	0.3634	0.3405	0.3248	0.3391	0.3461	0.3489	0.3747	0.3419	0.3326	0.3383	0.3283	0.3376	0.3475	0.3291	0.3802	0.3591	0.3402	0.341	0.341	0.2833	0.3467	0.3291	0.3231	0.371	0.3625	0.2936	0.3155	0.309	0.3397	0.3184	0.3361	0.3599	0.3769	0.3854	0.3491	0.3533	0.3555	0.3383	0.5613	0.6258	1.0	0.5875	0.5378	0.3399	0.3734	0.3496	0.348	0.2894	0.3333	0.3662	0.3706	0.3668	0.3326	0.3319	0.3355	0.3421	0.3546	0.356	0.3747	0.3508	0.3383	0.3298	0.342	0.3682	0.3529	0.3442	0.3196	0.3028	0.3246	0.2919	0.3125	0.1713
SYE_BIFLO	0.3074	0.3553	0.3405	0.3391	0.3504	0.3197	0.3384	0.3218	0.314	0.3498	0.3739	0.2867	0.31	0.2602	0.2864	0.3753	0.3439	0.3424	0.3383	0.3319	0.3488	0.3461	0.3454	0.3186	0.3207	0.309	0.3376	0.3439	0.3108	0.3501	0.3476	0.3333	0.3298	0.334	0.2806	0.3284	0.3158	0.3165	0.3504	0.3404	0.2842	0.3211	0.306	0.3362	0.3248	0.3117	0.3141	0.3707	0.3534	0.3601	0.3578	0.3541	0.3562	0.5477	0.5638	0.5875	1.0	0.5366	0.3217	0.3369	0.3304	0.3224	0.2702	0.3153	0.3457	0.3557	0.3268	0.3276	0.3166	0.3099	0.3297	0.3216	0.3326	0.3413	0.3348	0.3121	0.3057	0.3391	0.3304	0.3217	0.3117	0.3102	0.2957	0.2891	0.3	0.314	0.1763
SYE_TROW8	0.3048	0.3532	0.3509	0.3495	0.3632	0.3466	0.3238	0.3245	0.3121	0.3632	0.3493	0.3009	0.3068	0.2659	0.2931	0.3559	0.3457	0.3477	0.3399	0.3167	0.3406	0.3478	0.3341	0.3139	0.3074	0.3129	0.3129	0.3239	0.2817	0.3618	0.343	0.3117	0.3182	0.3182	0.2885	0.3333	0.3002	0.308	0.342	0.3399	0.2854	0.3099	0.3143	0.3319	0.3203	0.3283	0.3174	0.3399	0.3509	0.3642	0.3596	0.3282	0.3217	0.5238	0.5152	0.5378	0.5366	1.0	0.3244	0.3459	0.3184	0.3326	0.2884	0.3377	0.3422	0.3378	0.3429	0.3126	0.3474	0.3303	0.3213	0.3266	0.3363	0.3408	0.3185	0.2993	0.3104	0.3252	0.3296	0.3229	0.317	0.3133	0.3341	0.3185	0.3029	0.3106	0.1786
SYE_RALSO	0.3026	0.3498	0.378	0.3789	0.3794	0.3546	0.3392	0.3348	0.3385	0.4088	0.3829	0.3341	0.3211	0.3295	0.3263	0.3913	0.3891	0.3926	0.4022	0.3761	0.3783	0.4065	0.3943	0.3674	0.3413	0.3797	0.3819	0.3712	0.3193	0.4135	0.3371	0.3567	0.3523	0.337	0.2785	0.3348	0.3753	0.3221	0.3414	0.3529	0.2923	0.3208	0.3164	0.3362	0.329	0.3442	0.3311	0.3268	0.3333	0.3348	0.3158	0.3606	0.323	0.337	0.3333	0.3399	0.3217	0.3244	1.0	0.6182	0.5926	0.5403	0.3372	0.3839	0.4391	0.4065	0.423	0.4009	0.4004	0.426	0.4437	0.4004	0.611	0.5284	0.4869	0.4967	0.4815	0.5033	0.4913	0.476	0.3991	0.4401	0.4301	0.4214	0.3908	0.3948	0.2005
SYE_BORBR	0.3321	0.37	0.3921	0.3974	0.3934	0.3731	0.3642	0.351	0.337	0.4044	0.4004	0.3485	0.328	0.3227	0.3122	0.4074	0.3987	0.3788	0.3791	0.3704	0.3747	0.3922	0.4039	0.387	0.35	0.3709	0.3841	0.3873	0.2989	0.4067	0.356	0.3673	0.3758	0.3607	0.2723	0.3514	0.3471	0.3378	0.3355	0.3755	0.3429	0.3363	0.3385	0.3515	0.3464	0.3312	0.3384	0.3348	0.3457	0.3524	0.3217	0.3267	0.3179	0.3721	0.3684	0.3734	0.3369	0.3459	0.6182	1.0	0.5777	0.5667	0.3171	0.3935	0.4793	0.4532	0.45	0.4545	0.4167	0.4093	0.4093	0.4191	0.6	0.5011	0.5142	0.4765	0.4829	0.4891	0.488	0.4661	0.4314	0.441	0.4289	0.4004	0.3698	0.4087	0.1882
SYE_CHRVO	0.3222	0.3506	0.3642	0.3872	0.3811	0.365	0.3576	0.3584	0.3576	0.4027	0.3974	0.3219	0.3218	0.3264	0.3059	0.3772	0.3838	0.3654	0.386	0.3531	0.3531	0.3969	0.3618	0.3662	0.3443	0.3764	0.3875	0.3736	0.311	0.3941	0.3425	0.3885	0.3731	0.362	0.292	0.3575	0.3851	0.3206	0.3582	0.3589	0.3119	0.3274	0.3408	0.337	0.3341	0.3428	0.3429	0.3075	0.3274	0.3304	0.2965	0.3638	0.3438	0.3684	0.3466	0.3496	0.3304	0.3184	0.5926	0.5777	1.0	0.7052	0.3426	0.3786	0.4298	0.4101	0.4092	0.4022	0.4427	0.4622	0.4668	0.4397	0.5749	0.5363	0.5461	0.5363	0.5451	0.5359	0.5044	0.4825	0.4226	0.453	0.4298	0.4145	0.3882	0.4139	0.1921
SYE_NEIMA	0.3395	0.3602	0.3833	0.3797	0.3824	0.3709	0.34	0.3664	0.359	0.4115	0.4053	0.3265	0.308	0.3241	0.342	0.3799	0.3843	0.366	0.3668	0.3559	0.3537	0.369	0.3624	0.3603	0.3362	0.3636	0.3769	0.3786	0.3118	0.3978	0.3537	0.3626	0.3582	0.3451	0.3194	0.3668	0.3617	0.302	0.3632	0.3529	0.3194	0.3459	0.3525	0.3618	0.3414	0.3674	0.3429	0.3282	0.3216	0.3422	0.3018	0.3415	0.3636	0.3668	0.3582	0.348	0.3224	0.3326	0.5403	0.5667	0.7052	1.0	0.3434	0.3873	0.4539	0.4452	0.4201	0.433	0.4405	0.46	0.4612	0.4397	0.5276	0.4769	0.4803	0.4813	0.4725	0.4749	0.4518	0.4518	0.4358	0.442	0.4386	0.3969	0.3838	0.3987	0.2162
SYE2_HELPJ	0.2803	0.2904	0.3009	0.3148	0.3187	0.3341	0.3171	0.297	0.3032	0.3664	0.3433	0.2787	0.2867	0.2972	0.5236	0.3756	0.3502	0.3586	0.3479	0.341	0.341	0.3618	0.3456	0.3157	0.318	0.3179	0.3434	0.3341	0.2834	0.3573	0.3141	0.3103	0.3149	0.308	0.2897	0.3364	0.3134	0.3086	0.3032	0.2801	0.321	0.3186	0.3279	0.3248	0.3032	0.2972	0.2691	0.2824	0.287	0.2575	0.3009	0.2977	0.2884	0.2847	0.2771	0.2894	0.2702	0.2884	0.3372	0.3171	0.3426	0.3434	1.0	0.3395	0.3256	0.3134	0.3256	0.3039	0.375	0.3497	0.3387	0.3598	0.3674	0.3418	0.3125	0.3102	0.2986	0.3164	0.3148	0.3171	0.3295	0.3256	0.3279	0.3141	0.3095	0.2887	0.1781
SYE2_RICCN	0.3542	0.3608	0.3581	0.3501	0.3508	0.3501	0.3239	0.3304	0.3406	0.3886	0.4087	0.3098	0.3005	0.3227	0.3082	0.3585	0.3456	0.347	0.3434	0.3132	0.3348	0.3499	0.3442	0.3326	0.324	0.3377	0.3399	0.3384	0.2996	0.3973	0.3348	0.3543	0.3457	0.3565	0.3289	0.3521	0.3147	0.3132	0.3413	0.3355	0.3013	0.3348	0.326	0.3362	0.3246	0.3677	0.3312	0.3165	0.3187	0.3355	0.3319	0.3187	0.3209	0.3268	0.3028	0.3333	0.3153	0.3377	0.3839	0.3935	0.3786	0.3873	0.3395	1.0	0.4924	0.4642	0.4978	0.4457	0.3886	0.3877	0.3943	0.3951	0.4207	0.39	0.3676	0.3725	0.3791	0.3696	0.4004	0.3917	0.4376	0.3652	0.3551	0.3573	0.3312	0.3413	0.1845
