	1a7n_L	KV1G_HUMAN	KV1V_HUMAN	KV1L_HUMAN	KV1D_HUMAN	KV1X_HUMAN	KV1C_HUMAN	KV3P_MOUSE	KV3F_HUMAN	KV3K_HUMAN	KV3A_HUMAN	LV1H_HUMAN	LV2C_HUMAN	LV2K_HUMAN	LV2B_HUMAN	LV2I_HUMAN	KV03_RABIT	KV05_RABIT	KV16_RABIT	KV01_RABIT	KV1A_HUMAN	KV1E_HUMAN	KV5P_MOUSE	KV5J_MOUSE	KV5G_MOUSE	KV3A_MOUSE	KV6F_MOUSE	KV4A_MOUSE	KV5B_MOUSE	KV5A_MOUSE	KV2F_HUMAN	KV2B_HUMAN	KV2D_MOUSE	KV1_CANFA	LV7A_HUMAN	LV1I_HUMAN	LV1B_HUMAN	LV1A_HUMAN	LV1E_HUMAN	LV2F_HUMAN	LV2L_HUMAN	LV6E_HUMAN	TVA3_MOUSE	TVA1_RABIT	TVA1_MOUSE	TVA3_HUMAN	KV1N_HUMAN	KV1A_MOUSE	KV2A_MOUSE	LV1C_HUMAN	KV1K_HUMAN	KV3F_MOUSE	KV2D_HUMAN	KV2C_HUMAN	KV2G_MOUSE	KV1U_HUMAN	KV2F_MOUSE	1tlk_	2ncm_
1a7n_L	1.0	0.6355	0.6449	0.6542	0.6132	0.6355	0.6355	0.5472	0.5888	0.5849	0.5607	0.434	0.434	0.4434	0.434	0.434	0.5849	0.5189	0.5377	0.4953	0.6075	0.5888	0.5794	0.6262	0.5794	0.5607	0.6038	0.581	0.5607	0.5701	0.486	0.514	0.5234	0.514	0.3714	0.4476	0.4434	0.4245	0.4592	0.4245	0.4434	0.4434	0.2667	0.2857	0.3048	0.3143	0.5981	0.5327	0.4953	0.4151	0.5701	0.5047	0.5421	0.5514	0.5234	0.5327	0.5234	0.1875	0.2111
KV1G_HUMAN	0.6355	1.0	0.7963	0.7593	0.757	0.7757	0.7685	0.6226	0.6574	0.5888	0.5888	0.486	0.4579	0.4486	0.4673	0.4486	0.6168	0.5794	0.5981	0.537	0.7685	0.7407	0.6574	0.6759	0.6481	0.5701	0.5607	0.566	0.6075	0.6204	0.5556	0.5278	0.514	0.5185	0.3868	0.4717	0.4579	0.4579	0.4747	0.4673	0.4953	0.4206	0.2642	0.2642	0.2857	0.3048	0.7037	0.5833	0.4673	0.4299	0.713	0.5648	0.5648	0.5278	0.5556	0.6667	0.5463	0.1875	0.2198
KV1V_HUMAN	0.6449	0.7963	1.0	0.7685	0.757	0.7196	0.7685	0.6132	0.6481	0.6355	0.6168	0.4953	0.4766	0.4766	0.486	0.486	0.5981	0.5514	0.6168	0.5463	0.7407	0.75	0.6296	0.6667	0.6204	0.5981	0.6075	0.5849	0.6355	0.6574	0.5463	0.5278	0.4953	0.5093	0.4245	0.4811	0.4766	0.4486	0.4848	0.5047	0.5327	0.4299	0.2642	0.2642	0.2952	0.3238	0.6667	0.5833	0.4953	0.4393	0.7037	0.5556	0.5278	0.5	0.5278	0.6759	0.5278	0.225	0.1978
KV1L_HUMAN	0.6542	0.7593	0.7685	1.0	0.7944	0.729	0.7593	0.6038	0.6944	0.6355	0.6075	0.4673	0.4579	0.4299	0.4206	0.4486	0.6075	0.5794	0.5701	0.5278	0.7685	0.713	0.6574	0.6759	0.6019	0.5701	0.5701	0.5755	0.6168	0.6389	0.5278	0.5556	0.514	0.5185	0.3774	0.434	0.4393	0.3925	0.4848	0.4206	0.486	0.3925	0.283	0.283	0.3143	0.3333	0.6759	0.5926	0.486	0.3925	0.7407	0.5648	0.537	0.4907	0.5556	0.6944	0.537	0.175	0.2198
KV1D_HUMAN	0.6132	0.757	0.757	0.7944	1.0	0.7642	0.7383	0.5905	0.6449	0.6226	0.6321	0.4528	0.4434	0.434	0.4245	0.434	0.6509	0.5755	0.5849	0.5421	0.7383	0.757	0.6636	0.7009	0.6449	0.5472	0.5472	0.566	0.5566	0.6262	0.5421	0.5234	0.4906	0.486	0.3905	0.4476	0.4245	0.4245	0.4388	0.4528	0.4623	0.3962	0.2762	0.2476	0.2981	0.3077	0.7196	0.5327	0.4528	0.3962	0.7757	0.5514	0.5234	0.5421	0.5421	0.7103	0.4953	0.175	0.1868
KV1X_HUMAN	0.6355	0.7757	0.7196	0.729	0.7642	1.0	0.729	0.566	0.6168	0.5556	0.5888	0.4623	0.5094	0.4906	0.4906	0.4717	0.6226	0.5566	0.5755	0.514	0.7009	0.729	0.6355	0.6355	0.5969	0.5514	0.5283	0.4803	0.5271	0.5426	0.5354	0.486	0.4953	0.4673	0.4095	0.4762	0.4623	0.4717	0.4796	0.4906	0.5094	0.4386	0.3145	0.2857	0.2903	0.2742	0.6822	0.5421	0.4486	0.4434	0.6916	0.4961	0.514	0.5047	0.5234	0.6449	0.5047	0.175	0.2111
KV1C_HUMAN	0.6355	0.7685	0.7685	0.7593	0.7383	0.729	1.0	0.6038	0.6204	0.6355	0.5794	0.4579	0.4579	0.4486	0.4393	0.4579	0.5888	0.5327	0.5607	0.5185	0.8056	0.713	0.6389	0.6759	0.6296	0.5514	0.5701	0.5755	0.6075	0.6481	0.5185	0.5278	0.5234	0.5	0.3868	0.434	0.4393	0.4299	0.4646	0.4486	0.486	0.4206	0.283	0.2925	0.2857	0.3048	0.6574	0.5926	0.4579	0.3832	0.7037	0.5185	0.537	0.4815	0.537	0.6759	0.5185	0.175	0.2198
KV3P_MOUSE	0.5472	0.6226	0.6132	0.6038	0.5905	0.566	0.6038	1.0	0.6321	0.6476	0.6132	0.4717	0.4528	0.4717	0.434	0.4245	0.566	0.566	0.5377	0.514	0.6321	0.6321	0.6887	0.6038	0.5755	0.8224	0.6095	0.6442	0.6038	0.6038	0.6449	0.5981	0.6168	0.6038	0.4135	0.4857	0.4717	0.4434	0.4898	0.4528	0.4623	0.3868	0.2596	0.2596	0.375	0.3654	0.5755	0.6168	0.5421	0.434	0.6132	0.7664	0.6542	0.5794	0.6542	0.5421	0.5888	0.2152	0.1798
KV3F_HUMAN	0.5888	0.6574	0.6481	0.6944	0.6449	0.6168	0.6204	0.6321	1.0	0.7664	0.729	0.486	0.4579	0.4393	0.4486	0.4206	0.5607	0.5421	0.5514	0.4815	0.6389	0.6204	0.5741	0.5926	0.5926	0.5794	0.5701	0.566	0.6262	0.6296	0.6111	0.5833	0.5514	0.6019	0.3774	0.4811	0.4673	0.4486	0.4747	0.4206	0.4673	0.4112	0.2925	0.3113	0.3524	0.3714	0.5833	0.6111	0.5234	0.4112	0.6296	0.5833	0.6389	0.5926	0.5833	0.6111	0.5556	0.2125	0.1868
KV3K_HUMAN	0.5849	0.5888	0.6355	0.6355	0.6226	0.5556	0.6355	0.6476	0.7664	1.0	0.7925	0.4717	0.4434	0.4906	0.434	0.4528	0.514	0.4953	0.5	0.4766	0.6075	0.6355	0.5981	0.5794	0.5433	0.6132	0.5794	0.528	0.5556	0.5748	0.6063	0.6168	0.6038	0.6542	0.3905	0.4571	0.4623	0.4245	0.4796	0.4245	0.4906	0.4123	0.2869	0.2984	0.3089	0.3171	0.5421	0.5794	0.566	0.4057	0.5888	0.5748	0.6542	0.5794	0.6075	0.5981	0.5888	0.1772	0.1889
KV3A_HUMAN	0.5607	0.5888	0.6168	0.6075	0.6321	0.5888	0.5794	0.6132	0.729	0.7925	1.0	0.4434	0.4528	0.4717	0.434	0.4528	0.4906	0.4528	0.4811	0.4579	0.5888	0.5888	0.5981	0.5888	0.5607	0.5514	0.5189	0.5048	0.5794	0.5981	0.5888	0.5794	0.5607	0.5794	0.381	0.4667	0.4623	0.4245	0.4796	0.4434	0.4811	0.4245	0.2667	0.2857	0.3333	0.3333	0.5607	0.5701	0.5234	0.4151	0.5794	0.5327	0.6168	0.5701	0.5794	0.5888	0.5421	0.1875	0.1667
LV1H_HUMAN	0.434	0.486	0.4953	0.4673	0.4528	0.4623	0.4579	0.4717	0.486	0.4717	0.4434	1.0	0.6389	0.6111	0.6204	0.6111	0.4673	0.4579	0.4486	0.463	0.4766	0.5047	0.4393	0.4673	0.4393	0.4486	0.5094	0.4952	0.4623	0.4486	0.4722	0.4537	0.4486	0.4579	0.5094	0.7009	0.787	0.7593	0.72	0.6667	0.5741	0.5741	0.3048	0.2762	0.3269	0.2981	0.4112	0.4537	0.4112	0.6944	0.4393	0.4259	0.4537	0.4259	0.4537	0.463	0.4907	0.1772	0.1556
LV2C_HUMAN	0.434	0.4579	0.4766	0.4579	0.4434	0.5094	0.4579	0.4528	0.4579	0.4434	0.4528	0.6389	1.0	0.7963	0.8148	0.7593	0.4673	0.4393	0.4673	0.4444	0.4766	0.4766	0.4299	0.4579	0.4393	0.4579	0.4906	0.4667	0.4623	0.4393	0.4352	0.3889	0.4019	0.4112	0.5283	0.6262	0.6852	0.6204	0.67	0.8056	0.7037	0.6111	0.3238	0.3048	0.2981	0.2885	0.4112	0.4259	0.3832	0.6111	0.4112	0.4352	0.4167	0.3981	0.4444	0.4167	0.4259	0.1899	0.2
LV2K_HUMAN	0.4434	0.4486	0.4766	0.4299	0.434	0.4906	0.4486	0.4717	0.4393	0.4906	0.4717	0.6111	0.7963	1.0	0.8241	0.75	0.4486	0.4579	0.4206	0.4352	0.4579	0.4766	0.4206	0.4486	0.4299	0.4579	0.4717	0.4476	0.4528	0.4299	0.4259	0.4074	0.4019	0.4112	0.5189	0.5981	0.6296	0.6111	0.67	0.7685	0.6667	0.6019	0.3143	0.3143	0.3269	0.3077	0.4019	0.4074	0.3925	0.5926	0.4019	0.4444	0.4167	0.3889	0.4537	0.4074	0.4074	0.1899	0.2
LV2B_HUMAN	0.434	0.4673	0.486	0.4206	0.4245	0.4906	0.4393	0.434	0.4486	0.434	0.434	0.6204	0.8148	0.8241	1.0	0.7407	0.4579	0.4486	0.4579	0.4259	0.4393	0.4579	0.4019	0.4486	0.4206	0.4393	0.4528	0.4286	0.4245	0.4019	0.3981	0.3704	0.3738	0.3925	0.5094	0.5981	0.6481	0.6111	0.67	0.7778	0.6852	0.5926	0.3048	0.3048	0.3269	0.2788	0.4019	0.3889	0.3645	0.6019	0.4112	0.3981	0.3981	0.3981	0.3981	0.3981	0.3796	0.1899	0.2222
LV2I_HUMAN	0.434	0.4486	0.486	0.4486	0.434	0.4717	0.4579	0.4245	0.4206	0.4528	0.4528	0.6111	0.7593	0.75	0.7407	1.0	0.4579	0.4206	0.4393	0.4167	0.4393	0.4299	0.4299	0.4673	0.4112	0.4299	0.5094	0.4476	0.4811	0.4393	0.4167	0.3889	0.3925	0.4112	0.5189	0.5981	0.6481	0.6204	0.67	0.7685	0.6759	0.5926	0.2952	0.2952	0.3462	0.2885	0.3925	0.4259	0.4019	0.5926	0.4112	0.4074	0.3981	0.3889	0.4352	0.3981	0.4259	0.1899	0.1778
KV03_RABIT	0.5849	0.6168	0.5981	0.6075	0.6509	0.6226	0.5888	0.566	0.5607	0.514	0.4906	0.4673	0.4673	0.4486	0.4579	0.4579	1.0	0.787	0.7383	0.6852	0.5794	0.5888	0.5981	0.5794	0.5421	0.5234	0.5234	0.5429	0.5283	0.5514	0.4815	0.4352	0.486	0.486	0.4571	0.4811	0.4579	0.4299	0.4747	0.4486	0.4579	0.4299	0.2857	0.2762	0.2981	0.3269	0.5607	0.5	0.4393	0.4579	0.5607	0.4907	0.4907	0.4722	0.4815	0.5463	0.5	0.1899	0.1778
KV05_RABIT	0.5189	0.5794	0.5514	0.5794	0.5755	0.5566	0.5327	0.566	0.5421	0.4953	0.4528	0.4579	0.4393	0.4579	0.4486	0.4206	0.787	1.0	0.7103	0.7222	0.5327	0.5514	0.5701	0.5327	0.4579	0.5327	0.4673	0.4952	0.5	0.514	0.4907	0.4537	0.4766	0.4766	0.419	0.4434	0.4579	0.4486	0.4343	0.4019	0.4486	0.4019	0.2762	0.2571	0.3269	0.3462	0.5607	0.5	0.4393	0.4206	0.5327	0.537	0.4815	0.463	0.5278	0.5093	0.4815	0.1772	0.1889
KV16_RABIT	0.5377	0.5981	0.6168	0.5701	0.5849	0.5755	0.5607	0.5377	0.5514	0.5	0.4811	0.4486	0.4673	0.4206	0.4579	0.4393	0.7383	0.7103	1.0	0.6667	0.5701	0.5888	0.5514	0.5794	0.4579	0.5234	0.4906	0.4857	0.5377	0.5607	0.5	0.4537	0.486	0.4766	0.4095	0.4434	0.4393	0.4393	0.4444	0.4486	0.4579	0.3925	0.2667	0.2571	0.2981	0.3269	0.514	0.5093	0.4673	0.4393	0.5981	0.4907	0.4907	0.4815	0.4907	0.5648	0.5185	0.2278	0.2111
KV01_RABIT	0.4953	0.537	0.5463	0.5278	0.5421	0.514	0.5185	0.514	0.4815	0.4766	0.4579	0.463	0.4444	0.4352	0.4259	0.4167	0.6852	0.7222	0.6667	1.0	0.5093	0.5556	0.5185	0.5185	0.4074	0.463	0.4673	0.5	0.4953	0.4907	0.4495	0.4495	0.4815	0.463	0.4245	0.4766	0.463	0.4352	0.43	0.4352	0.4352	0.4074	0.2642	0.2547	0.2952	0.3238	0.5093	0.4954	0.4259	0.4537	0.5185	0.4862	0.4679	0.5046	0.4587	0.4771	0.4862	0.1875	0.1978
KV1A_HUMAN	0.6075	0.7685	0.7407	0.7685	0.7383	0.7009	0.8056	0.6321	0.6389	0.6075	0.5888	0.4766	0.4766	0.4579	0.4393	0.4393	0.5794	0.5327	0.5701	0.5093	1.0	0.75	0.6759	0.713	0.6389	0.5607	0.5607	0.5566	0.6168	0.6574	0.5556	0.5185	0.514	0.5093	0.3679	0.4528	0.4673	0.4299	0.4949	0.4486	0.486	0.4486	0.2547	0.2547	0.2762	0.3143	0.6759	0.5833	0.4766	0.4112	0.75	0.5463	0.5556	0.4907	0.5648	0.7685	0.5278	0.1625	0.2198
KV1E_HUMAN	0.5888	0.7407	0.75	0.713	0.757	0.729	0.713	0.6321	0.6204	0.6355	0.5888	0.5047	0.4766	0.4766	0.4579	0.4299	0.5888	0.5514	0.5888	0.5556	0.75	1.0	0.6481	0.6574	0.6111	0.5888	0.5701	0.5849	0.5981	0.6204	0.5556	0.5185	0.514	0.5463	0.3962	0.4906	0.4953	0.4579	0.4848	0.486	0.486	0.4299	0.2736	0.2547	0.3143	0.3238	0.6759	0.5556	0.4953	0.4486	0.713	0.5648	0.5556	0.5093	0.5648	0.6944	0.5278	0.175	0.2198
KV5P_MOUSE	0.5794	0.6574	0.6296	0.6574	0.6636	0.6355	0.6389	0.6887	0.5741	0.5981	0.5981	0.4393	0.4299	0.4206	0.4019	0.4299	0.5981	0.5701	0.5514	0.5185	0.6759	0.6481	1.0	0.6944	0.6204	0.6916	0.5421	0.566	0.5888	0.6481	0.5926	0.5741	0.5981	0.5833	0.3962	0.4717	0.4673	0.4206	0.4646	0.4206	0.4579	0.4206	0.2925	0.2642	0.3429	0.3905	0.6111	0.5741	0.5327	0.4112	0.6204	0.6204	0.6019	0.5463	0.6759	0.5833	0.6204	0.1875	0.2088
KV5J_MOUSE	0.6262	0.6759	0.6667	0.6759	0.7009	0.6355	0.6759	0.6038	0.5926	0.5794	0.5888	0.4673	0.4579	0.4486	0.4486	0.4673	0.5794	0.5327	0.5794	0.5185	0.713	0.6574	0.6944	1.0	0.6944	0.5794	0.5794	0.5943	0.5421	0.5741	0.5093	0.5093	0.5421	0.5185	0.3396	0.4623	0.486	0.4393	0.4848	0.4486	0.4766	0.4299	0.2547	0.2642	0.3048	0.3429	0.6574	0.537	0.4766	0.4112	0.6759	0.5463	0.5278	0.537	0.5741	0.6574	0.537	0.2	0.1538
KV5G_MOUSE	0.5794	0.6481	0.6204	0.6019	0.6449	0.5969	0.6296	0.5755	0.5926	0.5433	0.5607	0.4393	0.4393	0.4299	0.4206	0.4112	0.5421	0.4579	0.4579	0.4074	0.6389	0.6111	0.6204	0.6944	1.0	0.5701	0.5514	0.4922	0.5039	0.5154	0.5391	0.5093	0.5047	0.4907	0.3491	0.3962	0.4299	0.4112	0.4343	0.4112	0.3925	0.3652	0.248	0.2362	0.2581	0.2984	0.5926	0.5	0.4579	0.3645	0.5741	0.4531	0.537	0.4815	0.537	0.5463	0.5185	0.1875	0.2088
KV3A_MOUSE	0.5607	0.5701	0.5981	0.5701	0.5472	0.5514	0.5514	0.8224	0.5794	0.6132	0.5514	0.4486	0.4579	0.4579	0.4393	0.4299	0.5234	0.5327	0.5234	0.463	0.5607	0.5888	0.6916	0.5794	0.5701	1.0	0.5849	0.6	0.5794	0.5701	0.6019	0.537	0.5833	0.5421	0.419	0.4434	0.4673	0.4486	0.4646	0.4112	0.4766	0.3832	0.2571	0.2476	0.3429	0.3333	0.5327	0.5648	0.5278	0.4019	0.5514	0.7315	0.5926	0.537	0.6296	0.5185	0.5648	0.2125	0.1778
KV6F_MOUSE	0.6038	0.5607	0.6075	0.5701	0.5472	0.5283	0.5701	0.6095	0.5701	0.5794	0.5189	0.5094	0.4906	0.4717	0.4528	0.5094	0.5234	0.4673	0.4906	0.4673	0.5607	0.5701	0.5421	0.5794	0.5514	0.5849	1.0	0.8	0.5943	0.5794	0.4766	0.486	0.4811	0.5047	0.4286	0.5048	0.5189	0.4528	0.5204	0.4811	0.4623	0.4528	0.2762	0.2857	0.3173	0.3462	0.514	0.5607	0.4906	0.4906	0.5421	0.5701	0.4953	0.4766	0.486	0.486	0.486	0.2025	0.1778
KV4A_MOUSE	0.581	0.566	0.5849	0.5755	0.566	0.4803	0.5755	0.6442	0.566	0.528	0.5048	0.4952	0.4667	0.4476	0.4286	0.4476	0.5429	0.4952	0.4857	0.5	0.5566	0.5849	0.566	0.5943	0.4922	0.6	0.8	1.0	0.5039	0.5078	0.4841	0.5094	0.5429	0.5094	0.4423	0.4571	0.5048	0.4286	0.4796	0.4762	0.4476	0.4071	0.252	0.272	0.3033	0.3361	0.5189	0.5472	0.4762	0.4286	0.5377	0.5317	0.5283	0.4906	0.5472	0.4811	0.5377	0.2125	0.1648
KV5B_MOUSE	0.5607	0.6075	0.6355	0.6168	0.5566	0.5271	0.6075	0.6038	0.6262	0.5556	0.5794	0.4623	0.4623	0.4528	0.4245	0.4811	0.5283	0.5	0.5377	0.4953	0.6168	0.5981	0.5888	0.5421	0.5039	0.5794	0.5943	0.5039	1.0	0.75	0.4961	0.5607	0.5701	0.5421	0.4	0.4476	0.4717	0.4434	0.4592	0.4434	0.4623	0.4123	0.2698	0.2381	0.3226	0.3226	0.5514	0.7103	0.5327	0.4245	0.5701	0.5276	0.5701	0.5234	0.5981	0.5607	0.5701	0.2375	0.2222
KV5A_MOUSE	0.5701	0.6204	0.6574	0.6389	0.6262	0.5426	0.6481	0.6038	0.6296	0.5748	0.5981	0.4486	0.4393	0.4299	0.4019	0.4393	0.5514	0.514	0.5607	0.4907	0.6574	0.6204	0.6481	0.5741	0.5154	0.5701	0.5794	0.5078	0.75	1.0	0.5312	0.6111	0.5794	0.5463	0.3868	0.4434	0.4486	0.4393	0.4646	0.4112	0.4206	0.3913	0.2677	0.2441	0.2823	0.3065	0.5833	0.6759	0.5514	0.3925	0.6296	0.5	0.5926	0.5463	0.6296	0.6019	0.5741	0.225	0.1758
KV2F_HUMAN	0.486	0.5556	0.5463	0.5278	0.5421	0.5354	0.5185	0.6449	0.6111	0.6063	0.5888	0.4722	0.4352	0.4259	0.3981	0.4167	0.4815	0.4907	0.5	0.4495	0.5556	0.5556	0.5926	0.5093	0.5391	0.6019	0.4766	0.4841	0.4961	0.5312	1.0	0.789	0.7037	0.6852	0.4057	0.4486	0.4537	0.4352	0.41	0.4444	0.4259	0.3707	0.2195	0.2	0.2903	0.2581	0.463	0.5872	0.6852	0.4074	0.5093	0.5581	0.789	0.7064	0.8073	0.5046	0.7156	0.2125	0.1758
KV2B_HUMAN	0.514	0.5278	0.5278	0.5556	0.5234	0.486	0.5278	0.5981	0.5833	0.6168	0.5794	0.4537	0.3889	0.4074	0.3704	0.3889	0.4352	0.4537	0.4537	0.4495	0.5185	0.5185	0.5741	0.5093	0.5093	0.537	0.486	0.5094	0.5607	0.6111	0.789	1.0	0.7037	0.6944	0.3679	0.4299	0.4259	0.3889	0.42	0.3889	0.3981	0.3333	0.2547	0.2453	0.3429	0.3143	0.5093	0.5963	0.6667	0.3704	0.5	0.5413	0.789	0.7156	0.7523	0.4771	0.6789	0.1875	0.1648
KV2D_MOUSE	0.5234	0.514	0.4953	0.514	0.4906	0.4953	0.5234	0.6168	0.5514	0.6038	0.5607	0.4486	0.4019	0.4019	0.3738	0.3925	0.486	0.4766	0.486	0.4815	0.514	0.514	0.5981	0.5421	0.5047	0.5833	0.4811	0.5429	0.5701	0.5794	0.7037	0.7037	1.0	0.6729	0.3714	0.4151	0.4486	0.4019	0.404	0.3925	0.3738	0.3551	0.2667	0.2762	0.3714	0.3238	0.486	0.5833	0.7407	0.3738	0.486	0.5648	0.75	0.6667	0.7222	0.5	0.8148	0.2	0.1778
KV1_CANFA	0.514	0.5185	0.5093	0.5185	0.486	0.4673	0.5	0.6038	0.6019	0.6542	0.5794	0.4579	0.4112	0.4112	0.3925	0.4112	0.486	0.4766	0.4766	0.463	0.5093	0.5463	0.5833	0.5185	0.4907	0.5421	0.5047	0.5094	0.5421	0.5463	0.6852	0.6944	0.6729	1.0	0.4057	0.4717	0.4579	0.4112	0.4343	0.4019	0.4486	0.3925	0.2736	0.2642	0.3429	0.3333	0.4815	0.5556	0.6449	0.3925	0.5	0.5093	0.7778	0.6574	0.7315	0.4352	0.6852	0.1875	0.2198
LV7A_HUMAN	0.3714	0.3868	0.4245	0.3774	0.3905	0.4095	0.3868	0.4135	0.3774	0.3905	0.381	0.5094	0.5283	0.5189	0.5094	0.5189	0.4571	0.419	0.4095	0.4245	0.3679	0.3962	0.3962	0.3396	0.3491	0.419	0.4286	0.4423	0.4	0.3868	0.4057	0.3679	0.3714	0.4057	1.0	0.5333	0.5377	0.5283	0.5306	0.5377	0.5283	0.5566	0.2596	0.2212	0.3107	0.2718	0.3396	0.3396	0.3429	0.5377	0.3868	0.3868	0.3962	0.3774	0.3962	0.3491	0.3679	0.1923	0.1685
LV1I_HUMAN	0.4476	0.4717	0.4811	0.434	0.4476	0.4762	0.434	0.4857	0.4811	0.4571	0.4667	0.7009	0.6262	0.5981	0.5981	0.5981	0.4811	0.4434	0.4434	0.4766	0.4528	0.4906	0.4717	0.4623	0.3962	0.4434	0.5048	0.4571	0.4476	0.4434	0.4486	0.4299	0.4151	0.4717	0.5333	1.0	0.7196	0.6729	0.75	0.6168	0.5794	0.5701	0.2981	0.25	0.301	0.3204	0.4151	0.4112	0.4151	0.7944	0.4151	0.4299	0.4486	0.4579	0.4486	0.4299	0.4393	0.1519	0.1778
LV1B_HUMAN	0.4434	0.4579	0.4766	0.4393	0.4245	0.4623	0.4393	0.4717	0.4673	0.4623	0.4623	0.787	0.6852	0.6296	0.6481	0.6481	0.4579	0.4579	0.4393	0.463	0.4673	0.4953	0.4673	0.486	0.4299	0.4673	0.5189	0.5048	0.4717	0.4486	0.4537	0.4259	0.4486	0.4579	0.5377	0.7196	1.0	0.75	0.73	0.6389	0.6204	0.6019	0.3238	0.2762	0.3365	0.3365	0.4299	0.4537	0.4112	0.7593	0.4112	0.4444	0.463	0.4259	0.463	0.4259	0.4907	0.1899	0.1556
LV1A_HUMAN	0.4245	0.4579	0.4486	0.3925	0.4245	0.4717	0.4299	0.4434	0.4486	0.4245	0.4245	0.7593	0.6204	0.6111	0.6111	0.6204	0.4299	0.4486	0.4393	0.4352	0.4299	0.4579	0.4206	0.4393	0.4112	0.4486	0.4528	0.4286	0.4434	0.4393	0.4352	0.3889	0.4019	0.4112	0.5283	0.6729	0.75	1.0	0.67	0.6481	0.6019	0.5741	0.2952	0.2476	0.2885	0.2692	0.3925	0.4074	0.3832	0.6852	0.4112	0.3981	0.4167	0.4167	0.4259	0.3981	0.4259	0.1646	0.1444
LV1E_HUMAN	0.4592	0.4747	0.4848	0.4848	0.4388	0.4796	0.4646	0.4898	0.4747	0.4796	0.4796	0.72	0.67	0.67	0.67	0.67	0.4747	0.4343	0.4444	0.43	0.4949	0.4848	0.4646	0.4848	0.4343	0.4646	0.5204	0.4796	0.4592	0.4646	0.41	0.42	0.404	0.4343	0.5306	0.75	0.73	0.67	1.0	0.65	0.6	0.61	0.3711	0.3196	0.3333	0.3333	0.3939	0.42	0.404	0.71	0.4343	0.45	0.42	0.4	0.42	0.44	0.44	0.1519	0.1628
LV2F_HUMAN	0.4245	0.4673	0.5047	0.4206	0.4528	0.4906	0.4486	0.4528	0.4206	0.4245	0.4434	0.6667	0.8056	0.7685	0.7778	0.7685	0.4486	0.4019	0.4486	0.4352	0.4486	0.486	0.4206	0.4486	0.4112	0.4112	0.4811	0.4762	0.4434	0.4112	0.4444	0.3889	0.3925	0.4019	0.5377	0.6168	0.6389	0.6481	0.65	1.0	0.6574	0.6296	0.2857	0.2762	0.2981	0.2596	0.3832	0.3981	0.3738	0.6204	0.4112	0.3889	0.3889	0.3611	0.4537	0.3889	0.4074	0.1772	0.1778
LV2L_HUMAN	0.4434	0.4953	0.5327	0.486	0.4623	0.5094	0.486	0.4623	0.4673	0.4906	0.4811	0.5741	0.7037	0.6667	0.6852	0.6759	0.4579	0.4486	0.4579	0.4352	0.486	0.486	0.4579	0.4766	0.3925	0.4766	0.4623	0.4476	0.4623	0.4206	0.4259	0.3981	0.3738	0.4486	0.5283	0.5794	0.6204	0.6019	0.6	0.6574	1.0	0.5648	0.2857	0.2952	0.3173	0.3269	0.4393	0.4167	0.3925	0.5556	0.4486	0.463	0.4259	0.3981	0.4259	0.4352	0.3981	0.2152	0.2
LV6E_HUMAN	0.4434	0.4206	0.4299	0.3925	0.3962	0.4386	0.4206	0.3868	0.4112	0.4123	0.4245	0.5741	0.6111	0.6019	0.5926	0.5926	0.4299	0.4019	0.3925	0.4074	0.4486	0.4299	0.4206	0.4299	0.3652	0.3832	0.4528	0.4071	0.4123	0.3913	0.3707	0.3333	0.3551	0.3925	0.5566	0.5701	0.6019	0.5741	0.61	0.6296	0.5648	1.0	0.2832	0.2478	0.2589	0.2589	0.3738	0.3981	0.3738	0.6019	0.3738	0.3362	0.3704	0.3426	0.3796	0.3611	0.3796	0.1899	0.1778
TVA3_MOUSE	0.2667	0.2642	0.2642	0.283	0.2762	0.3145	0.283	0.2596	0.2925	0.2869	0.2667	0.3048	0.3238	0.3143	0.3048	0.2952	0.2857	0.2762	0.2667	0.2642	0.2547	0.2736	0.2925	0.2547	0.248	0.2571	0.2762	0.252	0.2698	0.2677	0.2195	0.2547	0.2667	0.2736	0.2596	0.2981	0.3238	0.2952	0.3711	0.2857	0.2857	0.2832	1.0	0.616	0.3934	0.4098	0.2736	0.2925	0.2667	0.2952	0.2642	0.2602	0.2736	0.2453	0.2547	0.2547	0.2642	0.1875	0.1319
TVA1_RABIT	0.2857	0.2642	0.2642	0.283	0.2476	0.2857	0.2925	0.2596	0.3113	0.2984	0.2857	0.2762	0.3048	0.3143	0.3048	0.2952	0.2762	0.2571	0.2571	0.2547	0.2547	0.2547	0.2642	0.2642	0.2362	0.2476	0.2857	0.272	0.2381	0.2441	0.2	0.2453	0.2762	0.2642	0.2212	0.25	0.2762	0.2476	0.3196	0.2762	0.2952	0.2478	0.616	1.0	0.4194	0.4032	0.2453	0.2642	0.2762	0.2381	0.2358	0.24	0.2453	0.217	0.2453	0.2453	0.2736	0.175	0.163
TVA1_MOUSE	0.3048	0.2857	0.2952	0.3143	0.2981	0.2903	0.2857	0.375	0.3524	0.3089	0.3333	0.3269	0.2981	0.3269	0.3269	0.3462	0.2981	0.3269	0.2981	0.2952	0.2762	0.3143	0.3429	0.3048	0.2581	0.3429	0.3173	0.3033	0.3226	0.2823	0.2903	0.3429	0.3714	0.3429	0.3107	0.301	0.3365	0.2885	0.3333	0.2981	0.3173	0.2589	0.3934	0.4194	1.0	0.6129	0.2857	0.3238	0.3524	0.2981	0.3238	0.3065	0.3238	0.3048	0.3333	0.2857	0.3524	0.2	0.1667
TVA3_HUMAN	0.3143	0.3048	0.3238	0.3333	0.3077	0.2742	0.3048	0.3654	0.3714	0.3171	0.3333	0.2981	0.2885	0.3077	0.2788	0.2885	0.3269	0.3462	0.3269	0.3238	0.3143	0.3238	0.3905	0.3429	0.2984	0.3333	0.3462	0.3361	0.3226	0.3065	0.2581	0.3143	0.3238	0.3333	0.2718	0.3204	0.3365	0.2692	0.3333	0.2596	0.3269	0.2589	0.4098	0.4032	0.6129	1.0	0.3333	0.3143	0.3048	0.2885	0.3238	0.3145	0.3238	0.2571	0.3143	0.2952	0.3143	0.1875	0.1889
KV1N_HUMAN	0.5981	0.7037	0.6667	0.6759	0.7196	0.6822	0.6574	0.5755	0.5833	0.5421	0.5607	0.4112	0.4112	0.4019	0.4019	0.3925	0.5607	0.5607	0.514	0.5093	0.6759	0.6759	0.6111	0.6574	0.5926	0.5327	0.514	0.5189	0.5514	0.5833	0.463	0.5093	0.486	0.4815	0.3396	0.4151	0.4299	0.3925	0.3939	0.3832	0.4393	0.3738	0.2736	0.2453	0.2857	0.3333	1.0	0.5278	0.4299	0.3925	0.7407	0.6111	0.5463	0.5463	0.4907	0.6481	0.4907	0.1625	0.1758
KV1A_MOUSE	0.5327	0.5833	0.5833	0.5926	0.5327	0.5421	0.5926	0.6168	0.6111	0.5794	0.5701	0.4537	0.4259	0.4074	0.3889	0.4259	0.5	0.5	0.5093	0.4954	0.5833	0.5556	0.5741	0.537	0.5	0.5648	0.5607	0.5472	0.7103	0.6759	0.5872	0.5963	0.5833	0.5556	0.3396	0.4112	0.4537	0.4074	0.42	0.3981	0.4167	0.3981	0.2925	0.2642	0.3238	0.3143	0.5278	1.0	0.5833	0.3981	0.5556	0.5413	0.6147	0.5596	0.6055	0.5321	0.578	0.1875	0.1648
KV2A_MOUSE	0.4953	0.4673	0.4953	0.486	0.4528	0.4486	0.4579	0.5421	0.5234	0.566	0.5234	0.4112	0.3832	0.3925	0.3645	0.4019	0.4393	0.4393	0.4673	0.4259	0.4766	0.4953	0.5327	0.4766	0.4579	0.5278	0.4906	0.4762	0.5327	0.5514	0.6852	0.6667	0.7407	0.6449	0.3429	0.4151	0.4112	0.3832	0.404	0.3738	0.3925	0.3738	0.2667	0.2762	0.3524	0.3048	0.4299	0.5833	1.0	0.3551	0.4579	0.5	0.713	0.6574	0.6574	0.4444	0.7685	0.2	0.2111
LV1C_HUMAN	0.4151	0.4299	0.4393	0.3925	0.3962	0.4434	0.3832	0.434	0.4112	0.4057	0.4151	0.6944	0.6111	0.5926	0.6019	0.5926	0.4579	0.4206	0.4393	0.4537	0.4112	0.4486	0.4112	0.4112	0.3645	0.4019	0.4906	0.4286	0.4245	0.3925	0.4074	0.3704	0.3738	0.3925	0.5377	0.7944	0.7593	0.6852	0.71	0.6204	0.5556	0.6019	0.2952	0.2381	0.2981	0.2885	0.3925	0.3981	0.3551	1.0	0.3832	0.3981	0.3796	0.3889	0.3889	0.3889	0.4074	0.1646	0.1667
KV1K_HUMAN	0.5701	0.713	0.7037	0.7407	0.7757	0.6916	0.7037	0.6132	0.6296	0.5888	0.5794	0.4393	0.4112	0.4019	0.4112	0.4112	0.5607	0.5327	0.5981	0.5185	0.75	0.713	0.6204	0.6759	0.5741	0.5514	0.5421	0.5377	0.5701	0.6296	0.5093	0.5	0.486	0.5	0.3868	0.4151	0.4112	0.4112	0.4343	0.4112	0.4486	0.3738	0.2642	0.2358	0.3238	0.3238	0.7407	0.5556	0.4579	0.3832	1.0	0.5741	0.5556	0.5463	0.5185	0.75	0.4815	0.175	0.1758
KV3F_MOUSE	0.5047	0.5648	0.5556	0.5648	0.5514	0.4961	0.5185	0.7664	0.5833	0.5748	0.5327	0.4259	0.4352	0.4444	0.3981	0.4074	0.4907	0.537	0.4907	0.4862	0.5463	0.5648	0.6204	0.5463	0.4531	0.7315	0.5701	0.5317	0.5276	0.5	0.5581	0.5413	0.5648	0.5093	0.3868	0.4299	0.4444	0.3981	0.45	0.3889	0.463	0.3362	0.2602	0.24	0.3065	0.3145	0.6111	0.5413	0.5	0.3981	0.5741	1.0	0.578	0.5872	0.5872	0.5321	0.5596	0.2	0.1648
KV2D_HUMAN	0.5421	0.5648	0.5278	0.537	0.5234	0.514	0.537	0.6542	0.6389	0.6542	0.6168	0.4537	0.4167	0.4167	0.3981	0.3981	0.4907	0.4815	0.4907	0.4679	0.5556	0.5556	0.6019	0.5278	0.537	0.5926	0.4953	0.5283	0.5701	0.5926	0.789	0.789	0.75	0.7778	0.3962	0.4486	0.463	0.4167	0.42	0.3889	0.4259	0.3704	0.2736	0.2453	0.3238	0.3238	0.5463	0.6147	0.713	0.3796	0.5556	0.578	1.0	0.8165	0.7615	0.5229	0.7431	0.2	0.1758
KV2C_HUMAN	0.5514	0.5278	0.5	0.4907	0.5421	0.5047	0.4815	0.5794	0.5926	0.5794	0.5701	0.4259	0.3981	0.3889	0.3981	0.3889	0.4722	0.463	0.4815	0.5046	0.4907	0.5093	0.5463	0.537	0.4815	0.537	0.4766	0.4906	0.5234	0.5463	0.7064	0.7156	0.6667	0.6574	0.3774	0.4579	0.4259	0.4167	0.4	0.3611	0.3981	0.3426	0.2453	0.217	0.3048	0.2571	0.5463	0.5596	0.6574	0.3889	0.5463	0.5872	0.8165	1.0	0.6789	0.5138	0.6789	0.1875	0.1648
KV2G_MOUSE	0.5234	0.5556	0.5278	0.5556	0.5421	0.5234	0.537	0.6542	0.5833	0.6075	0.5794	0.4537	0.4444	0.4537	0.3981	0.4352	0.4815	0.5278	0.4907	0.4587	0.5648	0.5648	0.6759	0.5741	0.537	0.6296	0.486	0.5472	0.5981	0.6296	0.8073	0.7523	0.7222	0.7315	0.3962	0.4486	0.463	0.4259	0.42	0.4537	0.4259	0.3796	0.2547	0.2453	0.3333	0.3143	0.4907	0.6055	0.6574	0.3889	0.5185	0.5872	0.7615	0.6789	1.0	0.4954	0.6972	0.2125	0.1978
KV1U_HUMAN	0.5327	0.6667	0.6759	0.6944	0.7103	0.6449	0.6759	0.5421	0.6111	0.5981	0.5888	0.463	0.4167	0.4074	0.3981	0.3981	0.5463	0.5093	0.5648	0.4771	0.7685	0.6944	0.5833	0.6574	0.5463	0.5185	0.486	0.4811	0.5607	0.6019	0.5046	0.4771	0.5	0.4352	0.3491	0.4299	0.4259	0.3981	0.44	0.3889	0.4352	0.3611	0.2547	0.2453	0.2857	0.2952	0.6481	0.5321	0.4444	0.3889	0.75	0.5321	0.5229	0.5138	0.4954	1.0	0.4954	0.15	0.1648
KV2F_MOUSE	0.5234	0.5463	0.5278	0.537	0.4953	0.5047	0.5185	0.5888	0.5556	0.5888	0.5421	0.4907	0.4259	0.4074	0.3796	0.4259	0.5	0.4815	0.5185	0.4862	0.5278	0.5278	0.6204	0.537	0.5185	0.5648	0.486	0.5377	0.5701	0.5741	0.7156	0.6789	0.8148	0.6852	0.3679	0.4393	0.4907	0.4259	0.44	0.4074	0.3981	0.3796	0.2642	0.2736	0.3524	0.3143	0.4907	0.578	0.7685	0.4074	0.4815	0.5596	0.7431	0.6789	0.6972	0.4954	1.0	0.2	0.1868
1tlk_	0.1875	0.1875	0.225	0.175	0.175	0.175	0.175	0.2152	0.2125	0.1772	0.1875	0.1772	0.1899	0.1899	0.1899	0.1899	0.1899	0.1772	0.2278	0.1875	0.1625	0.175	0.1875	0.2	0.1875	0.2125	0.2025	0.2125	0.2375	0.225	0.2125	0.1875	0.2	0.1875	0.1923	0.1519	0.1899	0.1646	0.1519	0.1772	0.2152	0.1899	0.1875	0.175	0.2	0.1875	0.1625	0.1875	0.2	0.1646	0.175	0.2	0.2	0.1875	0.2125	0.15	0.2	1.0	0.2055
2ncm_	0.2111	0.2198	0.1978	0.2198	0.1868	0.2111	0.2198	0.1798	0.1868	0.1889	0.1667	0.1556	0.2	0.2	0.2222	0.1778	0.1778	0.1889	0.2111	0.1978	0.2198	0.2198	0.2088	0.1538	0.2088	0.1778	0.1778	0.1648	0.2222	0.1758	0.1758	0.1648	0.1778	0.2198	0.1685	0.1778	0.1556	0.1444	0.1628	0.1778	0.2	0.1778	0.1319	0.163	0.1667	0.1889	0.1758	0.1648	0.2111	0.1667	0.1758	0.1648	0.1758	0.1648	0.1978	0.1648	0.1868	0.2055	1.0
