	4enl_	ENO1_CANAL	ENO_ALTAL	ERR1_YEAST	EN11_SCHPO	EN12_SCHPO	ENO_NEOFR	ENO_CUNEL	ENO_CAEEL	ENOA_ALLMI	ENO_LOLPE	ENO_FASHE	ENO_SCHJA	ENO_DROME	ENO_HOMGA	ENO1_HEVBR	ENO_CHLRE	ENO_PLAFA	ENO_MASBA	ENO1_ENTHI	ENO_METJA	ENO_METAC	ENO_SULTO	ENO_AERPE	ENO_PYRAB	ENO_METKA	ENO_SYNY3	ENO_THETN	ENO_CLOPE	ENO_CLOAB	ENO_BACHD	ENO_LISMO	ENO_ENTFA	ENO_BACFR	ENO_STAAM	ENOA_LACLA	ENOA_LACPL	ENO_LEPIN	ENO_RALSO	ENO_NITEU	ENO_NEIMA	ENO_BORBU	ENO_AGRT5	ENO_BARHE	ENO_CAUCR	ENO_ZYMMO	ENO2_CHLTE	ENO_XANAC	ENO_FUSNN	ENO_AQUAE	ENO_THEMA	ENO1_STRCO	ENO_COREF	ENO_MYCLE	ENO_DESVM	ENO_DEIRA	ENO_SYNEL	ENO_ANASP	ENO2_STRCO	ENO1_PSESM	ENO_AERHY	ENO_BUCAI	ENO_WIGBR	ENO_BUCBP	ENO_BIFLO	ENO_TREPA	ENO_CAMJE	ENO_HELPJ	ENO_CHLCV	ENO_CHLTR	ENO_CHLPN	ENO1_CHLTE	ENO2_PSESM	ENO_MYCPN	ENO_MYCGE	ENO_MYCPE	ENOB_LACPL	ENO_MYCPU	ENO_UREPA	ENO_SULSO	ENO_METTH	ENO_PYRAE	ENO_THEAC	ENOB_LACLA	ENO_HALN1	ENO_HALMA	1fhu_A	1jpd_X	1bqg_	1kcz_A	2mnr_
4enl_	1.0	0.8012	0.7291	0.6772	0.6879	0.611	0.7118	0.6974	0.6676	0.6406	0.6474	0.6493	0.6301	0.6561	0.6474	0.6203	0.6	0.634	0.585	0.5954	0.5811	0.5279	0.4405	0.5029	0.5702	0.538	0.5044	0.5217	0.5275	0.5014	0.5043	0.5145	0.5058	0.5145	0.5058	0.5029	0.5303	0.4595	0.4812	0.4957	0.5217	0.4827	0.4942	0.4738	0.5188	0.5203	0.5116	0.513	0.5	0.5044	0.5233	0.516	0.5292	0.5234	0.4957	0.4942	0.4898	0.4869	0.4971	0.5044	0.4986	0.4711	0.4406	0.4435	0.5349	0.4942	0.4942	0.4812	0.5015	0.4985	0.4806	0.4754	0.4971	0.5159	0.5014	0.5101	0.4604	0.4899	0.4406	0.429	0.3452	0.3134	0.3202	0.4633	0.3667	0.3495	0.2271	0.1872	0.1976	0.1915	0.2203
ENO1_CANAL	0.8012	1.0	0.7522	0.6715	0.6879	0.6138	0.7077	0.683	0.6936	0.6638	0.6474	0.6696	0.6301	0.6734	0.6416	0.6599	0.6355	0.6332	0.6046	0.6052	0.5971	0.5306	0.4556	0.5	0.5988	0.5727	0.5101	0.562	0.5821	0.5447	0.5331	0.5603	0.5374	0.5431	0.5374	0.5259	0.5301	0.5057	0.5101	0.4986	0.5331	0.5115	0.5145	0.5	0.5159	0.5549	0.5374	0.5418	0.5259	0.5333	0.5491	0.5507	0.5727	0.5494	0.5072	0.5202	0.5217	0.5304	0.5231	0.5275	0.5274	0.5029	0.4582	0.4524	0.5578	0.5	0.5145	0.5014	0.5134	0.4926	0.4955	0.4928	0.5173	0.5158	0.4871	0.5272	0.4927	0.5129	0.464	0.4471	0.3669	0.3442	0.3423	0.4869	0.3916	0.3686	0.2153	0.2025	0.1725	0.1972	0.2314
ENO_ALTAL	0.7291	0.7522	1.0	0.6484	0.6647	0.6254	0.683	0.6772	0.6561	0.6319	0.6503	0.6406	0.6214	0.6445	0.6243	0.6127	0.6314	0.6178	0.5891	0.5994	0.5647	0.5263	0.4464	0.484	0.586	0.551	0.5087	0.5318	0.5434	0.5202	0.5173	0.5245	0.5159	0.5187	0.5014	0.5072	0.5259	0.4784	0.4971	0.5087	0.5029	0.5101	0.4899	0.4667	0.4942	0.5217	0.5216	0.5173	0.513	0.5087	0.5188	0.532	0.5364	0.5248	0.4884	0.487	0.4971	0.4942	0.4928	0.4884	0.5058	0.4784	0.4451	0.4624	0.513	0.487	0.4985	0.5	0.4881	0.497	0.4821	0.4595	0.4928	0.5172	0.5	0.4885	0.4737	0.4856	0.4364	0.4395	0.368	0.3463	0.3293	0.4971	0.3818	0.3758	0.2019	0.2034	0.1858	0.1979	0.2247
ERR1_YEAST	0.6772	0.6715	0.6484	1.0	0.604	0.5965	0.611	0.5937	0.6156	0.5855	0.5405	0.571	0.5983	0.5896	0.5809	0.5855	0.5697	0.5735	0.5533	0.5578	0.5428	0.4721	0.4375	0.4708	0.5263	0.5234	0.4723	0.4986	0.5014	0.487	0.4928	0.4942	0.4855	0.4971	0.4884	0.4855	0.4986	0.4566	0.4841	0.4696	0.4957	0.4711	0.5145	0.4767	0.4899	0.5203	0.4798	0.4696	0.4942	0.4956	0.5029	0.5015	0.5146	0.5	0.4783	0.4826	0.4752	0.4985	0.4884	0.4927	0.4638	0.4798	0.4319	0.4319	0.4593	0.4738	0.4503	0.4464	0.4687	0.4716	0.4627	0.4638	0.5029	0.5014	0.4755	0.4986	0.4692	0.4726	0.4435	0.4231	0.3333	0.2866	0.3202	0.4692	0.3606	0.3252	0.2126	0.183	0.1581	0.1915	0.1938
EN11_SCHPO	0.6879	0.6879	0.6647	0.604	1.0	0.6676	0.6532	0.6618	0.6561	0.6377	0.6474	0.6348	0.6156	0.6387	0.6387	0.6348	0.6273	0.6185	0.6214	0.6012	0.5562	0.5353	0.406	0.478	0.563	0.5425	0.4912	0.5058	0.5291	0.5203	0.5029	0.5101	0.5159	0.5159	0.4986	0.5101	0.5347	0.4957	0.4767	0.4855	0.4942	0.4928	0.4898	0.4636	0.4826	0.5481	0.5043	0.5291	0.4986	0.5234	0.5335	0.5292	0.5425	0.522	0.4942	0.4956	0.5058	0.5058	0.4752	0.4971	0.4913	0.4493	0.4099	0.4535	0.5335	0.4956	0.4897	0.4767	0.4671	0.4731	0.4641	0.5029	0.519	0.4827	0.4624	0.4884	0.4794	0.4682	0.4506	0.4214	0.3433	0.3234	0.3172	0.4676	0.3526	0.3567	0.1981	0.1617	0.1739	0.227	0.208
EN12_SCHPO	0.611	0.6138	0.6254	0.5965	0.6676	1.0	0.562	0.5447	0.5462	0.5333	0.5405	0.5536	0.5694	0.5607	0.5607	0.5681	0.5606	0.5591	0.5245	0.5405	0.5605	0.5337	0.4643	0.4649	0.5439	0.5234	0.4694	0.513	0.487	0.5043	0.5101	0.5087	0.4942	0.5058	0.4884	0.4798	0.5043	0.4827	0.4638	0.4551	0.4841	0.4884	0.4651	0.4593	0.4667	0.5233	0.4798	0.4522	0.4682	0.5131	0.5145	0.5219	0.5	0.4971	0.4638	0.4738	0.4869	0.4956	0.4419	0.4665	0.4667	0.4624	0.4174	0.4667	0.4884	0.4651	0.4503	0.4667	0.4478	0.4597	0.4537	0.4725	0.5058	0.4813	0.4784	0.4726	0.4604	0.4986	0.4435	0.4408	0.3631	0.3343	0.3323	0.4721	0.3788	0.3739	0.2126	0.183	0.1818	0.2199	0.2159
ENO_NEOFR	0.7118	0.7077	0.683	0.611	0.6532	0.562	1.0	0.7464	0.7225	0.7072	0.7225	0.7217	0.7023	0.7457	0.6965	0.7176	0.6777	0.6332	0.6619	0.6282	0.5971	0.5248	0.4527	0.4884	0.5988	0.5581	0.5101	0.5389	0.5389	0.5303	0.5504	0.5431	0.546	0.5259	0.5	0.5	0.533	0.5086	0.4928	0.4784	0.536	0.5	0.4971	0.4682	0.5101	0.5173	0.5287	0.5159	0.5115	0.5391	0.5434	0.542	0.5494	0.5174	0.5101	0.5145	0.5188	0.5188	0.4682	0.5188	0.5159	0.4684	0.4409	0.4496	0.5173	0.5231	0.5203	0.4986	0.4985	0.5045	0.4896	0.513	0.5029	0.4986	0.4842	0.4957	0.484	0.4871	0.464	0.4265	0.3609	0.3531	0.3483	0.4606	0.3855	0.3867	0.2057	0.173	0.2	0.2218	0.2183
ENO_CUNEL	0.6974	0.683	0.6772	0.5937	0.6618	0.5447	0.7464	1.0	0.7197	0.7014	0.7023	0.7043	0.685	0.7254	0.6763	0.7072	0.6515	0.6571	0.6254	0.6098	0.5664	0.5044	0.4196	0.4561	0.5848	0.538	0.516	0.5333	0.5565	0.5072	0.5304	0.5173	0.5145	0.4971	0.4971	0.4942	0.5389	0.4855	0.5217	0.4928	0.5101	0.5029	0.4855	0.468	0.4841	0.5058	0.5173	0.5043	0.4855	0.4985	0.5203	0.5248	0.5439	0.5	0.4783	0.4913	0.5277	0.519	0.4506	0.5102	0.5072	0.4769	0.4406	0.4464	0.4913	0.4826	0.4766	0.487	0.5164	0.5164	0.4985	0.4464	0.5116	0.4986	0.4755	0.5043	0.4751	0.4813	0.4551	0.4083	0.3452	0.3224	0.3353	0.4721	0.3424	0.3465	0.2174	0.1745	0.1976	0.2128	0.1938
ENO_CAEEL	0.6676	0.6936	0.6561	0.6156	0.6561	0.5462	0.7225	0.7197	1.0	0.7304	0.7023	0.713	0.7254	0.737	0.7197	0.7304	0.6879	0.6734	0.6647	0.6098	0.5621	0.5029	0.4299	0.4897	0.563	0.5396	0.5175	0.5262	0.5233	0.5174	0.532	0.5217	0.5188	0.5304	0.4957	0.4986	0.5231	0.5014	0.5029	0.4971	0.5203	0.4986	0.5073	0.481	0.5116	0.5131	0.5159	0.5233	0.5043	0.5058	0.5277	0.5556	0.5367	0.5073	0.5029	0.516	0.5292	0.5351	0.4781	0.538	0.4971	0.4783	0.4622	0.4506	0.5364	0.4898	0.5103	0.4855	0.509	0.515	0.506	0.4767	0.5015	0.4971	0.4711	0.5145	0.4853	0.4913	0.4593	0.4481	0.3433	0.3144	0.3444	0.4706	0.3587	0.3811	0.2029	0.1915	0.1858	0.2199	0.2168
ENOA_ALLMI	0.6406	0.6638	0.6319	0.5855	0.6377	0.5333	0.7072	0.7014	0.7304	1.0	0.742	0.7297	0.7159	0.7536	0.7159	0.7267	0.6839	0.6899	0.6609	0.629	0.5769	0.5206	0.4328	0.4809	0.5748	0.5543	0.5234	0.5394	0.5306	0.5248	0.519	0.5087	0.5029	0.5349	0.4971	0.4855	0.5333	0.5116	0.4869	0.4927	0.5335	0.5	0.5	0.4883	0.4927	0.5292	0.5174	0.5219	0.4942	0.5058	0.5394	0.5439	0.5308	0.522	0.4781	0.5234	0.5292	0.5556	0.4795	0.5044	0.5335	0.4971	0.449	0.481	0.5306	0.5058	0.4897	0.484	0.5269	0.497	0.506	0.4752	0.4971	0.5014	0.4754	0.4899	0.4794	0.5043	0.4752	0.4362	0.3683	0.3273	0.3595	0.4824	0.3678	0.3872	0.2174	0.183	0.1858	0.2376	0.2124
ENO_LOLPE	0.6474	0.6474	0.6503	0.5405	0.6474	0.5405	0.7225	0.7023	0.7023	0.742	1.0	0.742	0.7168	0.7225	0.7023	0.7478	0.6788	0.6474	0.6416	0.6243	0.5562	0.5147	0.4149	0.4604	0.5748	0.5484	0.5	0.5087	0.5058	0.5058	0.4971	0.487	0.487	0.5014	0.4725	0.4725	0.5	0.4899	0.4622	0.4855	0.4797	0.4957	0.4781	0.4519	0.4855	0.4956	0.4928	0.5174	0.4986	0.4854	0.5248	0.5088	0.5161	0.5015	0.4826	0.4985	0.5146	0.5088	0.4665	0.5029	0.5262	0.4638	0.436	0.4564	0.5248	0.5015	0.4692	0.4797	0.476	0.482	0.4701	0.4535	0.481	0.5145	0.5029	0.5	0.4441	0.4855	0.4622	0.4243	0.3701	0.3204	0.3323	0.4618	0.3678	0.3598	0.2222	0.1745	0.1621	0.2163	0.2257
ENO_FASHE	0.6493	0.6696	0.6406	0.571	0.6348	0.5536	0.7217	0.7043	0.713	0.7297	0.742	1.0	0.7797	0.7188	0.6812	0.7238	0.6818	0.6464	0.6551	0.6609	0.5786	0.5162	0.4162	0.4588	0.5706	0.55	0.5279	0.5452	0.5277	0.5248	0.5219	0.532	0.5203	0.5174	0.4913	0.4884	0.5362	0.5087	0.4927	0.4898	0.5044	0.5145	0.4912	0.4795	0.484	0.5175	0.5	0.4927	0.5174	0.4868	0.5292	0.522	0.5382	0.5176	0.4781	0.5263	0.5161	0.5249	0.4678	0.522	0.5335	0.4855	0.4519	0.4606	0.5292	0.5292	0.4794	0.4898	0.5075	0.5015	0.5045	0.484	0.5029	0.5333	0.5072	0.5043	0.472	0.5072	0.4869	0.4196	0.3623	0.3333	0.3424	0.4661	0.3628	0.3609	0.2126	0.1745	0.17	0.2305	0.2257
ENO_SCHJA	0.6301	0.6301	0.6214	0.5983	0.6156	0.5694	0.7023	0.685	0.7254	0.7159	0.7168	0.7797	1.0	0.7139	0.7081	0.6986	0.6727	0.6358	0.6532	0.6329	0.568	0.5324	0.4209	0.4633	0.5718	0.5484	0.5088	0.5203	0.5029	0.5087	0.5291	0.5188	0.5101	0.513	0.487	0.5014	0.5231	0.4928	0.4913	0.4738	0.5058	0.5014	0.5044	0.4869	0.4797	0.4956	0.4986	0.4884	0.5275	0.4912	0.5306	0.5292	0.5367	0.5073	0.4738	0.5102	0.5058	0.5175	0.4548	0.5234	0.5058	0.4812	0.4593	0.4651	0.5102	0.5044	0.478	0.4709	0.503	0.497	0.509	0.4913	0.5102	0.5087	0.4942	0.4913	0.4676	0.5145	0.4826	0.4243	0.3493	0.3234	0.3444	0.4618	0.3465	0.3567	0.2271	0.1617	0.1621	0.2092	0.2212
ENO_DROME	0.6561	0.6734	0.6445	0.5896	0.6387	0.5607	0.7457	0.7254	0.737	0.7536	0.7225	0.7188	0.7139	1.0	0.7919	0.7043	0.6818	0.6358	0.6503	0.6272	0.5651	0.5147	0.4358	0.4692	0.5543	0.5279	0.4883	0.5291	0.5291	0.5203	0.5291	0.5217	0.5072	0.5188	0.4899	0.4841	0.5087	0.4928	0.5087	0.4738	0.5203	0.4841	0.4898	0.4752	0.5	0.516	0.5043	0.5	0.5014	0.4971	0.5248	0.5351	0.5484	0.5132	0.4826	0.5015	0.4942	0.5234	0.4636	0.5292	0.5262	0.4841	0.4651	0.4593	0.5219	0.5102	0.4809	0.4826	0.512	0.503	0.488	0.4884	0.5102	0.5145	0.4884	0.4827	0.4794	0.4827	0.4564	0.4303	0.3642	0.3174	0.3384	0.4647	0.3556	0.3689	0.2029	0.183	0.1897	0.2128	0.2212
ENO_HOMGA	0.6474	0.6416	0.6243	0.5809	0.6387	0.5607	0.6965	0.6763	0.7197	0.7159	0.7023	0.6812	0.7081	0.7919	1.0	0.6957	0.6576	0.659	0.659	0.6185	0.5562	0.5118	0.4239	0.4545	0.5396	0.5455	0.5	0.5058	0.5116	0.4913	0.5029	0.5014	0.4841	0.5246	0.487	0.487	0.5087	0.4725	0.4709	0.468	0.4855	0.4841	0.481	0.4665	0.4826	0.5044	0.4899	0.4913	0.4899	0.4883	0.5073	0.5351	0.5249	0.5015	0.4855	0.4956	0.4854	0.5088	0.4431	0.5234	0.5	0.4493	0.4506	0.4331	0.5277	0.484	0.4868	0.4738	0.494	0.488	0.485	0.4709	0.484	0.4971	0.4827	0.4711	0.4735	0.4769	0.4709	0.4273	0.3522	0.3114	0.3414	0.4647	0.3465	0.3567	0.2077	0.1787	0.166	0.2163	0.2257
ENO1_HEVBR	0.6203	0.6599	0.6127	0.5855	0.6348	0.5681	0.7176	0.7072	0.7304	0.7267	0.7478	0.7238	0.6986	0.7043	0.6957	1.0	0.7297	0.6925	0.6667	0.6311	0.5941	0.5175	0.4154	0.4826	0.5901	0.561	0.5087	0.5376	0.5173	0.5087	0.5447	0.5331	0.5303	0.5389	0.5043	0.513	0.5374	0.513	0.4971	0.4798	0.5173	0.5101	0.5	0.4855	0.5029	0.5159	0.5043	0.5116	0.5072	0.5174	0.5391	0.5494	0.561	0.5203	0.4798	0.5173	0.5145	0.5465	0.4551	0.5349	0.5434	0.4813	0.4682	0.4566	0.5043	0.5275	0.4767	0.4798	0.503	0.4881	0.5	0.4653	0.487	0.5115	0.4828	0.5115	0.481	0.5057	0.4509	0.4118	0.3728	0.3274	0.3453	0.484	0.3716	0.3686	0.2095	0.1597	0.1804	0.214	0.2325
ENO_CHLRE	0.6	0.6355	0.6314	0.5697	0.6273	0.5606	0.6777	0.6515	0.6879	0.6839	0.6788	0.6818	0.6727	0.6818	0.6576	0.7297	1.0	0.6547	0.6216	0.6295	0.5736	0.5046	0.4373	0.4802	0.5805	0.535	0.4985	0.5257	0.5227	0.5136	0.5572	0.5392	0.5572	0.5301	0.494	0.5151	0.5105	0.494	0.5196	0.4864	0.5287	0.5331	0.5136	0.4864	0.4894	0.5242	0.5	0.5136	0.509	0.5198	0.5364	0.535	0.5471	0.5198	0.4985	0.4955	0.4985	0.5015	0.4758	0.5258	0.5227	0.494	0.4532	0.4381	0.5121	0.5182	0.4985	0.4834	0.4829	0.4829	0.486	0.4562	0.4758	0.5045	0.4805	0.5195	0.4573	0.4685	0.4578	0.4347	0.397	0.3323	0.3415	0.497	0.3642	0.3951	0.2153	0.1803	0.18	0.2174	0.2257
ENO_PLAFA	0.634	0.6332	0.6178	0.5735	0.6185	0.5591	0.6332	0.6571	0.6734	0.6899	0.6474	0.6464	0.6358	0.6358	0.659	0.6925	0.6547	1.0	0.6571	0.6322	0.5894	0.5262	0.426	0.4957	0.5797	0.5797	0.5087	0.5287	0.523	0.5431	0.5345	0.5415	0.5301	0.5244	0.5129	0.5043	0.5314	0.5072	0.477	0.4971	0.5345	0.5244	0.4697	0.4813	0.5	0.5216	0.4986	0.4971	0.5072	0.5145	0.562	0.552	0.5362	0.5217	0.4569	0.5101	0.526	0.5694	0.4524	0.4884	0.4943	0.4642	0.4454	0.4511	0.5245	0.5014	0.5159	0.5144	0.5178	0.503	0.5	0.4684	0.4957	0.5371	0.52	0.5286	0.4884	0.4971	0.4569	0.4399	0.3805	0.3323	0.3724	0.5058	0.3735	0.3825	0.1857	0.1765	0.1843	0.2246	0.2358
ENO_MASBA	0.585	0.6046	0.5891	0.5533	0.6214	0.5245	0.6619	0.6254	0.6647	0.6609	0.6416	0.6551	0.6532	0.6503	0.659	0.6667	0.6216	0.6571	1.0	0.6724	0.5425	0.5145	0.4231	0.4841	0.5652	0.5623	0.4971	0.5115	0.4971	0.4943	0.5172	0.5244	0.5129	0.4986	0.4756	0.49	0.5086	0.4986	0.4799	0.4684	0.5201	0.5014	0.4697	0.4553	0.4799	0.4899	0.4928	0.4828	0.5043	0.5087	0.5331	0.5202	0.5362	0.4841	0.4828	0.5072	0.4855	0.5202	0.438	0.5058	0.5057	0.4585	0.4397	0.431	0.4986	0.513	0.4986	0.4856	0.4941	0.4911	0.497	0.4856	0.4957	0.5086	0.4971	0.4914	0.4767	0.4971	0.4454	0.434	0.3658	0.3353	0.3574	0.4767	0.3373	0.3524	0.2143	0.1807	0.1608	0.1895	0.2052
ENO1_ENTHI	0.5954	0.6052	0.5994	0.5578	0.6012	0.5405	0.6282	0.6098	0.6098	0.629	0.6243	0.6609	0.6329	0.6272	0.6185	0.6311	0.6295	0.6322	0.6724	1.0	0.5605	0.5292	0.4286	0.481	0.5539	0.5481	0.5174	0.5462	0.5289	0.5173	0.5405	0.536	0.5216	0.5101	0.5043	0.4957	0.5316	0.4899	0.5231	0.4942	0.5173	0.5216	0.5101	0.4899	0.5116	0.513	0.5187	0.5058	0.5216	0.5291	0.5594	0.5262	0.5569	0.5044	0.5116	0.5159	0.5262	0.5291	0.4783	0.5233	0.5231	0.487	0.4451	0.4624	0.513	0.5159	0.5131	0.5029	0.5149	0.5149	0.5149	0.5087	0.5217	0.5287	0.5086	0.5402	0.5088	0.5	0.4653	0.4248	0.362	0.3075	0.3434	0.4854	0.3697	0.3636	0.2249	0.1983	0.1772	0.1901	0.2203
ENO_METJA	0.5811	0.5971	0.5647	0.5428	0.5562	0.5605	0.5971	0.5664	0.5621	0.5769	0.5562	0.5786	0.568	0.5651	0.5562	0.5941	0.5736	0.5894	0.5425	0.5605	1.0	0.6404	0.5105	0.551	0.7376	0.6764	0.5656	0.6199	0.5936	0.5731	0.5965	0.5819	0.5702	0.5685	0.5452	0.5073	0.6006	0.5409	0.5497	0.538	0.5906	0.5526	0.5848	0.5526	0.5731	0.5894	0.5526	0.5146	0.5848	0.5773	0.5918	0.6035	0.621	0.5685	0.5146	0.5556	0.5685	0.5831	0.5249	0.5324	0.5614	0.5234	0.5205	0.5439	0.5598	0.5425	0.5806	0.5409	0.5988	0.5569	0.5629	0.5205	0.5308	0.5539	0.5248	0.5685	0.5279	0.5248	0.4883	0.4702	0.4505	0.3867	0.4012	0.5279	0.4377	0.4407	0.2249	0.1941	0.2314	0.2289	0.2314
ENO_METAC	0.5279	0.5306	0.5263	0.4721	0.5353	0.5337	0.5248	0.5044	0.5029	0.5206	0.5147	0.5162	0.5324	0.5147	0.5118	0.5175	0.5046	0.5262	0.5145	0.5292	0.6404	1.0	0.4911	0.5072	0.629	0.6232	0.5289	0.5652	0.5449	0.5362	0.5581	0.5333	0.5275	0.5173	0.5289	0.5289	0.5347	0.5246	0.5072	0.5217	0.5304	0.487	0.5233	0.5174	0.5362	0.5436	0.513	0.4812	0.5478	0.552	0.5462	0.5549	0.5536	0.5333	0.4928	0.5	0.552	0.5347	0.4709	0.4927	0.5043	0.4725	0.4609	0.487	0.5491	0.4942	0.5277	0.5043	0.5134	0.5015	0.5045	0.4812	0.5	0.4798	0.474	0.4624	0.481	0.5	0.4609	0.4543	0.4358	0.3874	0.3716	0.5131	0.423	0.3988	0.2095	0.1975	0.1634	0.2035	0.2043
ENO_SULTO	0.4405	0.4556	0.4464	0.4375	0.406	0.4643	0.4527	0.4196	0.4299	0.4328	0.4149	0.4162	0.4209	0.4358	0.4239	0.4154	0.4373	0.426	0.4231	0.4286	0.5105	0.4911	1.0	0.5163	0.4896	0.4777	0.4392	0.4643	0.4702	0.4375	0.4629	0.457	0.451	0.4481	0.4392	0.4362	0.4379	0.454	0.4554	0.4464	0.4524	0.4421	0.4494	0.4435	0.4583	0.4567	0.4599	0.4137	0.4481	0.4718	0.4556	0.4748	0.4837	0.454	0.4375	0.4226	0.4273	0.4451	0.4328	0.4192	0.4137	0.4332	0.4494	0.4315	0.4408	0.4149	0.4629	0.4583	0.4255	0.4255	0.4043	0.4167	0.4627	0.426	0.4467	0.4142	0.4167	0.4083	0.4375	0.6331	0.3754	0.3554	0.3545	0.4315	0.3958	0.3708	0.1691	0.1502	0.1614	0.1828	0.1623
ENO_AERPE	0.5029	0.5	0.484	0.4708	0.478	0.4649	0.4884	0.4561	0.4897	0.4809	0.4604	0.4588	0.4633	0.4692	0.4545	0.4826	0.4802	0.4957	0.4841	0.481	0.551	0.5072	0.5163	1.0	0.5821	0.5735	0.487	0.4971	0.4913	0.4855	0.5087	0.4653	0.4769	0.438	0.4467	0.4467	0.4899	0.4538	0.4769	0.4855	0.4769	0.4595	0.4653	0.4884	0.4827	0.458	0.4711	0.4913	0.4595	0.5101	0.513	0.487	0.5043	0.487	0.4595	0.4884	0.4582	0.4784	0.4725	0.4448	0.4277	0.4509	0.3844	0.4277	0.487	0.4406	0.4522	0.4711	0.4675	0.4556	0.4704	0.4451	0.4986	0.4986	0.4496	0.4755	0.4783	0.4438	0.422	0.4824	0.3769	0.3881	0.3664	0.4986	0.4024	0.4114	0.2085	0.2301	0.2023	0.1783	0.1991
ENO_PYRAB	0.5702	0.5988	0.586	0.5263	0.563	0.5439	0.5988	0.5848	0.563	0.5748	0.5748	0.5706	0.5718	0.5543	0.5396	0.5901	0.5805	0.5797	0.5652	0.5539	0.7376	0.629	0.4896	0.5821	1.0	0.7147	0.5821	0.6532	0.6329	0.604	0.6503	0.6214	0.604	0.5764	0.5706	0.562	0.6311	0.5665	0.5896	0.5665	0.6127	0.5867	0.5954	0.5867	0.5838	0.5768	0.5723	0.5665	0.5896	0.6311	0.6311	0.6225	0.6484	0.5821	0.6012	0.604	0.6138	0.585	0.5304	0.561	0.5694	0.5231	0.4942	0.4971	0.5562	0.5797	0.5739	0.5665	0.571	0.5621	0.5621	0.5173	0.5449	0.5648	0.5274	0.5648	0.5333	0.5648	0.4855	0.4735	0.457	0.394	0.3604	0.5652	0.4324	0.4174	0.2038	0.2301	0.2179	0.2028	0.2165
ENO_METKA	0.538	0.5727	0.551	0.5234	0.5425	0.5234	0.5581	0.538	0.5396	0.5543	0.5484	0.55	0.5484	0.5279	0.5455	0.561	0.535	0.5797	0.5623	0.5481	0.6764	0.6232	0.4777	0.5735	0.7147	1.0	0.611	0.6069	0.5954	0.5751	0.5838	0.5751	0.5925	0.5562	0.5533	0.5418	0.6052	0.5318	0.5434	0.5462	0.5751	0.5549	0.5434	0.552	0.552	0.5681	0.5347	0.5578	0.5607	0.5965	0.5879	0.611	0.6225	0.585	0.5607	0.5809	0.5821	0.6081	0.5275	0.5145	0.5202	0.5116	0.4769	0.5	0.5706	0.5594	0.5623	0.5694	0.571	0.5444	0.568	0.5	0.5304	0.5389	0.4928	0.513	0.5362	0.5303	0.4653	0.4441	0.457	0.391	0.3964	0.5507	0.4324	0.4144	0.2275	0.2218	0.1946	0.1958	0.2294
ENO_SYNY3	0.5044	0.5101	0.5087	0.4723	0.4912	0.4694	0.5101	0.516	0.5175	0.5234	0.5	0.5279	0.5088	0.4883	0.5	0.5087	0.4985	0.5087	0.4971	0.5174	0.5656	0.5289	0.4392	0.487	0.5821	0.611	1.0	0.6427	0.5965	0.5965	0.6329	0.6052	0.6254	0.6121	0.5747	0.5776	0.6149	0.6138	0.5793	0.5648	0.5994	0.5735	0.604	0.6127	0.6138	0.5925	0.6023	0.6023	0.5706	0.6178	0.5891	0.6351	0.6023	0.585	0.5994	0.6416	0.704	0.7155	0.5694	0.6	0.5879	0.562	0.5274	0.5735	0.5603	0.5491	0.5623	0.5793	0.6018	0.6077	0.6047	0.5418	0.5491	0.5833	0.5747	0.546	0.5072	0.5517	0.4957	0.3971	0.4273	0.3582	0.3754	0.5391	0.4324	0.4474	0.237	0.2008	0.1829	0.1853	0.1991
ENO_THETN	0.5217	0.562	0.5318	0.4986	0.5058	0.513	0.5389	0.5333	0.5262	0.5394	0.5087	0.5452	0.5203	0.5291	0.5058	0.5376	0.5257	0.5287	0.5115	0.5462	0.6199	0.5652	0.4643	0.4971	0.6532	0.6069	0.6427	1.0	0.7571	0.7714	0.7536	0.7514	0.7278	0.6571	0.6829	0.6571	0.6857	0.6714	0.6571	0.6371	0.6429	0.6943	0.6562	0.6418	0.6429	0.6304	0.6657	0.64	0.6857	0.6657	0.6686	0.6715	0.6705	0.6272	0.6257	0.6619	0.6571	0.6427	0.5673	0.6542	0.6486	0.5914	0.5543	0.5771	0.6282	0.6046	0.593	0.5857	0.6254	0.6077	0.6313	0.5971	0.616	0.5886	0.5771	0.6086	0.5233	0.5771	0.5072	0.41	0.4353	0.358	0.3743	0.5669	0.4669	0.4578	0.218	0.205	0.2109	0.2281	0.2251
ENO_CLOPE	0.5275	0.5821	0.5434	0.5014	0.5291	0.487	0.5389	0.5565	0.5233	0.5306	0.5058	0.5277	0.5029	0.5291	0.5116	0.5173	0.5227	0.523	0.4971	0.5289	0.5936	0.5449	0.4702	0.4913	0.6329	0.5954	0.5965	0.7571	1.0	0.7486	0.7077	0.72	0.7077	0.66	0.6629	0.64	0.66	0.64	0.6514	0.6486	0.6314	0.66	0.6304	0.6046	0.6286	0.6418	0.6429	0.6286	0.6314	0.6225	0.6542	0.6254	0.6561	0.5867	0.64	0.6189	0.6225	0.5994	0.5387	0.611	0.6314	0.5629	0.5229	0.5629	0.5994	0.5845	0.5959	0.5771	0.5841	0.587	0.5959	0.5857	0.5845	0.5629	0.5514	0.5657	0.5378	0.5714	0.4842	0.413	0.4353	0.3757	0.3802	0.5843	0.4307	0.4277	0.1991	0.2092	0.1992	0.214	0.2165
ENO_CLOAB	0.5014	0.5447	0.5202	0.487	0.5203	0.5043	0.5303	0.5072	0.5174	0.5248	0.5058	0.5248	0.5087	0.5203	0.4913	0.5087	0.5136	0.5431	0.4943	0.5173	0.5731	0.5362	0.4375	0.4855	0.604	0.5751	0.5965	0.7714	0.7486	1.0	0.7163	0.7114	0.6934	0.64	0.6543	0.6314	0.64	0.6514	0.6114	0.6114	0.6114	0.6743	0.6132	0.5903	0.62	0.6218	0.6486	0.6286	0.6457	0.6282	0.6715	0.6254	0.6387	0.5838	0.6171	0.596	0.6369	0.6052	0.5358	0.6138	0.6	0.5371	0.5086	0.5629	0.5965	0.5903	0.5988	0.5686	0.5929	0.5782	0.6018	0.5857	0.5874	0.5543	0.5543	0.56	0.5116	0.5629	0.4785	0.41	0.4206	0.3521	0.3683	0.561	0.4367	0.4398	0.1943	0.1883	0.1914	0.2	0.2035
ENO_BACHD	0.5043	0.5331	0.5173	0.4928	0.5029	0.5101	0.5504	0.5304	0.532	0.519	0.4971	0.5219	0.5291	0.5291	0.5029	0.5447	0.5572	0.5345	0.5172	0.5405	0.5965	0.5581	0.4629	0.5087	0.6503	0.5838	0.6329	0.7536	0.7077	0.7163	1.0	0.7914	0.7564	0.6848	0.7221	0.6877	0.6771	0.6886	0.6905	0.6218	0.6848	0.6486	0.6562	0.6361	0.639	0.6379	0.6686	0.6705	0.6571	0.685	0.6772	0.6734	0.6618	0.5665	0.6304	0.659	0.6272	0.6185	0.5632	0.6763	0.6848	0.5857	0.5587	0.5616	0.5879	0.6149	0.6192	0.6246	0.5959	0.6018	0.5959	0.5731	0.5948	0.58	0.5714	0.6	0.5478	0.5886	0.5086	0.4176	0.434	0.3599	0.3552	0.5855	0.4384	0.4474	0.217	0.2	0.2227	0.2238	0.2251
ENO_LISMO	0.5145	0.5603	0.5245	0.4942	0.5101	0.5087	0.5431	0.5173	0.5217	0.5087	0.487	0.532	0.5188	0.5217	0.5014	0.5331	0.5392	0.5415	0.5244	0.536	0.5819	0.5333	0.457	0.4653	0.6214	0.5751	0.6052	0.7514	0.72	0.7114	0.7914	1.0	0.7886	0.68	0.7314	0.6943	0.6695	0.6695	0.6714	0.6429	0.6429	0.6382	0.6332	0.6189	0.6343	0.6304	0.6581	0.6457	0.6809	0.6484	0.6351	0.6311	0.6532	0.5954	0.6457	0.6132	0.6254	0.6196	0.5616	0.683	0.6629	0.5698	0.5343	0.5571	0.6063	0.6189	0.5814	0.5829	0.5882	0.5971	0.6	0.5829	0.5731	0.567	0.5641	0.5926	0.5275	0.584	0.4756	0.4029	0.437	0.3687	0.3582	0.5739	0.4414	0.4264	0.2217	0.1917	0.2109	0.2238	0.1991
ENO_ENTFA	0.5058	0.5374	0.5159	0.4855	0.5159	0.4942	0.546	0.5145	0.5188	0.5029	0.487	0.5203	0.5101	0.5072	0.4841	0.5303	0.5572	0.5301	0.5129	0.5216	0.5702	0.5275	0.451	0.4769	0.604	0.5925	0.6254	0.7278	0.7077	0.6934	0.7564	0.7886	1.0	0.6886	0.7486	0.7657	0.7179	0.6971	0.6762	0.6246	0.6476	0.6829	0.6293	0.6092	0.6361	0.6437	0.6543	0.6304	0.6686	0.6484	0.6523	0.611	0.6243	0.5665	0.6476	0.6264	0.6167	0.5994	0.5632	0.6552	0.6504	0.58	0.5501	0.5903	0.5575	0.6264	0.564	0.5845	0.5971	0.6147	0.6265	0.5788	0.5661	0.584	0.5755	0.6125	0.5043	0.604	0.49	0.4235	0.4353	0.3373	0.3503	0.5681	0.4294	0.4474	0.2264	0.2042	0.207	0.2021	0.2
ENO_BACFR	0.5145	0.5431	0.5187	0.4971	0.5159	0.5058	0.5259	0.4971	0.5304	0.5349	0.5014	0.5174	0.513	0.5188	0.5246	0.5389	0.5301	0.5244	0.4986	0.5101	0.5685	0.5173	0.4481	0.438	0.5764	0.5562	0.6121	0.6571	0.66	0.64	0.6848	0.68	0.6886	1.0	0.7322	0.7066	0.6268	0.6457	0.6229	0.6	0.6343	0.6229	0.6418	0.6562	0.6314	0.6332	0.6371	0.6	0.6657	0.6063	0.592	0.6063	0.6254	0.585	0.58	0.6103	0.6264	0.6149	0.5931	0.6236	0.6114	0.5629	0.5457	0.5543	0.5891	0.6103	0.5507	0.5571	0.5959	0.6165	0.6018	0.5571	0.5559	0.5755	0.5869	0.5556	0.5101	0.5755	0.4771	0.3912	0.4029	0.3462	0.3683	0.5565	0.4324	0.4204	0.2275	0.205	0.179	0.2133	0.2078
ENO_STAAM	0.5058	0.5374	0.5014	0.4884	0.4986	0.4884	0.5	0.4971	0.4957	0.4971	0.4725	0.4913	0.487	0.4899	0.487	0.5043	0.494	0.5129	0.4756	0.5043	0.5452	0.5289	0.4392	0.4467	0.5706	0.5533	0.5747	0.6829	0.6629	0.6543	0.7221	0.7314	0.7486	0.7322	1.0	0.7977	0.6752	0.66	0.6457	0.6343	0.62	0.6314	0.6304	0.639	0.6143	0.6304	0.6229	0.62	0.6514	0.6178	0.6351	0.5805	0.5908	0.5447	0.5857	0.5645	0.5891	0.6121	0.5702	0.6322	0.5943	0.5371	0.5029	0.5486	0.5661	0.5788	0.5217	0.5457	0.5811	0.5782	0.59	0.5543	0.5587	0.5413	0.5413	0.5584	0.4928	0.5584	0.4743	0.3882	0.4	0.3462	0.3503	0.5565	0.4324	0.4294	0.218	0.1715	0.1751	0.2133	0.2035
ENOA_LACLA	0.5029	0.5259	0.5072	0.4855	0.5101	0.4798	0.5	0.4942	0.4986	0.4855	0.4725	0.4884	0.5014	0.4841	0.487	0.513	0.5151	0.5043	0.49	0.4957	0.5073	0.5289	0.4362	0.4467	0.562	0.5418	0.5776	0.6571	0.64	0.6314	0.6877	0.6943	0.7657	0.7066	0.7977	1.0	0.6923	0.6429	0.64	0.62	0.6257	0.6057	0.6074	0.6332	0.6314	0.6103	0.6057	0.6257	0.6114	0.6236	0.6121	0.5776	0.5764	0.5274	0.5943	0.5788	0.5805	0.5891	0.5559	0.6408	0.5886	0.5257	0.5	0.5371	0.5345	0.5845	0.5217	0.5457	0.5575	0.5693	0.5664	0.5514	0.5587	0.5299	0.5214	0.5271	0.4609	0.5641	0.4743	0.4029	0.3912	0.3402	0.3293	0.5507	0.4174	0.4174	0.2133	0.1799	0.1712	0.2168	0.2078
ENOA_LACPL	0.5303	0.5301	0.5259	0.4986	0.5347	0.5043	0.533	0.5389	0.5231	0.5333	0.5	0.5362	0.5231	0.5087	0.5087	0.5374	0.5105	0.5314	0.5086	0.5316	0.6006	0.5347	0.4379	0.4899	0.6311	0.6052	0.6149	0.6857	0.66	0.64	0.6771	0.6695	0.7179	0.6268	0.6752	0.6923	1.0	0.6154	0.6114	0.6029	0.6057	0.6496	0.596	0.6103	0.5857	0.6103	0.6154	0.5971	0.5954	0.6293	0.6046	0.5833	0.6081	0.5562	0.6086	0.6132	0.5833	0.5977	0.5587	0.6178	0.6343	0.584	0.5686	0.5714	0.5616	0.6046	0.5623	0.5629	0.6294	0.5971	0.6206	0.5829	0.5759	0.5881	0.5824	0.5994	0.5405	0.5739	0.5029	0.39	0.4135	0.3658	0.3522	0.5405	0.4162	0.4341	0.2217	0.1917	0.2101	0.2056	0.2294
ENO_LEPIN	0.4595	0.5057	0.4784	0.4566	0.4957	0.4827	0.5086	0.4855	0.5014	0.5116	0.4899	0.5087	0.4928	0.4928	0.4725	0.513	0.494	0.5072	0.4986	0.4899	0.5409	0.5246	0.454	0.4538	0.5665	0.5318	0.6138	0.6714	0.64	0.6514	0.6886	0.6695	0.6971	0.6457	0.66	0.6429	0.6154	1.0	0.6514	0.6114	0.6343	0.6325	0.6332	0.6132	0.6371	0.6361	0.641	0.66	0.6182	0.6254	0.6092	0.6052	0.5896	0.5549	0.5971	0.6132	0.6282	0.5965	0.5387	0.634	0.6286	0.5641	0.5371	0.5543	0.546	0.5587	0.5494	0.58	0.5971	0.5794	0.5912	0.5629	0.553	0.5499	0.5584	0.5897	0.4754	0.567	0.4986	0.4029	0.4106	0.3215	0.3463	0.5478	0.4204	0.4204	0.2075	0.1875	0.1641	0.2028	0.2035
ENO_RALSO	0.4812	0.5101	0.4971	0.4841	0.4767	0.4638	0.4928	0.5217	0.5029	0.4869	0.4622	0.4927	0.4913	0.5087	0.4709	0.4971	0.5196	0.477	0.4799	0.5231	0.5497	0.5072	0.4554	0.4769	0.5896	0.5434	0.5793	0.6571	0.6514	0.6114	0.6905	0.6714	0.6762	0.6229	0.6457	0.64	0.6114	0.6514	1.0	0.7057	0.7057	0.62	0.6447	0.6103	0.6429	0.6304	0.6429	0.6371	0.6229	0.6167	0.6282	0.5937	0.6358	0.5694	0.6343	0.616	0.6282	0.6052	0.5759	0.6916	0.6514	0.6029	0.5514	0.5629	0.5274	0.5702	0.5901	0.5886	0.5723	0.59	0.5929	0.5514	0.5358	0.5371	0.5057	0.5714	0.5	0.5086	0.4871	0.4012	0.4235	0.3432	0.3443	0.564	0.4157	0.4006	0.2417	0.2134	0.2109	0.2211	0.1991
ENO_NITEU	0.4957	0.4986	0.5087	0.4696	0.4855	0.4551	0.4784	0.4928	0.4971	0.4927	0.4855	0.4898	0.4738	0.4738	0.468	0.4798	0.4864	0.4971	0.4684	0.4942	0.538	0.5217	0.4464	0.4855	0.5665	0.5462	0.5648	0.6371	0.6486	0.6114	0.6218	0.6429	0.6246	0.6	0.6343	0.62	0.6029	0.6114	0.7057	1.0	0.6343	0.5943	0.6275	0.6046	0.5943	0.6103	0.6257	0.6143	0.6029	0.5735	0.5965	0.5648	0.5983	0.5462	0.6086	0.5673	0.5994	0.5908	0.5645	0.6138	0.5943	0.5371	0.5171	0.5457	0.536	0.5559	0.5407	0.56	0.5841	0.5811	0.5841	0.5229	0.533	0.56	0.5229	0.5486	0.4767	0.5257	0.4527	0.3894	0.4235	0.3491	0.3443	0.5494	0.4096	0.4066	0.2275	0.1967	0.207	0.193	0.2035
ENO_NEIMA	0.5217	0.5331	0.5029	0.4957	0.4942	0.4841	0.536	0.5101	0.5203	0.5335	0.4797	0.5044	0.5058	0.5203	0.4855	0.5173	0.5287	0.5345	0.5201	0.5173	0.5906	0.5304	0.4524	0.4769	0.6127	0.5751	0.5994	0.6429	0.6314	0.6114	0.6848	0.6429	0.6476	0.6343	0.62	0.6257	0.6057	0.6343	0.7057	0.6343	1.0	0.5943	0.6504	0.6046	0.6657	0.639	0.6457	0.6029	0.5971	0.6571	0.611	0.6369	0.6214	0.5607	0.5943	0.6074	0.6311	0.6311	0.5587	0.6571	0.6314	0.5686	0.5514	0.5457	0.5418	0.5645	0.5901	0.5857	0.59	0.5959	0.5811	0.5429	0.5158	0.5629	0.5314	0.5771	0.5116	0.5457	0.4871	0.4189	0.4324	0.3343	0.3563	0.5552	0.4247	0.4187	0.218	0.1925	0.1992	0.2035	0.2165
ENO_BORBU	0.4827	0.5115	0.5101	0.4711	0.4928	0.4884	0.5	0.5029	0.4986	0.5	0.4957	0.5145	0.5014	0.4841	0.4841	0.5101	0.5331	0.5244	0.5014	0.5216	0.5526	0.487	0.4421	0.4595	0.5867	0.5549	0.5735	0.6943	0.66	0.6743	0.6486	0.6382	0.6829	0.6229	0.6314	0.6057	0.6496	0.6325	0.62	0.5943	0.5943	1.0	0.616	0.6132	0.5914	0.5903	0.6496	0.5914	0.6125	0.585	0.6149	0.5764	0.604	0.5405	0.6	0.616	0.5965	0.5793	0.5215	0.611	0.5943	0.5641	0.5457	0.5486	0.5431	0.6017	0.5552	0.5686	0.6147	0.5794	0.5912	0.5771	0.5358	0.584	0.5641	0.5954	0.4783	0.567	0.4957	0.4088	0.4194	0.3569	0.3701	0.5391	0.4204	0.4264	0.217	0.1833	0.1875	0.2028	0.2078
ENO_AGRT5	0.4942	0.5145	0.4899	0.5145	0.4898	0.4651	0.4971	0.4855	0.5073	0.5	0.4781	0.4912	0.5044	0.4898	0.481	0.5	0.5136	0.4697	0.4697	0.5101	0.5848	0.5233	0.4494	0.4653	0.5954	0.5434	0.604	0.6562	0.6304	0.6132	0.6562	0.6332	0.6293	0.6418	0.6304	0.6074	0.596	0.6332	0.6447	0.6275	0.6504	0.616	1.0	0.7479	0.7421	0.7155	0.6304	0.5989	0.6218	0.6098	0.5896	0.6387	0.6561	0.578	0.6218	0.6074	0.6127	0.6012	0.6466	0.6156	0.6017	0.5444	0.5244	0.5387	0.5607	0.5805	0.5785	0.5587	0.5769	0.5858	0.571	0.5587	0.5402	0.553	0.5444	0.553	0.5029	0.5645	0.4511	0.4041	0.4235	0.3314	0.3323	0.5523	0.4247	0.4066	0.2227	0.1841	0.1836	0.1965	0.1905
ENO_BARHE	0.4738	0.5	0.4667	0.4767	0.4636	0.4593	0.4682	0.468	0.481	0.4883	0.4519	0.4795	0.4869	0.4752	0.4665	0.4855	0.4864	0.4813	0.4553	0.4899	0.5526	0.5174	0.4435	0.4884	0.5867	0.552	0.6127	0.6418	0.6046	0.5903	0.6361	0.6189	0.6092	0.6562	0.639	0.6332	0.6103	0.6132	0.6103	0.6046	0.6046	0.6132	0.7479	1.0	0.6963	0.6437	0.5989	0.616	0.5931	0.6012	0.5751	0.6127	0.6098	0.5751	0.5845	0.5874	0.5838	0.5867	0.6149	0.6214	0.5874	0.5731	0.5244	0.5444	0.5578	0.5603	0.532	0.5559	0.5888	0.5828	0.574	0.5358	0.5489	0.5415	0.533	0.5301	0.5145	0.5473	0.4885	0.3835	0.4118	0.355	0.3772	0.5581	0.4247	0.4277	0.2275	0.2176	0.1836	0.207	0.1905
ENO_CAUCR	0.5188	0.5159	0.4942	0.4899	0.4826	0.4667	0.5101	0.4841	0.5116	0.4927	0.4855	0.484	0.4797	0.5	0.4826	0.5029	0.4894	0.5	0.4799	0.5116	0.5731	0.5362	0.4583	0.4827	0.5838	0.552	0.6138	0.6429	0.6286	0.62	0.639	0.6343	0.6361	0.6314	0.6143	0.6314	0.5857	0.6371	0.6429	0.5943	0.6657	0.5914	0.7421	0.6963	1.0	0.6562	0.6057	0.6314	0.6086	0.6052	0.5908	0.611	0.6532	0.5838	0.62	0.5903	0.6138	0.5793	0.6046	0.6311	0.6	0.5457	0.5143	0.5371	0.5764	0.5587	0.5698	0.5657	0.5841	0.5841	0.5811	0.5371	0.5244	0.5629	0.5486	0.5657	0.5	0.5543	0.4699	0.41	0.3941	0.3432	0.3533	0.5436	0.4367	0.4036	0.2038	0.1883	0.1719	0.2	0.2468
ENO_ZYMMO	0.5203	0.5549	0.5217	0.5203	0.5481	0.5233	0.5173	0.5058	0.5131	0.5292	0.4956	0.5175	0.4956	0.516	0.5044	0.5159	0.5242	0.5216	0.4899	0.513	0.5894	0.5436	0.4567	0.458	0.5768	0.5681	0.5925	0.6304	0.6418	0.6218	0.6379	0.6304	0.6437	0.6332	0.6304	0.6103	0.6103	0.6361	0.6304	0.6103	0.639	0.5903	0.7155	0.6437	0.6562	1.0	0.6017	0.5931	0.6017	0.5954	0.6127	0.6243	0.6232	0.5884	0.5702	0.5747	0.6012	0.6069	0.5977	0.6012	0.6246	0.5358	0.5215	0.5559	0.5809	0.5661	0.5685	0.5702	0.5976	0.5917	0.5769	0.533	0.5517	0.5645	0.5473	0.5587	0.5102	0.5501	0.454	0.4083	0.4041	0.3234	0.3243	0.519	0.4079	0.3867	0.2048	0.1765	0.1804	0.1796	0.2043
ENO2_CHLTE	0.5116	0.5374	0.5216	0.4798	0.5043	0.4798	0.5287	0.5173	0.5159	0.5174	0.4928	0.5	0.4986	0.5043	0.4899	0.5043	0.5	0.4986	0.4928	0.5187	0.5526	0.513	0.4599	0.4711	0.5723	0.5347	0.6023	0.6657	0.6429	0.6486	0.6686	0.6581	0.6543	0.6371	0.6229	0.6057	0.6154	0.641	0.6429	0.6257	0.6457	0.6496	0.6304	0.5989	0.6057	0.6017	1.0	0.6114	0.6239	0.6023	0.6322	0.6023	0.6243	0.5723	0.5886	0.6275	0.6196	0.6282	0.5587	0.6138	0.5914	0.5328	0.52	0.5314	0.5776	0.5731	0.564	0.5686	0.5794	0.5794	0.5853	0.5857	0.5444	0.5641	0.5527	0.5983	0.4841	0.5556	0.4957	0.4118	0.4194	0.3569	0.3433	0.5565	0.4234	0.4234	0.2406	0.2042	0.1914	0.2098	0.2035
ENO_XANAC	0.513	0.5418	0.5173	0.4696	0.5291	0.4522	0.5159	0.5043	0.5233	0.5219	0.5174	0.4927	0.4884	0.5	0.4913	0.5116	0.5136	0.4971	0.4828	0.5058	0.5146	0.4812	0.4137	0.4913	0.5665	0.5578	0.6023	0.64	0.6286	0.6286	0.6705	0.6457	0.6304	0.6	0.62	0.6257	0.5971	0.66	0.6371	0.6143	0.6029	0.5914	0.5989	0.616	0.6314	0.5931	0.6114	1.0	0.5743	0.6052	0.5764	0.585	0.6069	0.5665	0.5829	0.6046	0.5937	0.5994	0.5903	0.6542	0.6086	0.56	0.5171	0.5457	0.5447	0.5444	0.5465	0.5629	0.5723	0.5752	0.5752	0.5543	0.5415	0.5543	0.5171	0.5514	0.4826	0.5114	0.4957	0.3894	0.3971	0.3284	0.3443	0.5465	0.4066	0.4006	0.237	0.1925	0.1836	0.207	0.2078
ENO_FUSNN	0.5	0.5259	0.513	0.4942	0.4986	0.4682	0.5115	0.4855	0.5043	0.4942	0.4986	0.5174	0.5275	0.5014	0.4899	0.5072	0.509	0.5072	0.5043	0.5216	0.5848	0.5478	0.4481	0.4595	0.5896	0.5607	0.5706	0.6857	0.6314	0.6457	0.6571	0.6809	0.6686	0.6657	0.6514	0.6114	0.5954	0.6182	0.6229	0.6029	0.5971	0.6125	0.6218	0.5931	0.6086	0.6017	0.6239	0.5743	1.0	0.6138	0.6034	0.611	0.6474	0.578	0.5971	0.6103	0.5965	0.5879	0.5645	0.6138	0.6314	0.5527	0.5429	0.56	0.5747	0.6103	0.5378	0.5457	0.5529	0.5471	0.5676	0.54	0.5559	0.5641	0.5499	0.5726	0.513	0.567	0.4785	0.3853	0.4282	0.3422	0.3522	0.5449	0.4264	0.4384	0.2217	0.2042	0.1953	0.2098	0.2294
ENO_AQUAE	0.5044	0.5333	0.5087	0.4956	0.5234	0.5131	0.5391	0.4985	0.5058	0.5058	0.4854	0.4868	0.4912	0.4971	0.4883	0.5174	0.5198	0.5145	0.5087	0.5291	0.5773	0.552	0.4718	0.5101	0.6311	0.5965	0.6178	0.6657	0.6225	0.6282	0.685	0.6484	0.6484	0.6063	0.6178	0.6236	0.6293	0.6254	0.6167	0.5735	0.6571	0.585	0.6098	0.6012	0.6052	0.5954	0.6023	0.6052	0.6138	1.0	0.6839	0.6149	0.611	0.5648	0.6225	0.6069	0.6322	0.6006	0.5636	0.5855	0.5793	0.5648	0.5216	0.5504	0.5747	0.5983	0.5826	0.5937	0.5723	0.5811	0.5693	0.5965	0.5289	0.5747	0.5718	0.5517	0.5536	0.5862	0.5331	0.4294	0.4362	0.3731	0.3784	0.5884	0.4324	0.4174	0.1943	0.2218	0.2062	0.2133	0.2338
ENO_THEMA	0.5233	0.5491	0.5188	0.5029	0.5335	0.5145	0.5434	0.5203	0.5277	0.5394	0.5248	0.5292	0.5306	0.5248	0.5073	0.5391	0.5364	0.562	0.5331	0.5594	0.5918	0.5462	0.4556	0.513	0.6311	0.5879	0.5891	0.6686	0.6542	0.6715	0.6772	0.6351	0.6523	0.592	0.6351	0.6121	0.6046	0.6092	0.6282	0.5965	0.611	0.6149	0.5896	0.5751	0.5908	0.6127	0.6322	0.5764	0.6034	0.6839	1.0	0.5862	0.611	0.5274	0.6052	0.604	0.6149	0.6379	0.526	0.5913	0.5908	0.5374	0.5101	0.5331	0.5788	0.5838	0.5971	0.5793	0.5853	0.5765	0.5912	0.5677	0.5405	0.5759	0.5587	0.5501	0.5405	0.5817	0.5476	0.4545	0.429	0.3661	0.3922	0.5751	0.4401	0.4401	0.2358	0.2042	0.2179	0.1986	0.2035
ENO1_STRCO	0.516	0.5507	0.532	0.5015	0.5292	0.5219	0.542	0.5248	0.5556	0.5439	0.5088	0.522	0.5292	0.5351	0.5351	0.5494	0.535	0.552	0.5202	0.5262	0.6035	0.5549	0.4748	0.487	0.6225	0.611	0.6351	0.6715	0.6254	0.6254	0.6734	0.6311	0.611	0.6063	0.5805	0.5776	0.5833	0.6052	0.5937	0.5648	0.6369	0.5764	0.6387	0.6127	0.611	0.6243	0.6023	0.585	0.611	0.6149	0.5862	1.0	0.7205	0.683	0.6052	0.6272	0.6293	0.6351	0.5607	0.6116	0.5735	0.5187	0.5159	0.5303	0.6236	0.5665	0.5855	0.5648	0.5929	0.5959	0.5988	0.5216	0.5809	0.5575	0.5287	0.523	0.5362	0.5172	0.4611	0.4412	0.4184	0.3493	0.3604	0.5478	0.4474	0.4354	0.2227	0.1841	0.1907	0.2133	0.2424
ENO_COREF	0.5292	0.5727	0.5364	0.5146	0.5425	0.5	0.5494	0.5439	0.5367	0.5308	0.5161	0.5382	0.5367	0.5484	0.5249	0.561	0.5471	0.5362	0.5362	0.5569	0.621	0.5536	0.4837	0.5043	0.6484	0.6225	0.6023	0.6705	0.6561	0.6387	0.6618	0.6532	0.6243	0.6254	0.5908	0.5764	0.6081	0.5896	0.6358	0.5983	0.6214	0.604	0.6561	0.6098	0.6532	0.6232	0.6243	0.6069	0.6474	0.611	0.611	0.7205	1.0	0.7147	0.5751	0.5925	0.6167	0.6081	0.5855	0.6017	0.5723	0.526	0.5116	0.5116	0.6225	0.6116	0.5913	0.5607	0.6124	0.5799	0.5976	0.5347	0.571	0.5706	0.5476	0.5562	0.5391	0.5476	0.4711	0.4441	0.4362	0.3552	0.3634	0.5739	0.4414	0.4474	0.2464	0.2092	0.1868	0.2273	0.2165
ENO_MYCLE	0.5234	0.5494	0.5248	0.5	0.522	0.4971	0.5174	0.5	0.5073	0.522	0.5015	0.5176	0.5073	0.5132	0.5015	0.5203	0.5198	0.5217	0.4841	0.5044	0.5685	0.5333	0.454	0.487	0.5821	0.585	0.585	0.6272	0.5867	0.5838	0.5665	0.5954	0.5665	0.585	0.5447	0.5274	0.5562	0.5549	0.5694	0.5462	0.5607	0.5405	0.578	0.5751	0.5838	0.5884	0.5723	0.5665	0.578	0.5648	0.5274	0.683	0.7147	1.0	0.5636	0.5925	0.6138	0.5706	0.5565	0.5436	0.5289	0.4855	0.4682	0.4827	0.5821	0.5362	0.5333	0.5289	0.5858	0.5621	0.5769	0.5145	0.5623	0.5418	0.5216	0.5389	0.513	0.5014	0.4538	0.4118	0.4332	0.3463	0.3664	0.5304	0.4384	0.4174	0.2322	0.205	0.1868	0.1993	0.2338
ENO_DESVM	0.4957	0.5072	0.4884	0.4783	0.4942	0.4638	0.5101	0.4783	0.5029	0.4781	0.4826	0.4781	0.4738	0.4826	0.4855	0.4798	0.4985	0.4569	0.4828	0.5116	0.5146	0.4928	0.4375	0.4595	0.6012	0.5607	0.5994	0.6257	0.64	0.6171	0.6304	0.6457	0.6476	0.58	0.5857	0.5943	0.6086	0.5971	0.6343	0.6086	0.5943	0.6	0.6218	0.5845	0.62	0.5702	0.5886	0.5829	0.5971	0.6225	0.6052	0.6052	0.5751	0.5636	1.0	0.6017	0.6167	0.5908	0.5702	0.611	0.5857	0.5457	0.5229	0.5429	0.5187	0.5989	0.5843	0.5743	0.5664	0.5575	0.5782	0.5429	0.5387	0.5457	0.5343	0.54	0.4971	0.5571	0.4756	0.4071	0.4206	0.3343	0.3263	0.5581	0.4066	0.4006	0.2038	0.1967	0.1953	0.1754	0.1948
ENO_DEIRA	0.4942	0.5202	0.487	0.4826	0.4956	0.4738	0.5145	0.4913	0.516	0.5234	0.4985	0.5263	0.5102	0.5015	0.4956	0.5173	0.4955	0.5101	0.5072	0.5159	0.5556	0.5	0.4226	0.4884	0.604	0.5809	0.6416	0.6619	0.6189	0.596	0.659	0.6132	0.6264	0.6103	0.5645	0.5788	0.6132	0.6132	0.616	0.5673	0.6074	0.616	0.6074	0.5874	0.5903	0.5747	0.6275	0.6046	0.6103	0.6069	0.604	0.6272	0.5925	0.5925	0.6017	1.0	0.6156	0.6243	0.5402	0.5954	0.5817	0.5272	0.5043	0.5272	0.5318	0.5747	0.5698	0.5645	0.5917	0.571	0.6095	0.5473	0.5431	0.5645	0.5301	0.5301	0.5116	0.5387	0.4856	0.3953	0.4088	0.3432	0.3832	0.532	0.4337	0.4458	0.2133	0.1925	0.2188	0.2	0.2035
ENO_SYNEL	0.4898	0.5217	0.4971	0.4752	0.5058	0.4869	0.5188	0.5277	0.5292	0.5292	0.5146	0.5161	0.5058	0.4942	0.4854	0.5145	0.4985	0.526	0.4855	0.5262	0.5685	0.552	0.4273	0.4582	0.6138	0.5821	0.704	0.6571	0.6225	0.6369	0.6272	0.6254	0.6167	0.6264	0.5891	0.5805	0.5833	0.6282	0.6282	0.5994	0.6311	0.5965	0.6127	0.5838	0.6138	0.6012	0.6196	0.5937	0.5965	0.6322	0.6149	0.6293	0.6167	0.6138	0.6167	0.6156	1.0	0.7414	0.5405	0.6087	0.5965	0.5389	0.5303	0.562	0.5517	0.5751	0.5797	0.5821	0.6136	0.6313	0.6165	0.5591	0.5578	0.592	0.5805	0.5661	0.5275	0.5747	0.5274	0.3882	0.4599	0.3612	0.3844	0.5652	0.4715	0.4535	0.2464	0.2427	0.1946	0.1958	0.2208
ENO_ANASP	0.4869	0.5304	0.4942	0.4985	0.5058	0.4956	0.5188	0.519	0.5351	0.5556	0.5088	0.5249	0.5175	0.5234	0.5088	0.5465	0.5015	0.5694	0.5202	0.5291	0.5831	0.5347	0.4451	0.4784	0.585	0.6081	0.7155	0.6427	0.5994	0.6052	0.6185	0.6196	0.5994	0.6149	0.6121	0.5891	0.5977	0.5965	0.6052	0.5908	0.6311	0.5793	0.6012	0.5867	0.5793	0.6069	0.6282	0.5994	0.5879	0.6006	0.6379	0.6351	0.6081	0.5706	0.5908	0.6243	0.7414	1.0	0.5607	0.6029	0.585	0.5303	0.5159	0.5504	0.5747	0.5636	0.5739	0.5821	0.6106	0.5929	0.6195	0.5476	0.5549	0.569	0.546	0.5575	0.5159	0.5575	0.5274	0.4059	0.4481	0.3612	0.3784	0.5449	0.4354	0.4685	0.2322	0.1967	0.1984	0.1958	0.2078
ENO2_STRCO	0.4971	0.5231	0.4928	0.4884	0.4752	0.4419	0.4682	0.4506	0.4781	0.4795	0.4665	0.4678	0.4548	0.4636	0.4431	0.4551	0.4758	0.4524	0.438	0.4783	0.5249	0.4709	0.4328	0.4725	0.5304	0.5275	0.5694	0.5673	0.5387	0.5358	0.5632	0.5616	0.5632	0.5931	0.5702	0.5559	0.5587	0.5387	0.5759	0.5645	0.5587	0.5215	0.6466	0.6149	0.6046	0.5977	0.5587	0.5903	0.5645	0.5636	0.526	0.5607	0.5855	0.5565	0.5702	0.5402	0.5405	0.5607	1.0	0.5462	0.5387	0.5014	0.4699	0.4842	0.5173	0.5172	0.5248	0.4928	0.5533	0.5533	0.5562	0.4814	0.5201	0.5129	0.4986	0.533	0.4752	0.5129	0.4397	0.3787	0.4248	0.362	0.3574	0.4869	0.429	0.4066	0.237	0.2176	0.1804	0.2077	0.2078
ENO1_PSESM	0.5044	0.5275	0.4884	0.4927	0.4971	0.4665	0.5188	0.5102	0.538	0.5044	0.5029	0.522	0.5234	0.5292	0.5234	0.5349	0.5258	0.4884	0.5058	0.5233	0.5324	0.4927	0.4192	0.4448	0.561	0.5145	0.6	0.6542	0.611	0.6138	0.6763	0.683	0.6552	0.6236	0.6322	0.6408	0.6178	0.634	0.6916	0.6138	0.6571	0.611	0.6156	0.6214	0.6311	0.6012	0.6138	0.6542	0.6138	0.5855	0.5913	0.6116	0.6017	0.5436	0.611	0.5954	0.6087	0.6029	0.5462	1.0	0.7464	0.6542	0.6081	0.611	0.5333	0.5578	0.5439	0.5447	0.5634	0.5752	0.59	0.5562	0.5405	0.5718	0.5546	0.5862	0.4854	0.546	0.513	0.4006	0.4125	0.3224	0.3384	0.5468	0.4273	0.4212	0.2417	0.2218	0.1969	0.2063	0.193
ENO_AERHY	0.4986	0.5274	0.5058	0.4638	0.4913	0.4667	0.5159	0.5072	0.4971	0.5335	0.5262	0.5335	0.5058	0.5262	0.5	0.5434	0.5227	0.4943	0.5057	0.5231	0.5614	0.5043	0.4137	0.4277	0.5694	0.5202	0.5879	0.6486	0.6314	0.6	0.6848	0.6629	0.6504	0.6114	0.5943	0.5886	0.6343	0.6286	0.6514	0.5943	0.6314	0.5943	0.6017	0.5874	0.6	0.6246	0.5914	0.6086	0.6314	0.5793	0.5908	0.5735	0.5723	0.5289	0.5857	0.5817	0.5965	0.585	0.5387	0.7464	1.0	0.6943	0.6457	0.6486	0.5418	0.5845	0.5291	0.5486	0.5693	0.5605	0.5693	0.5257	0.5072	0.5771	0.56	0.5914	0.5029	0.5686	0.4986	0.4071	0.4382	0.355	0.3383	0.5262	0.4307	0.4157	0.237	0.2301	0.2031	0.1965	0.1948
ENO_BUCAI	0.4711	0.5029	0.4784	0.4798	0.4493	0.4624	0.4684	0.4769	0.4783	0.4971	0.4638	0.4855	0.4812	0.4841	0.4493	0.4813	0.494	0.4642	0.4585	0.487	0.5234	0.4725	0.4332	0.4509	0.5231	0.5116	0.562	0.5914	0.5629	0.5371	0.5857	0.5698	0.58	0.5629	0.5371	0.5257	0.584	0.5641	0.6029	0.5371	0.5686	0.5641	0.5444	0.5731	0.5457	0.5358	0.5328	0.56	0.5527	0.5648	0.5374	0.5187	0.526	0.4855	0.5457	0.5272	0.5389	0.5303	0.5014	0.6542	0.6943	1.0	0.6914	0.6657	0.477	0.5358	0.5058	0.5314	0.5353	0.5235	0.5471	0.5457	0.4928	0.5385	0.5385	0.5385	0.4609	0.5356	0.51	0.3971	0.393	0.3333	0.3612	0.5333	0.3574	0.3784	0.1981	0.2042	0.168	0.1923	0.2035
