	2pna_	1ab2_	1bm2_A	1d4t_A	1aya_A	2pld_A	1ju5_A	1lui_A	PIG2_HUMAN	SLA2_MOUSE	SLA2_HUMAN	SRK2_SPOLA	SR42_DROME	STK_HYDAT	SRK1_SPOLA	LCP2_HUMAN	SOC4_HUMAN	SOC6_HUMAN	SLA1_HUMAN	FRK_HUMAN	LCK_CHICK	HCK_HUMAN	LYN_HUMAN	BLK_HUMAN	YRK_CHICK	FYN_CHICK	YES_AVISY	FGR_HUMAN	FGR_FSVGR	SR64_DROME	TXK_HUMAN	TEC_HUMAN	BTK_HUMAN	BMX_HUMAN	BTKL_DROME	PTK6_HUMAN	PTK6_MOUSE	SRMS_MOUSE	VAV3_HUMAN	VAV_HUMAN	NCK2_HUMAN	SCK_HUMAN	GRBA_HUMAN	ABL_DROME	CSK_CHICK	ABL1_CAEEL	FER_HUMAN	FPS_AVISP	FES_FELCA	HT16_HYDAT	CISH_HUMAN	CISH_CHICK	CSW_DROME	CSW_DROVI	1bf5_A	1uur_A
2pna_	1.0	0.2738	0.2771	0.2262	0.2892	0.284	0.2805	0.2771	0.3171	0.2976	0.2976	0.3731	0.3452	0.3333	0.2976	0.3333	0.3133	0.2771	0.3373	0.2619	0.3333	0.3333	0.3095	0.2976	0.2976	0.2857	0.3214	0.3333	0.3571	0.2857	0.2651	0.2651	0.2651	0.2651	0.3133	0.3214	0.25	0.2381	0.2892	0.2892	0.2533	0.3158	0.2619	0.2683	0.2651	0.2857	0.275	0.2785	0.2785	0.2738	0.2667	0.28	0.2771	0.2771	0.2535	0.1905
1ab2_	0.2738	1.0	0.3214	0.3059	0.369	0.2805	0.3133	0.3452	0.3012	0.4118	0.4	0.4118	0.3765	0.3647	0.4353	0.2025	0.2619	0.2262	0.4167	0.3882	0.4353	0.4118	0.3294	0.3647	0.3529	0.3882	0.3882	0.3765	0.3882	0.3647	0.369	0.3452	0.3214	0.3571	0.3095	0.2941	0.3059	0.3647	0.2381	0.2738	0.3733	0.2763	0.2118	0.8072	0.4167	0.5765	0.2875	0.2658	0.2785	0.2588	0.2368	0.2368	0.369	0.369	0.2535	0.2588
1bm2_A	0.2771	0.3214	1.0	0.2353	0.369	0.2892	0.2683	0.2619	0.3373	0.3176	0.3176	0.3731	0.3647	0.3882	0.4118	0.2658	0.2169	0.2289	0.3095	0.4	0.3882	0.3294	0.3059	0.3647	0.3176	0.3176	0.3294	0.3765	0.3529	0.2941	0.25	0.25	0.25	0.2619	0.2381	0.4	0.3647	0.3294	0.2771	0.2892	0.3467	0.2763	0.2471	0.378	0.2892	0.3333	0.3	0.2405	0.2785	0.3176	0.2267	0.2133	0.2857	0.2738	0.1857	0.2381
1d4t_A	0.2262	0.3059	0.2353	1.0	0.3059	0.253	0.2048	0.3647	0.2262	0.2907	0.2674	0.2647	0.314	0.2558	0.3256	0.2625	0.25	0.1905	0.2235	0.3023	0.2442	0.2674	0.2674	0.2442	0.2442	0.2209	0.2326	0.2326	0.2442	0.2674	0.2824	0.2588	0.3059	0.2588	0.2235	0.1977	0.1977	0.2907	0.1429	0.1786	0.2368	0.2987	0.2558	0.3494	0.3095	0.3059	0.2469	0.2375	0.2	0.2674	0.1579	0.1842	0.2588	0.2588	0.2394	0.1765
1aya_A	0.2892	0.369	0.369	0.3059	1.0	0.3133	0.3171	0.369	0.3095	0.3059	0.2941	0.3433	0.3412	0.3176	0.3647	0.2785	0.2619	0.2381	0.3095	0.3412	0.3647	0.3294	0.2941	0.3412	0.3294	0.3294	0.3176	0.3412	0.3294	0.3294	0.2976	0.2976	0.3333	0.2619	0.2857	0.3176	0.3059	0.3294	0.2619	0.2857	0.3816	0.2338	0.3176	0.4024	0.3333	0.3571	0.2716	0.25	0.2375	0.3176	0.3026	0.3026	0.4941	0.5176	0.2143	0.1905
2pld_A	0.284	0.2805	0.2892	0.253	0.3133	1.0	0.2875	0.3012	0.6386	0.2892	0.2771	0.2769	0.2771	0.3012	0.2651	0.3117	0.2927	0.2561	0.2439	0.241	0.2651	0.253	0.2651	0.241	0.2169	0.2289	0.253	0.2289	0.241	0.2892	0.3373	0.241	0.3012	0.3012	0.241	0.241	0.253	0.3012	0.2927	0.2805	0.3514	0.28	0.2289	0.275	0.2927	0.2561	0.2278	0.2051	0.2179	0.3012	0.2162	0.2297	0.2651	0.2771	0.1471	0.2195
1ju5_A	0.2805	0.3133	0.2683	0.2048	0.3171	0.2875	1.0	0.3415	0.3086	0.3735	0.3855	0.303	0.3133	0.2771	0.3373	0.2949	0.2683	0.1951	0.2927	0.2289	0.3855	0.3133	0.2651	0.2892	0.2771	0.2892	0.3133	0.2892	0.3012	0.3373	0.2805	0.3049	0.2683	0.2927	0.3171	0.3614	0.3253	0.3494	0.2683	0.2683	0.2703	0.2933	0.253	0.2927	0.3537	0.3373	0.3205	0.2987	0.3377	0.3373	0.2533	0.2667	0.3537	0.378	0.2286	0.241
1lui_A	0.2771	0.3452	0.2619	0.3647	0.369	0.3012	0.3415	1.0	0.2619	0.3412	0.3176	0.3284	0.3059	0.2824	0.3059	0.2658	0.2651	0.1687	0.3452	0.2824	0.3529	0.3294	0.3529	0.3647	0.3412	0.2941	0.3176	0.3294	0.3412	0.3529	0.5765	0.6	0.5294	0.5412	0.4824	0.3059	0.2824	0.3176	0.241	0.241	0.2533	0.3421	0.2353	0.3537	0.3133	0.3333	0.325	0.2785	0.2785	0.2824	0.2667	0.2933	0.3571	0.3452	0.2	0.2024
PIG2_HUMAN	0.3171	0.3012	0.3373	0.2262	0.3095	0.6386	0.3086	0.2619	1.0	0.3095	0.2976	0.3182	0.3452	0.3571	0.2857	0.2692	0.2771	0.241	0.2892	0.3214	0.3571	0.3095	0.25	0.2976	0.2857	0.3095	0.2976	0.2976	0.2976	0.2976	0.2738	0.2262	0.2381	0.2619	0.2619	0.369	0.3214	0.3214	0.3253	0.2892	0.28	0.2763	0.2381	0.3086	0.3012	0.3253	0.1875	0.1772	0.2152	0.2976	0.24	0.2267	0.2619	0.2738	0.1449	0.2048
SLA2_MOUSE	0.2976	0.4118	0.3176	0.2907	0.3059	0.2892	0.3735	0.3412	0.3095	1.0	0.907	0.4412	0.5116	0.4535	0.4767	0.2125	0.2976	0.2381	0.6235	0.4186	0.5698	0.5465	0.5465	0.5465	0.4884	0.5465	0.5233	0.5233	0.5	0.4767	0.3412	0.2941	0.2588	0.2706	0.2941	0.3605	0.3488	0.4651	0.2381	0.2262	0.3026	0.2597	0.2326	0.3735	0.4048	0.3882	0.3333	0.35	0.35	0.314	0.2763	0.25	0.3529	0.3647	0.2113	0.2471
SLA2_HUMAN	0.2976	0.4	0.3176	0.2674	0.2941	0.2771	0.3855	0.3176	0.2976	0.907	1.0	0.4118	0.5	0.4419	0.4535	0.225	0.2619	0.2262	0.6	0.3953	0.5465	0.5698	0.5465	0.5581	0.4884	0.5465	0.5233	0.5349	0.5116	0.4767	0.3294	0.2588	0.2588	0.2588	0.2941	0.3488	0.3605	0.4535	0.2262	0.2143	0.2763	0.2727	0.2558	0.3494	0.381	0.3882	0.3333	0.35	0.3625	0.314	0.2763	0.25	0.3412	0.3294	0.1972	0.2
SRK2_SPOLA	0.3731	0.4118	0.3731	0.2647	0.3433	0.2769	0.303	0.3284	0.3182	0.4412	0.4118	1.0	0.6618	0.5735	0.5147	0.2903	0.2537	0.194	0.4627	0.6029	0.5294	0.5294	0.4853	0.5147	0.6029	0.6471	0.6029	0.5882	0.6176	0.5	0.3433	0.2537	0.2687	0.2985	0.3134	0.3235	0.3529	0.3529	0.3134	0.3134	0.3103	0.2258	0.2647	0.4545	0.403	0.3971	0.2576	0.2462	0.2615	0.3382	0.3051	0.2712	0.4328	0.4328	0.2407	0.2353
SR42_DROME	0.3452	0.3765	0.3647	0.314	0.3412	0.2771	0.3133	0.3059	0.3452	0.5116	0.5	0.6618	1.0	0.5465	0.5581	0.3125	0.3214	0.2381	0.4588	0.6279	0.5814	0.6279	0.5349	0.5581	0.5349	0.5698	0.5233	0.5698	0.5581	0.5465	0.3412	0.2588	0.2824	0.2706	0.2706	0.3837	0.3953	0.3837	0.2738	0.2857	0.3684	0.2208	0.2558	0.3976	0.4286	0.4118	0.2716	0.25	0.25	0.3488	0.3026	0.2763	0.3765	0.3882	0.1831	0.2
STK_HYDAT	0.3333	0.3647	0.3882	0.2558	0.3176	0.3012	0.2771	0.2824	0.3571	0.4535	0.4419	0.5735	0.5465	1.0	0.5233	0.2375	0.2619	0.2143	0.4471	0.5	0.5	0.5	0.5	0.5349	0.5581	0.593	0.5465	0.5698	0.5814	0.4884	0.2941	0.2471	0.2353	0.2235	0.2824	0.3256	0.314	0.314	0.2381	0.2857	0.3289	0.2468	0.2209	0.3735	0.3452	0.3882	0.2099	0.2	0.25	0.2791	0.2895	0.2632	0.3412	0.3412	0.1831	0.2588
SRK1_SPOLA	0.2976	0.4353	0.4118	0.3256	0.3647	0.2651	0.3373	0.3059	0.2857	0.4767	0.4535	0.5147	0.5581	0.5233	1.0	0.275	0.2619	0.2381	0.4588	0.5349	0.4651	0.5465	0.4302	0.4767	0.4651	0.4651	0.4651	0.4767	0.4651	0.407	0.3059	0.2706	0.2824	0.2235	0.2471	0.3605	0.3721	0.3721	0.2143	0.2857	0.3684	0.2857	0.2791	0.4337	0.381	0.4118	0.2716	0.25	0.2625	0.3488	0.2895	0.2632	0.3765	0.3647	0.1972	0.2588
LCP2_HUMAN	0.3333	0.2025	0.2658	0.2625	0.2785	0.3117	0.2949	0.2658	0.2692	0.2125	0.225	0.2903	0.3125	0.2375	0.275	1.0	0.2949	0.2308	0.2152	0.2625	0.2625	0.275	0.2875	0.2625	0.25	0.2375	0.275	0.2625	0.275	0.2875	0.2911	0.2911	0.2911	0.2532	0.2658	0.3125	0.3125	0.2625	0.2179	0.2436	0.2237	0.28	0.275	0.2152	0.2692	0.2152	0.28	0.2703	0.2703	0.2625	0.2895	0.3026	0.3291	0.3165	0.2113	0.1646
SOC4_HUMAN	0.3133	0.2619	0.2169	0.25	0.2619	0.2927	0.2683	0.2651	0.2771	0.2976	0.2619	0.2537	0.3214	0.2619	0.2619	0.2949	1.0	0.5357	0.253	0.25	0.25	0.25	0.2619	0.2381	0.2619	0.2262	0.25	0.25	0.25	0.2381	0.2651	0.2651	0.253	0.2651	0.2892	0.2381	0.2381	0.2381	0.2143	0.2738	0.2667	0.2763	0.2143	0.2927	0.3095	0.2619	0.2875	0.2658	0.2785	0.2857	0.3289	0.3421	0.2619	0.2738	0.1571	0.1548
SOC6_HUMAN	0.2771	0.2262	0.2289	0.1905	0.2381	0.2561	0.1951	0.1687	0.241	0.2381	0.2262	0.194	0.2381	0.2143	0.2381	0.2308	0.5357	1.0	0.1928	0.25	0.2262	0.2262	0.2143	0.1786	0.2024	0.2024	0.25	0.2381	0.2381	0.2024	0.1928	0.2289	0.241	0.2048	0.241	0.2262	0.2024	0.2143	0.2024	0.2024	0.1867	0.2368	0.1667	0.2439	0.1905	0.2262	0.175	0.1519	0.1646	0.25	0.2763	0.2895	0.1905	0.2024	0.1571	0.1548
SLA1_HUMAN	0.3373	0.4167	0.3095	0.2235	0.3095	0.2439	0.2927	0.3452	0.2892	0.6235	0.6	0.4627	0.4588	0.4471	0.4588	0.2152	0.253	0.1928	1.0	0.4588	0.5412	0.5529	0.5176	0.5529	0.4941	0.5529	0.5412	0.5059	0.5059	0.4353	0.3214	0.2976	0.2976	0.2738	0.369	0.3059	0.2941	0.3647	0.2048	0.241	0.28	0.25	0.2	0.378	0.3855	0.4167	0.3125	0.2785	0.3165	0.3059	0.24	0.2133	0.3333	0.3333	0.2143	0.2262
FRK_HUMAN	0.2619	0.3882	0.4	0.3023	0.3412	0.241	0.2289	0.2824	0.3214	0.4186	0.3953	0.6029	0.6279	0.5	0.5349	0.2625	0.25	0.25	0.4588	1.0	0.5465	0.5814	0.5349	0.5581	0.5233	0.5349	0.5	0.5349	0.5233	0.4535	0.3294	0.2824	0.3059	0.2588	0.2941	0.3605	0.3605	0.3605	0.2619	0.2857	0.3421	0.2078	0.2558	0.4217	0.381	0.4118	0.321	0.3	0.2875	0.314	0.3026	0.2763	0.3647	0.3647	0.1972	0.2706
LCK_CHICK	0.3333	0.4353	0.3882	0.2442	0.3647	0.2651	0.3855	0.3529	0.3571	0.5698	0.5465	0.5294	0.5814	0.5	0.4651	0.2625	0.25	0.2262	0.5412	0.5465	1.0	0.6744	0.6163	0.6395	0.5698	0.6163	0.5814	0.6047	0.5814	0.5116	0.3765	0.3294	0.3059	0.3176	0.3647	0.4302	0.3837	0.3953	0.3095	0.2976	0.3553	0.2597	0.2209	0.4096	0.3929	0.4235	0.284	0.2625	0.3125	0.3023	0.2368	0.2105	0.3765	0.3882	0.2113	0.2
HCK_HUMAN	0.3333	0.4118	0.3294	0.2674	0.3294	0.253	0.3133	0.3294	0.3095	0.5465	0.5698	0.5294	0.6279	0.5	0.5465	0.275	0.25	0.2262	0.5529	0.5814	0.6744	1.0	0.6628	0.6512	0.6512	0.6744	0.6395	0.6744	0.6628	0.5	0.3412	0.2706	0.2824	0.2824	0.3294	0.3721	0.3721	0.3953	0.2738	0.2738	0.3684	0.2727	0.2791	0.3735	0.3571	0.4	0.3086	0.275	0.275	0.3372	0.2632	0.2368	0.3765	0.3647	0.2113	0.2235
LYN_HUMAN	0.3095	0.3294	0.3059	0.2674	0.2941	0.2651	0.2651	0.3529	0.25	0.5465	0.5465	0.4853	0.5349	0.5	0.4302	0.2875	0.2619	0.2143	0.5176	0.5349	0.6163	0.6628	1.0	0.686	0.6279	0.6163	0.6047	0.6279	0.6163	0.4651	0.3882	0.2706	0.3176	0.2588	0.3412	0.3372	0.3023	0.3488	0.2024	0.25	0.3289	0.2597	0.2209	0.3012	0.369	0.3294	0.284	0.2875	0.2625	0.3023	0.2632	0.2632	0.3412	0.3412	0.2254	0.2353
BLK_HUMAN	0.2976	0.3647	0.3647	0.2442	0.3412	0.241	0.2892	0.3647	0.2976	0.5465	0.5581	0.5147	0.5581	0.5349	0.4767	0.2625	0.2381	0.1786	0.5529	0.5581	0.6395	0.6512	0.686	1.0	0.6163	0.6628	0.6163	0.6395	0.6395	0.5581	0.3294	0.2588	0.2706	0.2471	0.3059	0.3372	0.2907	0.3605	0.2619	0.2738	0.3421	0.2727	0.2558	0.3373	0.3571	0.3412	0.2716	0.25	0.275	0.2907	0.3158	0.2895	0.3529	0.3529	0.1831	0.2588
YRK_CHICK	0.2976	0.3529	0.3176	0.2442	0.3294	0.2169	0.2771	0.3412	0.2857	0.4884	0.4884	0.6029	0.5349	0.5581	0.4651	0.25	0.2619	0.2024	0.4941	0.5233	0.5698	0.6512	0.6279	0.6163	1.0	0.8605	0.7558	0.7907	0.8023	0.5116	0.3647	0.2824	0.2824	0.2824	0.3647	0.3605	0.3023	0.3488	0.2619	0.2857	0.3158	0.2727	0.2442	0.3735	0.4048	0.4	0.2963	0.275	0.2625	0.3023	0.2763	0.25	0.3294	0.3294	0.2535	0.2353
FYN_CHICK	0.2857	0.3882	0.3176	0.2209	0.3294	0.2289	0.2892	0.2941	0.3095	0.5465	0.5465	0.6471	0.5698	0.593	0.4651	0.2375	0.2262	0.2024	0.5529	0.5349	0.6163	0.6744	0.6163	0.6628	0.8605	1.0	0.814	0.8023	0.814	0.5581	0.3059	0.2471	0.2471	0.2235	0.3412	0.3372	0.3023	0.3372	0.2738	0.3095	0.3289	0.2727	0.2326	0.3855	0.4048	0.4118	0.284	0.25	0.275	0.3023	0.2632	0.2368	0.3529	0.3529	0.2254	0.2471
YES_AVISY	0.3214	0.3882	0.3294	0.2326	0.3176	0.253	0.3133	0.3176	0.2976	0.5233	0.5233	0.6029	0.5233	0.5465	0.4651	0.275	0.25	0.25	0.5412	0.5	0.5814	0.6395	0.6047	0.6163	0.7558	0.814	1.0	0.7558	0.814	0.5465	0.3412	0.2941	0.2706	0.2706	0.3647	0.3488	0.2907	0.3488	0.2857	0.3095	0.2895	0.3117	0.2209	0.3855	0.4048	0.4118	0.2963	0.275	0.3125	0.2907	0.2237	0.1974	0.3412	0.3529	0.2113	0.2471
FGR_HUMAN	0.3333	0.3765	0.3765	0.2326	0.3412	0.2289	0.2892	0.3294	0.2976	0.5233	0.5349	0.5882	0.5698	0.5698	0.4767	0.2625	0.25	0.2381	0.5059	0.5349	0.6047	0.6744	0.6279	0.6395	0.7907	0.8023	0.7558	1.0	0.907	0.5	0.3412	0.2588	0.2471	0.2588	0.3176	0.3953	0.3372	0.3837	0.2619	0.2857	0.3158	0.2857	0.2209	0.3735	0.3929	0.4118	0.2716	0.2375	0.2625	0.3023	0.2763	0.25	0.3294	0.3294	0.1972	0.2
FGR_FSVGR	0.3571	0.3882	0.3529	0.2442	0.3294	0.241	0.3012	0.3412	0.2976	0.5	0.5116	0.6176	0.5581	0.5814	0.4651	0.275	0.25	0.2381	0.5059	0.5233	0.5814	0.6628	0.6163	0.6395	0.8023	0.814	0.814	0.907	1.0	0.5233	0.3529	0.2824	0.2588	0.2706	0.3294	0.3837	0.314	0.3721	0.2738	0.2976	0.3026	0.2987	0.2209	0.3976	0.381	0.4235	0.2716	0.25	0.275	0.2907	0.2895	0.2632	0.3412	0.3412	0.1972	0.2
SR64_DROME	0.2857	0.3647	0.2941	0.2674	0.3294	0.2892	0.3373	0.3529	0.2976	0.4767	0.4767	0.5	0.5465	0.4884	0.407	0.2875	0.2381	0.2024	0.4353	0.4535	0.5116	0.5	0.4651	0.5581	0.5116	0.5581	0.5465	0.5	0.5233	1.0	0.3765	0.3294	0.2824	0.2824	0.3059	0.3372	0.3372	0.4186	0.2857	0.2976	0.3421	0.2468	0.2558	0.3373	0.3571	0.3176	0.284	0.275	0.3	0.2674	0.3158	0.3026	0.3529	0.3412	0.1972	0.2471
TXK_HUMAN	0.2651	0.369	0.25	0.2824	0.2976	0.3373	0.2805	0.5765	0.2738	0.3412	0.3294	0.3433	0.3412	0.2941	0.3059	0.2911	0.2651	0.1928	0.3214	0.3294	0.3765	0.3412	0.3882	0.3294	0.3647	0.3059	0.3412	0.3412	0.3529	0.3765	1.0	0.5647	0.5765	0.5412	0.4471	0.3176	0.3176	0.3412	0.2892	0.241	0.28	0.2895	0.2235	0.3537	0.3614	0.3214	0.325	0.2785	0.2785	0.2706	0.2933	0.2933	0.2976	0.2857	0.2143	0.2738
TEC_HUMAN	0.2651	0.3452	0.25	0.2588	0.2976	0.241	0.3049	0.6	0.2262	0.2941	0.2588	0.2537	0.2588	0.2471	0.2706	0.2911	0.2651	0.2289	0.2976	0.2824	0.3294	0.2706	0.2706	0.2588	0.2824	0.2471	0.2941	0.2588	0.2824	0.3294	0.5647	1.0	0.6	0.5529	0.5294	0.2824	0.2588	0.2824	0.2651	0.241	0.2933	0.3026	0.1647	0.3293	0.3012	0.3095	0.3125	0.2532	0.2532	0.2588	0.2667	0.28	0.3214	0.3095	0.2286	0.25
BTK_HUMAN	0.2651	0.3214	0.25	0.3059	0.3333	0.3012	0.2683	0.5294	0.2381	0.2588	0.2588	0.2687	0.2824	0.2353	0.2824	0.2911	0.253	0.241	0.2976	0.3059	0.3059	0.2824	0.3176	0.2706	0.2824	0.2471	0.2706	0.2471	0.2588	0.2824	0.5765	0.6	1.0	0.5529	0.5294	0.3176	0.2941	0.3412	0.2651	0.2651	0.32	0.2895	0.2235	0.3171	0.3253	0.3333	0.3375	0.3038	0.2785	0.2588	0.2667	0.28	0.2738	0.2619	0.2286	0.2262
BMX_HUMAN	0.2651	0.3571	0.2619	0.2588	0.2619	0.3012	0.2927	0.5412	0.2619	0.2706	0.2588	0.2985	0.2706	0.2235	0.2235	0.2532	0.2651	0.2048	0.2738	0.2588	0.3176	0.2824	0.2588	0.2471	0.2824	0.2235	0.2706	0.2588	0.2706	0.2824	0.5412	0.5529	0.5529	1.0	0.4941	0.3294	0.3059	0.3294	0.2651	0.2169	0.28	0.2895	0.2235	0.3415	0.3012	0.3452	0.3	0.2785	0.2532	0.2353	0.2267	0.24	0.2619	0.25	0.2429	0.2381
BTKL_DROME	0.3133	0.3095	0.2381	0.2235	0.2857	0.241	0.3171	0.4824	0.2619	0.2941	0.2941	0.3134	0.2706	0.2824	0.2471	0.2658	0.2892	0.241	0.369	0.2941	0.3647	0.3294	0.3412	0.3059	0.3647	0.3412	0.3647	0.3176	0.3294	0.3059	0.4471	0.5294	0.5294	0.4941	1.0	0.3294	0.2706	0.2941	0.2289	0.253	0.2133	0.3026	0.2471	0.2927	0.3012	0.2976	0.3	0.2658	0.2405	0.2471	0.2267	0.2533	0.2857	0.2738	0.2429	0.2262
PTK6_HUMAN	0.3214	0.2941	0.4	0.1977	0.3176	0.241	0.3614	0.3059	0.369	0.3605	0.3488	0.3235	0.3837	0.3256	0.3605	0.3125	0.2381	0.2262	0.3059	0.3605	0.4302	0.3721	0.3372	0.3372	0.3605	0.3372	0.3488	0.3953	0.3837	0.3372	0.3176	0.2824	0.3176	0.3294	0.3294	1.0	0.7442	0.3953	0.3214	0.2738	0.25	0.2727	0.2442	0.3012	0.3333	0.3294	0.284	0.2875	0.2875	0.2791	0.2895	0.25	0.2824	0.2824	0.1549	0.2
PTK6_MOUSE	0.25	0.3059	0.3647	0.1977	0.3059	0.253	0.3253	0.2824	0.3214	0.3488	0.3605	0.3529	0.3953	0.314	0.3721	0.3125	0.2381	0.2024	0.2941	0.3605	0.3837	0.3721	0.3023	0.2907	0.3023	0.3023	0.2907	0.3372	0.314	0.3372	0.3176	0.2588	0.2941	0.3059	0.2706	0.7442	1.0	0.3953	0.2619	0.2619	0.2368	0.2597	0.2558	0.3012	0.3333	0.3294	0.321	0.3	0.2875	0.2674	0.2632	0.2632	0.3294	0.3176	0.1549	0.2235
SRMS_MOUSE	0.2381	0.3647	0.3294	0.2907	0.3294	0.3012	0.3494	0.3176	0.3214	0.4651	0.4535	0.3529	0.3837	0.314	0.3721	0.2625	0.2381	0.2143	0.3647	0.3605	0.3953	0.3953	0.3488	0.3605	0.3488	0.3372	0.3488	0.3837	0.3721	0.4186	0.3412	0.2824	0.3412	0.3294	0.2941	0.3953	0.3953	1.0	0.2381	0.2381	0.3158	0.2597	0.2209	0.3614	0.3571	0.3059	0.3086	0.3125	0.2875	0.2907	0.2763	0.2895	0.3294	0.3176	0.2394	0.2353
VAV3_HUMAN	0.2892	0.2381	0.2771	0.1429	0.2619	0.2927	0.2683	0.241	0.3253	0.2381	0.2262	0.3134	0.2738	0.2381	0.2143	0.2179	0.2143	0.2024	0.2048	0.2619	0.3095	0.2738	0.2024	0.2619	0.2619	0.2738	0.2857	0.2619	0.2738	0.2857	0.2892	0.2651	0.2651	0.2651	0.2289	0.3214	0.2619	0.2381	1.0	0.5357	0.2933	0.2105	0.1786	0.2439	0.2738	0.2381	0.2125	0.1899	0.2152	0.2262	0.2237	0.2237	0.2024	0.2262	0.1143	0.1905
VAV_HUMAN	0.2892	0.2738	0.2892	0.1786	0.2857	0.2805	0.2683	0.241	0.2892	0.2262	0.2143	0.3134	0.2857	0.2857	0.2857	0.2436	0.2738	0.2024	0.241	0.2857	0.2976	0.2738	0.25	0.2738	0.2857	0.3095	0.3095	0.2857	0.2976	0.2976	0.241	0.241	0.2651	0.2169	0.253	0.2738	0.2619	0.2381	0.5357	1.0	0.2667	0.2763	0.2381	0.2683	0.25	0.2619	0.2125	0.2278	0.2405	0.2381	0.2368	0.25	0.2262	0.2262	0.1143	0.1905
NCK2_HUMAN	0.2533	0.3733	0.3467	0.2368	0.3816	0.3514	0.2703	0.2533	0.28	0.3026	0.2763	0.3103	0.3684	0.3289	0.3684	0.2237	0.2667	0.1867	0.28	0.3421	0.3553	0.3684	0.3289	0.3421	0.3158	0.3289	0.2895	0.3158	0.3026	0.3421	0.28	0.2933	0.32	0.28	0.2133	0.25	0.2368	0.3158	0.2933	0.2667	1.0	0.2603	0.2632	0.3467	0.2933	0.2667	0.3014	0.2778	0.2639	0.2763	0.2667	0.2533	0.3684	0.3816	0.2174	0.24
SCK_HUMAN	0.3158	0.2763	0.2763	0.2987	0.2338	0.28	0.2933	0.3421	0.2763	0.2597	0.2727	0.2258	0.2208	0.2468	0.2857	0.28	0.2763	0.2368	0.25	0.2078	0.2597	0.2727	0.2597	0.2727	0.2727	0.2727	0.3117	0.2857	0.2987	0.2468	0.2895	0.3026	0.2895	0.2895	0.3026	0.2727	0.2597	0.2597	0.2105	0.2763	0.2603	1.0	0.2987	0.3026	0.2895	0.3026	0.3636	0.3684	0.3421	0.2468	0.1944	0.2083	0.2857	0.2597	0.194	0.2237
GRBA_HUMAN	0.2619	0.2118	0.2471	0.2558	0.3176	0.2289	0.253	0.2353	0.2381	0.2326	0.2558	0.2647	0.2558	0.2209	0.2791	0.275	0.2143	0.1667	0.2	0.2558	0.2209	0.2791	0.2209	0.2558	0.2442	0.2326	0.2209	0.2209	0.2209	0.2558	0.2235	0.1647	0.2235	0.2235	0.2471	0.2442	0.2558	0.2209	0.1786	0.2381	0.2632	0.2987	1.0	0.241	0.2857	0.2353	0.284	0.225	0.225	0.3488	0.2632	0.25	0.2824	0.2588	0.1831	0.2
ABL_DROME	0.2683	0.8072	0.378	0.3494	0.4024	0.275	0.2927	0.3537	0.3086	0.3735	0.3494	0.4545	0.3976	0.3735	0.4337	0.2152	0.2927	0.2439	0.378	0.4217	0.4096	0.3735	0.3012	0.3373	0.3735	0.3855	0.3855	0.3735	0.3976	0.3373	0.3537	0.3293	0.3171	0.3415	0.2927	0.3012	0.3012	0.3614	0.2439	0.2683	0.3467	0.3026	0.241	1.0	0.378	0.6265	0.2821	0.2468	0.2468	0.2651	0.2105	0.1974	0.378	0.378	0.2535	0.253
CSK_CHICK	0.2651	0.4167	0.2892	0.3095	0.3333	0.2927	0.3537	0.3133	0.3012	0.4048	0.381	0.403	0.4286	0.3452	0.381	0.2692	0.3095	0.1905	0.3855	0.381	0.3929	0.3571	0.369	0.3571	0.4048	0.4048	0.4048	0.3929	0.381	0.3571	0.3614	0.3012	0.3253	0.3012	0.3012	0.3333	0.3333	0.3571	0.2738	0.25	0.2933	0.2895	0.2857	0.378	1.0	0.4286	0.35	0.2785	0.2911	0.3452	0.3026	0.3158	0.3214	0.3333	0.2286	0.2024
ABL1_CAEEL	0.2857	0.5765	0.3333	0.3059	0.3571	0.2561	0.3373	0.3333	0.3253	0.3882	0.3882	0.3971	0.4118	0.3882	0.4118	0.2152	0.2619	0.2262	0.4167	0.4118	0.4235	0.4	0.3294	0.3412	0.4	0.4118	0.4118	0.4118	0.4235	0.3176	0.3214	0.3095	0.3333	0.3452	0.2976	0.3294	0.3294	0.3059	0.2381	0.2619	0.2667	0.3026	0.2353	0.6265	0.4286	1.0	0.2875	0.2785	0.2658	0.2941	0.2368	0.2237	0.3214	0.3333	0.2676	0.2471
FER_HUMAN	0.275	0.2875	0.3	0.2469	0.2716	0.2278	0.3205	0.325	0.1875	0.3333	0.3333	0.2576	0.2716	0.2099	0.2716	0.28	0.2875	0.175	0.3125	0.321	0.284	0.3086	0.284	0.2716	0.2963	0.284	0.2963	0.2716	0.2716	0.284	0.325	0.3125	0.3375	0.3	0.3	0.284	0.321	0.3086	0.2125	0.2125	0.3014	0.3636	0.284	0.2821	0.35	0.2875	1.0	0.6875	0.625	0.2716	0.2639	0.2917	0.3457	0.3333	0.194	0.225
FPS_AVISP	0.2785	0.2658	0.2405	0.2375	0.25	0.2051	0.2987	0.2785	0.1772	0.35	0.35	0.2462	0.25	0.2	0.25	0.2703	0.2658	0.1519	0.2785	0.3	0.2625	0.275	0.2875	0.25	0.275	0.25	0.275	0.2375	0.25	0.275	0.2785	0.2532	0.3038	0.2785	0.2658	0.2875	0.3	0.3125	0.1899	0.2278	0.2778	0.3684	0.225	0.2468	0.2785	0.2785	0.6875	1.0	0.8375	0.25	0.3239	0.338	0.325	0.3125	0.2121	0.1646
FES_FELCA	0.2785	0.2785	0.2785	0.2	0.2375	0.2179	0.3377	0.2785	0.2152	0.35	0.3625	0.2615	0.25	0.25	0.2625	0.2703	0.2785	0.1646	0.3165	0.2875	0.3125	0.275	0.2625	0.275	0.2625	0.275	0.3125	0.2625	0.275	0.3	0.2785	0.2532	0.2785	0.2532	0.2405	0.2875	0.2875	0.2875	0.2152	0.2405	0.2639	0.3421	0.225	0.2468	0.2911	0.2658	0.625	0.8375	1.0	0.2375	0.3099	0.2958	0.325	0.325	0.1667	0.1519
HT16_HYDAT	0.2738	0.2588	0.3176	0.2674	0.3176	0.3012	0.3373	0.2824	0.2976	0.314	0.314	0.3382	0.3488	0.2791	0.3488	0.2625	0.2857	0.25	0.3059	0.314	0.3023	0.3372	0.3023	0.2907	0.3023	0.3023	0.2907	0.3023	0.2907	0.2674	0.2706	0.2588	0.2588	0.2353	0.2471	0.2791	0.2674	0.2907	0.2262	0.2381	0.2763	0.2468	0.3488	0.2651	0.3452	0.2941	0.2716	0.25	0.2375	1.0	0.2368	0.25	0.2706	0.2706	0.1831	0.1647
CISH_HUMAN	0.2667	0.2368	0.2267	0.1579	0.3026	0.2162	0.2533	0.2667	0.24	0.2763	0.2763	0.3051	0.3026	0.2895	0.2895	0.2895	0.3289	0.2763	0.24	0.3026	0.2368	0.2632	0.2632	0.3158	0.2763	0.2632	0.2237	0.2763	0.2895	0.3158	0.2933	0.2667	0.2667	0.2267	0.2267	0.2895	0.2632	0.2763	0.2237	0.2368	0.2667	0.1944	0.2632	0.2105	0.3026	0.2368	0.2639	0.3239	0.3099	0.2368	1.0	0.9211	0.2763	0.2763	0.1739	0.1579
CISH_CHICK	0.28	0.2368	0.2133	0.1842	0.3026	0.2297	0.2667	0.2933	0.2267	0.25	0.25	0.2712	0.2763	0.2632	0.2632	0.3026	0.3421	0.2895	0.2133	0.2763	0.2105	0.2368	0.2632	0.2895	0.25	0.2368	0.1974	0.25	0.2632	0.3026	0.2933	0.28	0.28	0.24	0.2533	0.25	0.2632	0.2895	0.2237	0.25	0.2533	0.2083	0.25	0.1974	0.3158	0.2237	0.2917	0.338	0.2958	0.25	0.9211	1.0	0.3026	0.3026	0.1739	0.1579
CSW_DROME	0.2771	0.369	0.2857	0.2588	0.4941	0.2651	0.3537	0.3571	0.2619	0.3529	0.3412	0.4328	0.3765	0.3412	0.3765	0.3291	0.2619	0.1905	0.3333	0.3647	0.3765	0.3765	0.3412	0.3529	0.3294	0.3529	0.3412	0.3294	0.3412	0.3529	0.2976	0.3214	0.2738	0.2619	0.2857	0.2824	0.3294	0.3294	0.2024	0.2262	0.3684	0.2857	0.2824	0.378	0.3214	0.3214	0.3457	0.325	0.325	0.2706	0.2763	0.3026	1.0	0.9647	0.2143	0.1786
CSW_DROVI	0.2771	0.369	0.2738	0.2588	0.5176	0.2771	0.378	0.3452	0.2738	0.3647	0.3294	0.4328	0.3882	0.3412	0.3647	0.3165	0.2738	0.2024	0.3333	0.3647	0.3882	0.3647	0.3412	0.3529	0.3294	0.3529	0.3529	0.3294	0.3412	0.3412	0.2857	0.3095	0.2619	0.25	0.2738	0.2824	0.3176	0.3176	0.2262	0.2262	0.3816	0.2597	0.2588	0.378	0.3333	0.3333	0.3333	0.3125	0.325	0.2706	0.2763	0.3026	0.9647	1.0	0.2143	0.1786
1bf5_A	0.2535	0.2535	0.1857	0.2394	0.2143	0.1471	0.2286	0.2	0.1449	0.2113	0.1972	0.2407	0.1831	0.1831	0.1972	0.2113	0.1571	0.1571	0.2143	0.1972	0.2113	0.2113	0.2254	0.1831	0.2535	0.2254	0.2113	0.1972	0.1972	0.1972	0.2143	0.2286	0.2286	0.2429	0.2429	0.1549	0.1549	0.2394	0.1143	0.1143	0.2174	0.194	0.1831	0.2535	0.2286	0.2676	0.194	0.2121	0.1667	0.1831	0.1739	0.1739	0.2143	0.2143	1.0	0.2254
1uur_A	0.1905	0.2588	0.2381	0.1765	0.1905	0.2195	0.241	0.2024	0.2048	0.2471	0.2	0.2353	0.2	0.2588	0.2588	0.1646	0.1548	0.1548	0.2262	0.2706	0.2	0.2235	0.2353	0.2588	0.2353	0.2471	0.2471	0.2	0.2	0.2471	0.2738	0.25	0.2262	0.2381	0.2262	0.2	0.2235	0.2353	0.1905	0.1905	0.24	0.2237	0.2	0.253	0.2024	0.2471	0.225	0.1646	0.1519	0.1647	0.1579	0.1579	0.1786	0.1786	0.2254	1.0
