	4enl_	ENO1_CANAL	ENO_ALTAL	ERR1_YEAST	EN11_SCHPO	EN12_SCHPO	ENO_NEOFR	ENO_CUNEL	ENO_CAEEL	ENOA_ALLMI	ENO_LOLPE	ENO_FASHE	ENO_SCHJA	ENO_DROME	ENO_HOMGA	ENO1_HEVBR	ENO_CHLRE	ENO_PLAFA	ENO_MASBA	ENO1_ENTHI	ENO_METJA	ENO_METAC	ENO_SULTO	ENO_AERPE	ENO_PYRAB	ENO_METKA	ENO_SYNY3	ENO_THETN	ENO_CLOPE	ENO_CLOAB	ENO_BACHD	ENO_LISMO	ENO_ENTFA	ENO_BACFR	ENO_STAAM	ENOA_LACLA	ENOA_LACPL	ENO_LEPIN	ENO_RALSO	ENO_NITEU	ENO_NEIMA	ENO_BORBU	ENO_AGRT5	ENO_BARHE	ENO_CAUCR	ENO_ZYMMO	ENO2_CHLTE	ENO_XANAC	ENO_FUSNN	ENO_AQUAE	ENO_THEMA	ENO1_STRCO	ENO_COREF	ENO_MYCLE	ENO_DESVM	ENO_DEIRA	ENO_SYNEL	ENO_ANASP	ENO2_STRCO	ENO1_PSESM	ENO_AERHY	ENO_BUCAI	ENO_WIGBR	ENO_BUCBP	ENO_BIFLO	ENO_TREPA	ENO_CAMJE	ENO_HELPJ	ENO_CHLCV	ENO_CHLTR	ENO_CHLPN	ENO1_CHLTE	ENO2_PSESM	ENO_MYCPN	ENO_MYCGE	ENO_MYCPE	ENOB_LACPL	ENO_MYCPU	ENO_UREPA	ENO_SULSO	ENO_METTH	ENO_PYRAE	ENO_THEAC	ENOB_LACLA	ENO_HALN1	ENO_HALMA
4enl_	1.0	0.8006	0.7341	0.6763	0.6879	0.6098	0.7052	0.6908	0.6618	0.6329	0.6416	0.6464	0.6243	0.6532	0.6387	0.6145	0.5939	0.6272	0.5838	0.5925	0.5777	0.5205	0.426	0.5	0.5702	0.5335	0.5044	0.5159	0.5217	0.4986	0.5043	0.5116	0.5101	0.513	0.5043	0.5014	0.526	0.4595	0.4754	0.4928	0.5188	0.4827	0.4913	0.4709	0.5159	0.5159	0.5058	0.5072	0.4942	0.5015	0.5174	0.516	0.5234	0.5175	0.4928	0.4884	0.484	0.481	0.4899	0.5058	0.4942	0.4653	0.4306	0.4335	0.5291	0.4928	0.4854	0.4812	0.4971	0.4941	0.4706	0.4667	0.4899	0.5145	0.4913	0.5116	0.4561	0.4884	0.4419	0.4231	0.3463	0.3183	0.3303	0.4561	0.3565	0.3364
ENO1_CANAL	0.8006	1.0	0.7514	0.6792	0.6879	0.6156	0.7069	0.685	0.6879	0.659	0.6445	0.6667	0.6243	0.6676	0.6358	0.6571	0.6295	0.6264	0.6063	0.6052	0.5906	0.5262	0.4384	0.4971	0.5959	0.5681	0.5101	0.5533	0.5735	0.5418	0.5331	0.5575	0.5418	0.536	0.5331	0.5216	0.523	0.5057	0.5043	0.4957	0.5274	0.5115	0.5087	0.4942	0.5101	0.5504	0.5316	0.536	0.5201	0.5275	0.5434	0.5507	0.5669	0.5436	0.5043	0.5116	0.5159	0.5246	0.5159	0.5231	0.5201	0.5	0.4511	0.4425	0.552	0.5043	0.5087	0.4986	0.5117	0.4942	0.4854	0.4841	0.5101	0.5144	0.4856	0.523	0.4884	0.5086	0.4595	0.4412	0.368	0.3493	0.3524	0.4797	0.3784	0.3524
ENO_ALTAL	0.7341	0.7514	1.0	0.6503	0.6647	0.6243	0.6763	0.6705	0.6503	0.6243	0.6416	0.6377	0.6156	0.6416	0.6185	0.6098	0.6254	0.6138	0.585	0.5937	0.5614	0.519	0.429	0.481	0.586	0.5436	0.5087	0.526	0.5376	0.5173	0.5173	0.5216	0.5202	0.5173	0.5	0.5058	0.5216	0.4784	0.4884	0.5029	0.5	0.5101	0.487	0.4638	0.4913	0.5202	0.5159	0.5116	0.5072	0.5058	0.513	0.532	0.5306	0.519	0.4855	0.4812	0.4913	0.4884	0.4855	0.4899	0.5014	0.4784	0.4323	0.4524	0.5072	0.4798	0.4927	0.4913	0.4897	0.5044	0.4751	0.4509	0.4855	0.5072	0.5014	0.4899	0.4694	0.4841	0.4377	0.4307	0.369	0.3514	0.3384	0.4927	0.3716	0.3625
ERR1_YEAST	0.6763	0.6792	0.6503	1.0	0.6069	0.6012	0.6098	0.5954	0.6127	0.5838	0.5405	0.571	0.5954	0.5867	0.5751	0.5768	0.5667	0.5636	0.5549	0.5578	0.5367	0.4708	0.426	0.4678	0.5234	0.519	0.4752	0.4928	0.4957	0.4841	0.4928	0.4913	0.4899	0.4928	0.487	0.4841	0.4942	0.4566	0.4783	0.4667	0.4928	0.4711	0.5116	0.4738	0.487	0.5159	0.474	0.4638	0.4884	0.4898	0.5	0.5015	0.5088	0.4942	0.4754	0.4767	0.4723	0.4956	0.4812	0.4913	0.4566	0.4769	0.4249	0.422	0.4564	0.4725	0.4444	0.4464	0.4647	0.4647	0.4529	0.4551	0.4957	0.5	0.4682	0.4913	0.4649	0.4711	0.4419	0.4201	0.3343	0.2913	0.3242	0.462	0.3505	0.3121
EN11_SCHPO	0.6879	0.6879	0.6647	0.6069	1.0	0.6676	0.6503	0.659	0.6503	0.6329	0.6445	0.629	0.6098	0.6301	0.6329	0.6319	0.6212	0.6098	0.6185	0.5983	0.5513	0.5263	0.3897	0.4737	0.5614	0.5364	0.4898	0.4986	0.5217	0.513	0.4986	0.5029	0.5159	0.513	0.4957	0.5072	0.5289	0.4942	0.4696	0.4841	0.4899	0.4884	0.4855	0.4593	0.4783	0.5391	0.4942	0.5217	0.4884	0.519	0.5262	0.5277	0.5351	0.5146	0.4899	0.4913	0.4985	0.4985	0.4667	0.4942	0.4827	0.4393	0.3988	0.4451	0.5262	0.4928	0.4825	0.4725	0.4618	0.4676	0.4559	0.4928	0.513	0.4711	0.4509	0.4769	0.4737	0.4682	0.4506	0.4142	0.3463	0.3213	0.3212	0.4591	0.3384	0.3424
EN12_SCHPO	0.6098	0.6156	0.6243	0.6012	0.6676	1.0	0.5607	0.5434	0.5405	0.5289	0.5376	0.5478	0.5636	0.5549	0.5549	0.5652	0.5545	0.5578	0.526	0.5405	0.5543	0.5263	0.4502	0.462	0.5409	0.519	0.4694	0.5072	0.4812	0.5014	0.5072	0.5058	0.4957	0.5014	0.487	0.4783	0.5	0.4827	0.458	0.4551	0.4812	0.4884	0.4622	0.4564	0.4638	0.5217	0.474	0.4464	0.4624	0.5073	0.5087	0.5219	0.4942	0.4912	0.4609	0.4709	0.481	0.4898	0.4348	0.4593	0.4624	0.4566	0.4075	0.4653	0.4826	0.4667	0.4444	0.4667	0.45	0.4647	0.4471	0.4667	0.5014	0.474	0.4682	0.4711	0.4561	0.4971	0.4419	0.4349	0.3672	0.3363	0.3424	0.4708	0.3716	0.3576
ENO_NEOFR	0.7052	0.7069	0.6763	0.6098	0.6503	0.5607	1.0	0.7399	0.7168	0.7023	0.7225	0.7217	0.6994	0.7399	0.6879	0.7118	0.6747	0.6236	0.6609	0.6282	0.5906	0.5174	0.4384	0.4855	0.5959	0.5536	0.5072	0.536	0.536	0.5274	0.5504	0.5402	0.5504	0.5245	0.4986	0.4986	0.5316	0.5086	0.4899	0.4755	0.5331	0.5	0.4942	0.4653	0.5072	0.513	0.5259	0.513	0.5115	0.5362	0.5376	0.542	0.5465	0.5145	0.5072	0.5087	0.513	0.513	0.464	0.5173	0.5086	0.4655	0.4339	0.4397	0.5116	0.5274	0.5174	0.4957	0.4971	0.5058	0.4825	0.5072	0.4986	0.4914	0.4713	0.4885	0.4797	0.4856	0.4653	0.4176	0.3561	0.3552	0.3554	0.4535	0.3724	0.3735
ENO_CUNEL	0.6908	0.685	0.6705	0.5954	0.659	0.5434	0.7399	1.0	0.7168	0.6994	0.6994	0.7014	0.6792	0.7225	0.6705	0.7043	0.6455	0.6503	0.6272	0.6127	0.5601	0.5029	0.4079	0.4532	0.5819	0.5364	0.5131	0.5333	0.5565	0.5072	0.5333	0.5173	0.5217	0.4986	0.4986	0.4957	0.5405	0.4884	0.5217	0.4928	0.5101	0.5058	0.4855	0.468	0.4841	0.5043	0.5173	0.5043	0.4884	0.4985	0.5174	0.5277	0.5439	0.5	0.4783	0.4884	0.5248	0.516	0.4493	0.5116	0.5029	0.4798	0.4393	0.4393	0.4884	0.4928	0.4766	0.487	0.5118	0.5147	0.4941	0.4435	0.5101	0.4942	0.4682	0.5	0.4708	0.4827	0.4593	0.4024	0.3403	0.3243	0.3424	0.4678	0.3293	0.3333
ENO_CAEEL	0.6618	0.6879	0.6503	0.6127	0.6503	0.5405	0.7168	0.7168	1.0	0.7283	0.6994	0.713	0.7225	0.7341	0.7197	0.7304	0.6818	0.6676	0.6647	0.6098	0.5543	0.4971	0.4139	0.4854	0.5614	0.5364	0.5131	0.5217	0.5217	0.513	0.5333	0.5173	0.5217	0.5275	0.4928	0.4957	0.5231	0.5	0.5014	0.4928	0.5188	0.5029	0.5058	0.4797	0.5101	0.5101	0.5145	0.5217	0.5058	0.5044	0.5233	0.5539	0.5322	0.5029	0.4986	0.5116	0.5219	0.5277	0.4725	0.5349	0.4913	0.4769	0.4566	0.4422	0.5291	0.4928	0.5088	0.487	0.5059	0.5118	0.4971	0.4696	0.4986	0.4855	0.4624	0.5029	0.4795	0.4913	0.4593	0.4438	0.3373	0.3153	0.3545	0.462	0.3444	0.3636
ENOA_ALLMI	0.6329	0.659	0.6243	0.5838	0.6329	0.5289	0.7023	0.6994	0.7283	1.0	0.7399	0.7246	0.711	0.7486	0.7139	0.7246	0.6758	0.6821	0.6618	0.6301	0.5718	0.5146	0.4169	0.4766	0.5702	0.551	0.519	0.5362	0.5275	0.5217	0.5159	0.5058	0.5043	0.5333	0.4957	0.4841	0.5318	0.5145	0.487	0.4928	0.5304	0.5	0.4971	0.4855	0.4928	0.5246	0.5145	0.5217	0.4942	0.5044	0.5349	0.5452	0.5292	0.5205	0.4754	0.5203	0.5248	0.551	0.4754	0.5	0.526	0.4942	0.4451	0.474	0.5262	0.5043	0.4883	0.4841	0.5206	0.4912	0.5029	0.4725	0.4957	0.5	0.4682	0.4827	0.4737	0.5029	0.4767	0.432	0.3642	0.3333	0.3636	0.4766	0.3565	0.3667
ENO_LOLPE	0.6416	0.6445	0.6416	0.5405	0.6445	0.5376	0.7225	0.6994	0.6994	0.7399	1.0	0.742	0.7168	0.7168	0.6994	0.7449	0.6758	0.6387	0.6416	0.6214	0.5513	0.5088	0.3958	0.4591	0.5731	0.5423	0.4956	0.5043	0.5043	0.5014	0.4957	0.4855	0.4899	0.4986	0.4725	0.4667	0.4971	0.4855	0.4551	0.4841	0.4725	0.4942	0.4738	0.4477	0.4783	0.4899	0.4884	0.513	0.4971	0.481	0.5203	0.5073	0.5117	0.5	0.4841	0.4913	0.5073	0.5015	0.458	0.5	0.5202	0.4653	0.4249	0.4451	0.5174	0.5014	0.4649	0.4754	0.4706	0.4824	0.4618	0.4464	0.4754	0.5087	0.4942	0.4942	0.4415	0.4827	0.4622	0.4172	0.3672	0.3303	0.3364	0.4591	0.3595	0.3515
ENO_FASHE	0.6464	0.6667	0.6377	0.571	0.629	0.5478	0.7217	0.7014	0.713	0.7246	0.742	1.0	0.7797	0.7101	0.6812	0.7209	0.6788	0.6348	0.6522	0.6551	0.5706	0.5073	0.3988	0.4575	0.566	0.5439	0.5263	0.5407	0.5262	0.5145	0.5203	0.5246	0.5233	0.5145	0.4884	0.4855	0.5362	0.5072	0.4942	0.4884	0.5029	0.513	0.4869	0.4752	0.4826	0.5116	0.4899	0.4913	0.5159	0.4854	0.5219	0.5205	0.5308	0.5161	0.4797	0.519	0.5088	0.5146	0.4622	0.519	0.5246	0.4812	0.4377	0.4493	0.5219	0.5233	0.4751	0.4826	0.4956	0.4897	0.4897	0.4738	0.4971	0.5275	0.4957	0.4957	0.4663	0.5043	0.4869	0.4112	0.3612	0.3333	0.3515	0.4545	0.3505	0.3424
ENO_SCHJA	0.6243	0.6243	0.6156	0.5954	0.6098	0.5636	0.6994	0.6792	0.7225	0.711	0.7168	0.7797	1.0	0.7081	0.7052	0.6957	0.6697	0.6272	0.6503	0.6301	0.563	0.5234	0.4079	0.462	0.5673	0.5423	0.5044	0.5159	0.5014	0.5043	0.5304	0.5145	0.513	0.5101	0.4841	0.4986	0.5231	0.4942	0.4899	0.4696	0.5072	0.5	0.5029	0.4855	0.4783	0.4899	0.4913	0.487	0.5289	0.4898	0.5233	0.5277	0.5322	0.5029	0.4725	0.5058	0.4956	0.5073	0.4522	0.5203	0.5029	0.4798	0.4538	0.4566	0.5	0.5014	0.4766	0.4725	0.4941	0.4882	0.4971	0.4812	0.5072	0.4971	0.4884	0.4855	0.4649	0.5145	0.4826	0.4172	0.3493	0.3303	0.3545	0.4532	0.3353	0.3394
ENO_DROME	0.6532	0.6676	0.6416	0.5867	0.6301	0.5549	0.7399	0.7225	0.7341	0.7486	0.7168	0.7101	0.7081	1.0	0.789	0.7043	0.6758	0.6358	0.6474	0.6243	0.5572	0.5088	0.4199	0.4649	0.5497	0.5248	0.484	0.5246	0.5275	0.513	0.5304	0.5145	0.5101	0.5159	0.487	0.4812	0.5087	0.4913	0.5072	0.4696	0.5188	0.4827	0.4884	0.4738	0.4986	0.5072	0.4971	0.4957	0.5	0.4956	0.5203	0.5335	0.5439	0.5088	0.4812	0.4971	0.4869	0.516	0.4609	0.5262	0.5202	0.4798	0.4538	0.4538	0.5145	0.5072	0.4795	0.4812	0.5059	0.4971	0.4794	0.4783	0.5072	0.5145	0.4827	0.4769	0.4737	0.4827	0.4564	0.426	0.3582	0.3183	0.3394	0.4591	0.3444	0.3424
ENO_HOMGA	0.6387	0.6358	0.6185	0.5751	0.6329	0.5549	0.6879	0.6705	0.7197	0.7139	0.6994	0.6812	0.7052	0.789	1.0	0.6957	0.6545	0.6503	0.659	0.6185	0.5484	0.5058	0.4109	0.4503	0.5351	0.5423	0.4956	0.5014	0.5101	0.487	0.5014	0.4971	0.4841	0.5217	0.4841	0.4841	0.5087	0.4711	0.4696	0.4638	0.4841	0.4855	0.4797	0.4651	0.4812	0.5072	0.4855	0.4899	0.4913	0.4869	0.5029	0.5335	0.5205	0.4971	0.4841	0.4942	0.4781	0.5015	0.4406	0.5174	0.4971	0.448	0.448	0.4306	0.5203	0.4841	0.4854	0.4754	0.4941	0.4882	0.4765	0.4667	0.4841	0.5	0.4827	0.4711	0.4708	0.4769	0.4622	0.4231	0.3463	0.3093	0.3394	0.4591	0.3414	0.3424
ENO1_HEVBR	0.6145	0.6571	0.6098	0.5768	0.6319	0.5652	0.7118	0.7043	0.7304	0.7246	0.7449	0.7209	0.6957	0.7043	0.6957	1.0	0.7327	0.6897	0.6667	0.6311	0.586	0.5145	0.4054	0.4783	0.5855	0.5578	0.5072	0.536	0.5159	0.5072	0.5447	0.5316	0.5331	0.5389	0.5043	0.513	0.5374	0.5144	0.4957	0.4813	0.5159	0.5115	0.4986	0.4841	0.5014	0.513	0.5029	0.5101	0.5086	0.5159	0.5376	0.5507	0.5594	0.5188	0.4784	0.5159	0.513	0.5449	0.4524	0.5318	0.5402	0.4799	0.4713	0.4598	0.5029	0.5303	0.4754	0.4813	0.5088	0.4971	0.4971	0.464	0.487	0.5086	0.4799	0.5086	0.4783	0.5057	0.4538	0.4106	0.3669	0.3284	0.3514	0.4841	0.3634	0.3574
ENO_CHLRE	0.5939	0.6295	0.6254	0.5667	0.6212	0.5545	0.6747	0.6455	0.6818	0.6758	0.6758	0.6788	0.6697	0.6758	0.6545	0.7327	1.0	0.6517	0.6186	0.6265	0.5653	0.4954	0.4286	0.4758	0.5758	0.5287	0.4939	0.5211	0.5181	0.509	0.5526	0.5345	0.5572	0.5271	0.491	0.512	0.5075	0.4925	0.5151	0.4819	0.5241	0.5315	0.509	0.4819	0.4849	0.5181	0.4955	0.509	0.5075	0.5152	0.5287	0.5333	0.5424	0.5152	0.494	0.491	0.4909	0.4939	0.4699	0.5196	0.5195	0.4895	0.4444	0.4354	0.5045	0.5151	0.4939	0.4819	0.4771	0.4801	0.4771	0.4518	0.4729	0.4955	0.4715	0.5075	0.4545	0.4655	0.4578	0.4273	0.3897	0.3323	0.3466	0.4939	0.3598	0.378
ENO_PLAFA	0.6272	0.6264	0.6138	0.5636	0.6098	0.5578	0.6236	0.6503	0.6676	0.6821	0.6387	0.6348	0.6272	0.6358	0.6503	0.6897	0.6517	1.0	0.6533	0.6351	0.5831	0.5217	0.4114	0.4928	0.5739	0.578	0.5087	0.5287	0.5201	0.546	0.5345	0.5415	0.5374	0.5259	0.5201	0.5115	0.533	0.5072	0.477	0.4914	0.5345	0.5272	0.4669	0.4841	0.5	0.523	0.5014	0.4971	0.51	0.5202	0.562	0.5549	0.5333	0.5217	0.454	0.5101	0.5231	0.5636	0.4511	0.487	0.4957	0.4642	0.4413	0.4556	0.5216	0.5	0.513	0.5144	0.519	0.5073	0.4985	0.4713	0.5029	0.5415	0.5215	0.5301	0.4841	0.4928	0.464	0.434	0.3817	0.3313	0.3784	0.5014	0.3664	0.3694
ENO_MASBA	0.5838	0.6063	0.585	0.5549	0.6185	0.526	0.6609	0.6272	0.6647	0.6618	0.6416	0.6522	0.6503	0.6474	0.659	0.6667	0.6186	0.6533	1.0	0.6667	0.5364	0.513	0.4114	0.4812	0.5623	0.5607	0.4971	0.5115	0.4971	0.4943	0.5172	0.5244	0.5172	0.5	0.477	0.4914	0.5129	0.5014	0.477	0.4713	0.5201	0.5043	0.4697	0.4553	0.4799	0.4856	0.49	0.4828	0.5072	0.5087	0.5331	0.5231	0.5362	0.4841	0.4828	0.5072	0.4855	0.5202	0.4368	0.5043	0.5043	0.4556	0.4298	0.4298	0.4986	0.5144	0.4986	0.4885	0.4956	0.4927	0.4927	0.4828	0.4971	0.5043	0.4928	0.4871	0.4725	0.4928	0.4496	0.434	0.3609	0.3373	0.3574	0.4725	0.3243	0.3423
ENO1_ENTHI	0.5925	0.6052	0.5937	0.5578	0.5983	0.5405	0.6282	0.6127	0.6098	0.6301	0.6214	0.6551	0.6301	0.6243	0.6185	0.6311	0.6265	0.6351	0.6667	1.0	0.5526	0.5233	0.4157	0.4767	0.5494	0.542	0.5159	0.5447	0.5274	0.5159	0.5389	0.5374	0.5245	0.5101	0.5043	0.4957	0.5374	0.4914	0.5245	0.4899	0.5187	0.5259	0.5087	0.4884	0.5101	0.513	0.5144	0.5043	0.523	0.5275	0.5578	0.5275	0.5552	0.5029	0.5101	0.5145	0.5246	0.5246	0.4755	0.5202	0.523	0.4885	0.4397	0.4626	0.5145	0.513	0.5116	0.4986	0.5117	0.5175	0.5117	0.5072	0.5216	0.5316	0.5	0.5345	0.5058	0.5029	0.4682	0.4235	0.362	0.3084	0.3494	0.4797	0.3524	0.3584
ENO_METJA	0.5777	0.5906	0.5614	0.5367	0.5513	0.5543	0.5906	0.5601	0.5543	0.5718	0.5513	0.5706	0.563	0.5572	0.5484	0.586	0.5653	0.5831	0.5364	0.5526	1.0	0.6374	0.497	0.551	0.7376	0.6735	0.5656	0.6181	0.5918	0.5714	0.5936	0.5773	0.5731	0.5685	0.5452	0.5073	0.6006	0.5423	0.5481	0.5364	0.5889	0.551	0.5802	0.5481	0.5685	0.5848	0.5481	0.5131	0.5831	0.5743	0.5889	0.6035	0.6181	0.5656	0.5131	0.551	0.5656	0.5802	0.5219	0.5322	0.5598	0.519	0.519	0.5423	0.5539	0.538	0.5743	0.5439	0.5959	0.5546	0.5546	0.516	0.5277	0.5423	0.5102	0.5627	0.5234	0.5219	0.4942	0.4645	0.4595	0.3909	0.4018	0.5234	0.4242	0.4273
ENO_METAC	0.5205	0.5262	0.519	0.4708	0.5263	0.5263	0.5174	0.5029	0.4971	0.5146	0.5088	0.5073	0.5234	0.5088	0.5058	0.5145	0.4954	0.5217	0.513	0.5233	0.6374	1.0	0.4789	0.5043	0.6261	0.6203	0.5289	0.5636	0.5434	0.5347	0.5565	0.5318	0.5275	0.5173	0.5289	0.5289	0.5347	0.526	0.5058	0.526	0.5289	0.4855	0.5217	0.5159	0.5347	0.542	0.5116	0.4798	0.5462	0.552	0.5462	0.5549	0.5536	0.5333	0.4913	0.4986	0.552	0.5347	0.4682	0.4928	0.5029	0.474	0.4566	0.4855	0.5491	0.4899	0.5262	0.5043	0.5175	0.5029	0.5	0.4798	0.4971	0.4769	0.4682	0.4653	0.4738	0.4942	0.4638	0.4529	0.4388	0.3886	0.3814	0.5116	0.4157	0.3946
ENO_SULTO	0.426	0.4384	0.429	0.426	0.3897	0.4502	0.4384	0.4079	0.4139	0.4169	0.3958	0.3988	0.4079	0.4199	0.4109	0.4054	0.4286	0.4114	0.4114	0.4157	0.497	0.4789	1.0	0.506	0.4789	0.4655	0.4277	0.4548	0.4578	0.4277	0.4535	0.4474	0.4428	0.4398	0.4307	0.4277	0.4264	0.4505	0.4428	0.4428	0.4398	0.4294	0.4398	0.4337	0.4518	0.4428	0.4474	0.4036	0.4384	0.4608	0.4444	0.4669	0.4789	0.4458	0.4277	0.4127	0.4157	0.4307	0.4187	0.4109	0.3994	0.4234	0.4324	0.4204	0.4354	0.4006	0.4518	0.4458	0.4225	0.4195	0.3951	0.4066	0.4458	0.4144	0.4384	0.4084	0.4036	0.4024	0.432	0.6306	0.3867	0.3647	0.3659	0.4247	0.3927	0.3697
ENO_AERPE	0.5	0.4971	0.481	0.4678	0.4737	0.462	0.4855	0.4532	0.4854	0.4766	0.4591	0.4575	0.462	0.4649	0.4503	0.4783	0.4758	0.4928	0.4812	0.4767	0.551	0.5043	0.506	1.0	0.5821	0.5706	0.487	0.4928	0.487	0.4841	0.5087	0.464	0.4798	0.4352	0.4467	0.4467	0.487	0.4553	0.4726	0.4841	0.4755	0.4582	0.464	0.487	0.4813	0.4566	0.464	0.487	0.4553	0.5043	0.5101	0.487	0.4986	0.4813	0.4582	0.487	0.4553	0.4755	0.4669	0.4451	0.4265	0.4438	0.3833	0.4265	0.4841	0.4364	0.4464	0.474	0.4694	0.4577	0.4577	0.438	0.4928	0.4957	0.4438	0.4697	0.474	0.438	0.422	0.4794	0.3739	0.3892	0.3642	0.4942	0.3862	0.3982
ENO_PYRAB	0.5702	0.5959	0.586	0.5234	0.5614	0.5409	0.5959	0.5819	0.5614	0.5702	0.5731	0.566	0.5673	0.5497	0.5351	0.5855	0.5758	0.5739	0.5623	0.5494	0.7376	0.6261	0.4789	0.5821	1.0	0.7118	0.5821	0.6484	0.6282	0.5994	0.6445	0.6138	0.6069	0.5735	0.5648	0.5591	0.6282	0.5648	0.585	0.5648	0.6081	0.5879	0.5879	0.5793	0.5764	0.5694	0.5706	0.562	0.585	0.6282	0.6282	0.6225	0.6455	0.5793	0.5965	0.5965	0.611	0.5821	0.5245	0.5578	0.562	0.5159	0.4899	0.4899	0.5504	0.5751	0.571	0.5665	0.5656	0.5569	0.5539	0.513	0.5389	0.5504	0.5101	0.5591	0.5289	0.562	0.4884	0.4706	0.454	0.3922	0.3612	0.5578	0.4162	0.4042
ENO_METKA	0.5335	0.5681	0.5436	0.519	0.5364	0.519	0.5536	0.5364	0.5364	0.551	0.5423	0.5439	0.5423	0.5248	0.5423	0.5578	0.5287	0.578	0.5607	0.542	0.6735	0.6203	0.4655	0.5706	0.7118	1.0	0.611	0.6052	0.5937	0.5735	0.5821	0.5718	0.5965	0.5562	0.5533	0.5418	0.6034	0.5345	0.5418	0.5447	0.5735	0.5575	0.5418	0.5504	0.5504	0.5677	0.5345	0.5562	0.5575	0.5965	0.5891	0.6138	0.6225	0.585	0.5591	0.5793	0.5821	0.6052	0.5245	0.5145	0.5172	0.5086	0.4713	0.5	0.569	0.5562	0.5623	0.5677	0.5727	0.5436	0.564	0.4986	0.5274	0.5374	0.4971	0.5201	0.5303	0.5287	0.4653	0.4457	0.4556	0.3881	0.4	0.5476	0.4179	0.406
ENO_SYNY3	0.5044	0.5101	0.5087	0.4752	0.4898	0.4694	0.5072	0.5131	0.5131	0.519	0.4956	0.5263	0.5044	0.484	0.4956	0.5072	0.4939	0.5087	0.4971	0.5159	0.5656	0.5289	0.4277	0.487	0.5821	0.611	1.0	0.6437	0.5977	0.5948	0.6311	0.6034	0.6254	0.6149	0.5747	0.5776	0.6178	0.6092	0.5805	0.5661	0.5977	0.5718	0.6023	0.611	0.6121	0.5879	0.6034	0.6034	0.5776	0.6207	0.5891	0.6351	0.6052	0.5879	0.5977	0.6398	0.7011	0.7126	0.569	0.5994	0.5862	0.5575	0.5259	0.5747	0.5603	0.5447	0.5652	0.5764	0.5959	0.6017	0.6017	0.5431	0.5489	0.5805	0.5718	0.5402	0.5029	0.5546	0.4986	0.3971	0.4243	0.3593	0.3761	0.5376	0.4222	0.4341
ENO_THETN	0.5159	0.5533	0.526	0.4928	0.4986	0.5072	0.536	0.5333	0.5217	0.5362	0.5043	0.5407	0.5159	0.5246	0.5014	0.536	0.5211	0.5287	0.5115	0.5447	0.6181	0.5636	0.4548	0.4928	0.6484	0.6052	0.6437	1.0	0.7571	0.7714	0.7536	0.7514	0.7278	0.6571	0.6829	0.6571	0.6829	0.6714	0.6571	0.6371	0.6429	0.6943	0.6562	0.6418	0.6429	0.6304	0.6657	0.64	0.68	0.6667	0.6667	0.6724	0.6715	0.6282	0.6257	0.6619	0.6552	0.6408	0.5657	0.6476	0.6486	0.5914	0.5514	0.5743	0.6264	0.6046	0.5942	0.5874	0.6134	0.5959	0.625	0.5971	0.6143	0.58	0.5629	0.6	0.5231	0.5771	0.5072	0.4088	0.4307	0.3542	0.3821	0.5636	0.4521	0.4431
ENO_CLOPE	0.5217	0.5735	0.5376	0.4957	0.5217	0.4812	0.536	0.5565	0.5217	0.5275	0.5043	0.5262	0.5014	0.5275	0.5101	0.5159	0.5181	0.5201	0.4971	0.5274	0.5918	0.5434	0.4578	0.487	0.6282	0.5937	0.5977	0.7571	1.0	0.7486	0.7077	0.72	0.7077	0.66	0.6629	0.64	0.6571	0.64	0.6514	0.6486	0.6314	0.66	0.6304	0.6046	0.6286	0.6418	0.6429	0.6286	0.6314	0.6236	0.6523	0.6264	0.6571	0.5879	0.64	0.6189	0.6207	0.5977	0.5371	0.6074	0.6286	0.56	0.5229	0.5629	0.5977	0.5845	0.5971	0.5788	0.5756	0.5785	0.5901	0.5857	0.5857	0.5543	0.54	0.5571	0.5376	0.5686	0.4814	0.4118	0.4307	0.372	0.3791	0.5809	0.4192	0.4132
ENO_CLOAB	0.4986	0.5418	0.5173	0.4841	0.513	0.5014	0.5274	0.5072	0.513	0.5217	0.5014	0.5145	0.5043	0.513	0.487	0.5072	0.509	0.546	0.4943	0.5159	0.5714	0.5347	0.4277	0.4841	0.5994	0.5735	0.5948	0.7714	0.7486	1.0	0.7163	0.7114	0.6934	0.64	0.6543	0.6314	0.6429	0.6514	0.6114	0.6114	0.6114	0.6743	0.6132	0.5903	0.62	0.6218	0.6486	0.6286	0.6457	0.6293	0.6695	0.6264	0.6398	0.585	0.6171	0.596	0.6351	0.6034	0.5343	0.6103	0.6	0.5343	0.5057	0.56	0.5948	0.5845	0.6	0.5702	0.5843	0.5698	0.5959	0.5857	0.5886	0.5457	0.5429	0.5543	0.5116	0.5629	0.4756	0.4088	0.4189	0.3512	0.3731	0.5578	0.4281	0.4222
ENO_BACHD	0.5043	0.5331	0.5173	0.4928	0.4986	0.5072	0.5504	0.5333	0.5333	0.5159	0.4957	0.5203	0.5304	0.5304	0.5014	0.5447	0.5526	0.5345	0.5172	0.5389	0.5936	0.5565	0.4535	0.5087	0.6445	0.5821	0.6311	0.7536	0.7077	0.7163	1.0	0.7914	0.7564	0.6848	0.7221	0.6877	0.6771	0.6886	0.6905	0.6218	0.6848	0.6486	0.658	0.6379	0.639	0.639	0.6686	0.6705	0.6543	0.6859	0.6753	0.6744	0.6647	0.5694	0.6304	0.658	0.6254	0.6167	0.5616	0.6753	0.6829	0.5857	0.5543	0.56	0.5862	0.6132	0.6192	0.6246	0.5901	0.5959	0.5901	0.5731	0.596	0.5714	0.5571	0.5886	0.5491	0.5886	0.5086	0.4164	0.4353	0.362	0.3672	0.5838	0.4269	0.4358
ENO_LISMO	0.5116	0.5575	0.5216	0.4913	0.5029	0.5058	0.5402	0.5173	0.5173	0.5058	0.4855	0.5246	0.5145	0.5145	0.4971	0.5316	0.5345	0.5415	0.5244	0.5374	0.5773	0.5318	0.4474	0.464	0.6138	0.5718	0.6034	0.7514	0.72	0.7114	0.7914	1.0	0.7886	0.68	0.7314	0.6943	0.6724	0.6695	0.6714	0.6429	0.6429	0.6382	0.6332	0.6189	0.6343	0.6314	0.6581	0.6457	0.6838	0.6494	0.6332	0.6322	0.6542	0.5965	0.6457	0.6132	0.6236	0.6178	0.56	0.6791	0.661	0.5698	0.5328	0.5584	0.6046	0.6114	0.5826	0.5829	0.5768	0.5855	0.5942	0.5829	0.5743	0.5584	0.5527	0.5869	0.5274	0.5812	0.4756	0.4018	0.4324	0.365	0.3642	0.5706	0.4299	0.4119
ENO_ENTFA	0.5101	0.5418	0.5202	0.4899	0.5159	0.4957	0.5504	0.5217	0.5217	0.5043	0.4899	0.5233	0.513	0.5101	0.4841	0.5331	0.5572	0.5374	0.5172	0.5245	0.5731	0.5275	0.4428	0.4798	0.6069	0.5965	0.6254	0.7278	0.7077	0.6934	0.7564	0.7886	1.0	0.6905	0.7507	0.7679	0.72	0.7	0.6762	0.6246	0.6476	0.68	0.6293	0.6092	0.6361	0.639	0.6571	0.6304	0.6686	0.6542	0.6523	0.6138	0.6301	0.5694	0.6476	0.6264	0.6167	0.5994	0.5616	0.659	0.6571	0.58	0.5457	0.5886	0.5575	0.6275	0.5669	0.5874	0.5901	0.6076	0.6221	0.5788	0.5673	0.58	0.5686	0.6143	0.5058	0.6057	0.4885	0.4265	0.4336	0.3363	0.3593	0.5723	0.4192	0.4341
ENO_BACFR	0.513	0.536	0.5173	0.4928	0.513	0.5014	0.5245	0.4986	0.5275	0.5333	0.4986	0.5145	0.5101	0.5159	0.5217	0.5389	0.5271	0.5259	0.5	0.5101	0.5685	0.5173	0.4398	0.4352	0.5735	0.5562	0.6149	0.6571	0.66	0.64	0.6848	0.68	0.6905	1.0	0.7343	0.7057	0.6257	0.6457	0.6229	0.6	0.6343	0.6229	0.6418	0.6562	0.6314	0.6361	0.6371	0.6	0.6686	0.6092	0.592	0.6092	0.6282	0.5879	0.58	0.6103	0.6264	0.6149	0.5914	0.6218	0.6143	0.5629	0.5457	0.5543	0.5891	0.6103	0.5536	0.5616	0.593	0.6134	0.5988	0.5571	0.5543	0.5714	0.58	0.5514	0.5116	0.5771	0.4785	0.3912	0.4041	0.3423	0.3821	0.5578	0.4222	0.4102
ENO_STAAM	0.5043	0.5331	0.5	0.487	0.4957	0.487	0.4986	0.4986	0.4928	0.4957	0.4725	0.4884	0.4841	0.487	0.4841	0.5043	0.491	0.5201	0.477	0.5043	0.5452	0.5289	0.4307	0.4467	0.5648	0.5533	0.5747	0.6829	0.6629	0.6543	0.7221	0.7314	0.7507	0.7343	1.0	0.8	0.6743	0.66	0.6457	0.6343	0.62	0.6314	0.6304	0.639	0.6143	0.6304	0.6229	0.62	0.6543	0.6207	0.6351	0.5833	0.5937	0.5476	0.5857	0.5645	0.5891	0.6121	0.5686	0.6246	0.5971	0.5343	0.5	0.5486	0.5661	0.5759	0.5246	0.5473	0.5756	0.5727	0.5872	0.5543	0.5571	0.5371	0.5343	0.5571	0.4942	0.5571	0.4756	0.3882	0.3982	0.3423	0.3612	0.5607	0.4222	0.4192
ENOA_LACLA	0.5014	0.5216	0.5058	0.4841	0.5072	0.4783	0.4986	0.4957	0.4957	0.4841	0.4667	0.4855	0.4986	0.4812	0.4841	0.513	0.512	0.5115	0.4914	0.4957	0.5073	0.5289	0.4277	0.4467	0.5591	0.5418	0.5776	0.6571	0.64	0.6314	0.6877	0.6943	0.7679	0.7057	0.8	1.0	0.6914	0.6429	0.64	0.62	0.6257	0.6057	0.6074	0.6332	0.6314	0.6103	0.6057	0.6257	0.6143	0.6264	0.6121	0.5805	0.5793	0.5303	0.5943	0.5788	0.5805	0.5891	0.5543	0.6361	0.5914	0.5229	0.4971	0.5371	0.5345	0.5788	0.5246	0.5473	0.5581	0.5698	0.564	0.5514	0.5571	0.5257	0.5143	0.5257	0.4624	0.5657	0.4756	0.4029	0.3894	0.3363	0.3373	0.5549	0.4072	0.4102
ENOA_LACPL	0.526	0.523	0.5216	0.4942	0.5289	0.5	0.5316	0.5405	0.5231	0.5318	0.4971	0.5362	0.5231	0.5087	0.5087	0.5374	0.5075	0.533	0.5129	0.5374	0.6006	0.5347	0.4264	0.487	0.6282	0.6034	0.6178	0.6829	0.6571	0.6429	0.6771	0.6724	0.72	0.6257	0.6743	0.6914	1.0	0.6154	0.6114	0.6029	0.6029	0.6524	0.5931	0.6074	0.5829	0.6143	0.6182	0.5971	0.5983	0.6322	0.6046	0.5862	0.611	0.5591	0.6086	0.6103	0.5833	0.5977	0.5571	0.6132	0.6353	0.5869	0.5698	0.5726	0.5616	0.6	0.5652	0.5657	0.6203	0.5884	0.6174	0.5857	0.5771	0.5783	0.5698	0.5954	0.5418	0.5698	0.4986	0.39	0.4176	0.368	0.3672	0.5389	0.406	0.4239
ENO_LEPIN	0.4595	0.5057	0.4784	0.4566	0.4942	0.4827	0.5086	0.4884	0.5	0.5145	0.4855	0.5072	0.4942	0.4913	0.4711	0.5144	0.4925	0.5072	0.5014	0.4914	0.5423	0.526	0.4505	0.4553	0.5648	0.5345	0.6092	0.6714	0.64	0.6514	0.6886	0.6695	0.7	0.6457	0.66	0.6429	0.6154	1.0	0.6514	0.6114	0.6343	0.6325	0.6332	0.6132	0.6371	0.6314	0.641	0.66	0.6182	0.6264	0.6074	0.6063	0.5908	0.5562	0.5971	0.6132	0.6264	0.5948	0.5371	0.6332	0.6325	0.567	0.5385	0.5499	0.5444	0.56	0.5507	0.5829	0.5913	0.5768	0.5826	0.5629	0.5543	0.547	0.5556	0.5869	0.4784	0.567	0.4957	0.4076	0.4059	0.3175	0.3463	0.5504	0.4149	0.406
ENO_RALSO	0.4754	0.5043	0.4884	0.4783	0.4696	0.458	0.4899	0.5217	0.5014	0.487	0.4551	0.4942	0.4899	0.5072	0.4696	0.4957	0.5151	0.477	0.477	0.5245	0.5481	0.5058	0.4428	0.4726	0.585	0.5418	0.5805	0.6571	0.6514	0.6114	0.6905	0.6714	0.6762	0.6229	0.6457	0.64	0.6114	0.6514	1.0	0.7057	0.7057	0.62	0.6447	0.6103	0.6429	0.6304	0.6429	0.6371	0.62	0.6178	0.6264	0.5948	0.6369	0.5706	0.6343	0.616	0.6264	0.6034	0.5743	0.6877	0.6486	0.6029	0.5514	0.56	0.5259	0.5702	0.5913	0.5903	0.564	0.5814	0.5872	0.5514	0.5371	0.5314	0.4971	0.5657	0.5	0.5086	0.4871	0.4	0.4159	0.3393	0.3463	0.5607	0.4042	0.3862
ENO_NITEU	0.4928	0.4957	0.5029	0.4667	0.4841	0.4551	0.4755	0.4928	0.4928	0.4928	0.4841	0.4884	0.4696	0.4696	0.4638	0.4813	0.4819	0.4914	0.4713	0.4899	0.5364	0.526	0.4428	0.4841	0.5648	0.5447	0.5661	0.6371	0.6486	0.6114	0.6218	0.6429	0.6246	0.6	0.6343	0.62	0.6029	0.6114	0.7057	1.0	0.6343	0.5943	0.6275	0.6046	0.5943	0.6103	0.6257	0.6143	0.6	0.5718	0.5977	0.5632	0.5965	0.5447	0.6086	0.5673	0.6006	0.592	0.5629	0.6132	0.5914	0.54	0.5143	0.5429	0.5374	0.5501	0.5391	0.5587	0.5727	0.5698	0.5785	0.5229	0.5343	0.5514	0.5143	0.5429	0.474	0.5229	0.4527	0.3941	0.4189	0.3452	0.3403	0.5434	0.3982	0.3982
ENO_NEIMA	0.5188	0.5274	0.5	0.4928	0.4899	0.4812	0.5331	0.5101	0.5188	0.5304	0.4725	0.5029	0.5072	0.5188	0.4841	0.5159	0.5241	0.5345	0.5201	0.5187	0.5889	0.5289	0.4398	0.4755	0.6081	0.5735	0.5977	0.6429	0.6314	0.6114	0.6848	0.6429	0.6476	0.6343	0.62	0.6257	0.6029	0.6343	0.7057	0.6343	1.0	0.5943	0.6504	0.6046	0.6657	0.639	0.6457	0.6029	0.5943	0.658	0.6092	0.6379	0.6225	0.562	0.5943	0.6074	0.6293	0.6293	0.5571	0.6533	0.6286	0.5657	0.5514	0.5457	0.5402	0.5645	0.5913	0.5874	0.5785	0.5843	0.5785	0.5429	0.5171	0.5571	0.5229	0.5686	0.5116	0.5457	0.4871	0.4176	0.4336	0.3333	0.3612	0.552	0.4132	0.4042
ENO_BORBU	0.4827	0.5115	0.5101	0.4711	0.4884	0.4884	0.5	0.5058	0.5029	0.5	0.4942	0.513	0.5	0.4827	0.4855	0.5115	0.5315	0.5272	0.5043	0.5259	0.551	0.4855	0.4294	0.4582	0.5879	0.5575	0.5718	0.6943	0.66	0.6743	0.6486	0.6382	0.68	0.6229	0.6314	0.6057	0.6524	0.6325	0.62	0.5943	0.5943	1.0	0.616	0.6132	0.5914	0.5886	0.6496	0.5914	0.6125	0.5833	0.6132	0.5747	0.6023	0.5389	0.6	0.616	0.5948	0.5776	0.52	0.6074	0.5954	0.5641	0.547	0.5499	0.5415	0.6	0.5536	0.5714	0.6029	0.571	0.5826	0.5771	0.5371	0.584	0.5613	0.5926	0.4755	0.567	0.4871	0.4076	0.4176	0.3531	0.3761	0.536	0.4119	0.4149
ENO_AGRT5	0.4913	0.5087	0.487	0.5116	0.4855	0.4622	0.4942	0.4855	0.5058	0.4971	0.4738	0.4869	0.5029	0.4884	0.4797	0.4986	0.509	0.4669	0.4697	0.5087	0.5802	0.5217	0.4398	0.464	0.5879	0.5418	0.6023	0.6562	0.6304	0.6132	0.658	0.6332	0.6293	0.6418	0.6304	0.6074	0.5931	0.6332	0.6447	0.6275	0.6504	0.616	1.0	0.7479	0.7421	0.7155	0.6304	0.5989	0.6218	0.611	0.5879	0.6398	0.6571	0.5793	0.6218	0.6074	0.611	0.5994	0.6447	0.6092	0.5989	0.5415	0.5244	0.5387	0.5591	0.5805	0.5797	0.5603	0.5656	0.5743	0.5685	0.5587	0.5415	0.5444	0.533	0.5444	0.5029	0.5673	0.4511	0.4029	0.4218	0.3274	0.3313	0.5491	0.4132	0.3922
ENO_BARHE	0.4709	0.4942	0.4638	0.4738	0.4593	0.4564	0.4653	0.468	0.4797	0.4855	0.4477	0.4752	0.4855	0.4738	0.4651	0.4841	0.4819	0.4841	0.4553	0.4884	0.5481	0.5159	0.4337	0.487	0.5793	0.5504	0.611	0.6418	0.6046	0.5903	0.6379	0.6189	0.6092	0.6562	0.639	0.6332	0.6074	0.6132	0.6103	0.6046	0.6046	0.6132	0.7479	1.0	0.6963	0.6437	0.5989	0.616	0.596	0.6023	0.5735	0.6138	0.611	0.5764	0.5845	0.5874	0.5821	0.585	0.6132	0.6149	0.5874	0.5673	0.5272	0.5473	0.5562	0.5575	0.5333	0.5575	0.5831	0.5773	0.5685	0.5358	0.5473	0.5387	0.533	0.5272	0.5145	0.5473	0.4885	0.3824	0.4071	0.3512	0.3761	0.5578	0.4102	0.4132
ENO_CAUCR	0.5159	0.5101	0.4913	0.487	0.4783	0.4638	0.5072	0.4841	0.5101	0.4928	0.4783	0.4826	0.4783	0.4986	0.4812	0.5014	0.4849	0.5	0.4799	0.5101	0.5685	0.5347	0.4518	0.4813	0.5764	0.5504	0.6121	0.6429	0.6286	0.62	0.639	0.6343	0.6361	0.6314	0.6143	0.6314	0.5829	0.6371	0.6429	0.5943	0.6657	0.5914	0.7421	0.6963	1.0	0.6562	0.6057	0.6314	0.6114	0.6063	0.5891	0.6121	0.6542	0.585	0.62	0.5903	0.6121	0.5776	0.6029	0.6246	0.5971	0.54	0.5143	0.5371	0.5747	0.5559	0.571	0.5673	0.5756	0.5756	0.5756	0.5371	0.5257	0.5543	0.54	0.56	0.5	0.5543	0.4699	0.4088	0.3923	0.3393	0.3582	0.5405	0.4281	0.3952
ENO_ZYMMO	0.5159	0.5504	0.5202	0.5159	0.5391	0.5217	0.513	0.5043	0.5101	0.5246	0.4899	0.5116	0.4899	0.5072	0.5072	0.513	0.5181	0.523	0.4856	0.513	0.5848	0.542	0.4428	0.4566	0.5694	0.5677	0.5879	0.6304	0.6418	0.6218	0.639	0.6314	0.639	0.6361	0.6304	0.6103	0.6143	0.6314	0.6304	0.6103	0.639	0.5886	0.7155	0.6437	0.6562	1.0	0.5971	0.596	0.6	0.5965	0.6063	0.6254	0.6243	0.5896	0.5702	0.5718	0.5994	0.6023	0.596	0.5977	0.6229	0.5371	0.5171	0.5543	0.5805	0.5587	0.5698	0.5731	0.593	0.5901	0.5785	0.533	0.553	0.56	0.5486	0.5571	0.5116	0.5486	0.454	0.4029	0.4012	0.3214	0.3263	0.5173	0.3982	0.3743
ENO2_CHLTE	0.5058	0.5316	0.5159	0.474	0.4942	0.474	0.5259	0.5173	0.5145	0.5145	0.4884	0.4899	0.4913	0.4971	0.4855	0.5029	0.4955	0.5014	0.49	0.5144	0.5481	0.5116	0.4474	0.464	0.5706	0.5345	0.6034	0.6657	0.6429	0.6486	0.6686	0.6581	0.6571	0.6371	0.6229	0.6057	0.6182	0.641	0.6429	0.6257	0.6457	0.6496	0.6304	0.5989	0.6057	0.5971	1.0	0.6114	0.6211	0.6006	0.6304	0.6006	0.6225	0.5706	0.5886	0.6304	0.6178	0.6264	0.5571	0.616	0.5983	0.5356	0.5185	0.5299	0.5759	0.5714	0.5623	0.5714	0.5739	0.5768	0.5826	0.5886	0.5457	0.5641	0.5527	0.5954	0.4813	0.5527	0.4957	0.4106	0.4176	0.3591	0.3463	0.5533	0.4179	0.4149
ENO_XANAC	0.5072	0.536	0.5116	0.4638	0.5217	0.4464	0.513	0.5043	0.5217	0.5217	0.513	0.4913	0.487	0.4957	0.4899	0.5101	0.509	0.4971	0.4828	0.5043	0.5131	0.4798	0.4036	0.487	0.562	0.5562	0.6034	0.64	0.6286	0.6286	0.6705	0.6457	0.6304	0.6	0.62	0.6257	0.5971	0.66	0.6371	0.6143	0.6029	0.5914	0.5989	0.616	0.6314	0.596	0.6114	1.0	0.5743	0.6063	0.5747	0.5862	0.6081	0.5677	0.5829	0.6046	0.592	0.5977	0.5886	0.6476	0.6029	0.5571	0.5171	0.5429	0.5431	0.5387	0.5478	0.5616	0.561	0.564	0.5669	0.5543	0.54	0.5543	0.52	0.5514	0.4827	0.5114	0.4957	0.3882	0.3894	0.3244	0.3493	0.5434	0.3952	0.3862
ENO_FUSNN	0.4942	0.5201	0.5072	0.4884	0.4884	0.4624	0.5115	0.4884	0.5058	0.4942	0.4971	0.5159	0.5289	0.5	0.4913	0.5086	0.5075	0.51	0.5072	0.523	0.5831	0.5462	0.4384	0.4553	0.585	0.5575	0.5776	0.68	0.6314	0.6457	0.6543	0.6838	0.6686	0.6686	0.6543	0.6143	0.5983	0.6182	0.62	0.6	0.5943	0.6125	0.6218	0.596	0.6114	0.6	0.6211	0.5743	1.0	0.6121	0.6017	0.6092	0.6427	0.5735	0.5971	0.6074	0.592	0.5891	0.5657	0.6132	0.6268	0.5499	0.5413	0.5556	0.5702	0.6	0.5362	0.5429	0.542	0.5362	0.5623	0.5371	0.5514	0.5527	0.5385	0.5641	0.513	0.5641	0.4728	0.3842	0.4324	0.3472	0.3582	0.5418	0.4179	0.4299
ENO_AQUAE	0.5015	0.5275	0.5058	0.4898	0.519	0.5073	0.5362	0.4985	0.5044	0.5044	0.481	0.4854	0.4898	0.4956	0.4869	0.5159	0.5152	0.5202	0.5087	0.5275	0.5743	0.552	0.4608	0.5043	0.6282	0.5965	0.6207	0.6667	0.6236	0.6293	0.6859	0.6494	0.6542	0.6092	0.6207	0.6264	0.6322	0.6264	0.6178	0.5718	0.658	0.5833	0.611	0.6023	0.6063	0.5965	0.6006	0.6063	0.6121	1.0	0.6839	0.6149	0.611	0.5648	0.6236	0.6081	0.6322	0.6006	0.5632	0.5937	0.5862	0.5632	0.5201	0.5517	0.5747	0.5937	0.5826	0.5965	0.5698	0.5785	0.564	0.5948	0.5287	0.5747	0.5661	0.546	0.552	0.5891	0.5389	0.4294	0.4362	0.3683	0.3851	0.5896	0.4192	0.4042
ENO_THEMA	0.5174	0.5434	0.513	0.5	0.5262	0.5087	0.5376	0.5174	0.5233	0.5349	0.5203	0.5219	0.5233	0.5203	0.5029	0.5376	0.5287	0.562	0.5331	0.5578	0.5889	0.5462	0.4444	0.5101	0.6282	0.5891	0.5891	0.6667	0.6523	0.6695	0.6753	0.6332	0.6523	0.592	0.6351	0.6121	0.6046	0.6074	0.6264	0.5977	0.6092	0.6132	0.5879	0.5735	0.5891	0.6063	0.6304	0.5747	0.6017	0.6839	1.0	0.5862	0.611	0.5274	0.6034	0.6023	0.6149	0.6379	0.523	0.5937	0.596	0.5358	0.5043	0.5301	0.5788	0.5805	0.5971	0.5805	0.5797	0.571	0.5855	0.5661	0.5374	0.5702	0.553	0.5501	0.5389	0.5817	0.5476	0.4545	0.429	0.3672	0.4	0.5764	0.4358	0.4328
ENO1_STRCO	0.516	0.5507	0.532	0.5015	0.5277	0.5219	0.542	0.5277	0.5539	0.5452	0.5073	0.5205	0.5277	0.5335	0.5335	0.5507	0.5333	0.5549	0.5231	0.5275	0.6035	0.5549	0.4669	0.487	0.6225	0.6138	0.6351	0.6724	0.6264	0.6264	0.6744	0.6322	0.6138	0.6092	0.5833	0.5805	0.5862	0.6063	0.5948	0.5632	0.6379	0.5747	0.6398	0.6138	0.6121	0.6254	0.6006	0.5862	0.6092	0.6149	0.5862	1.0	0.7205	0.683	0.6063	0.6282	0.6293	0.6351	0.5603	0.6138	0.5747	0.5172	0.5201	0.5345	0.6236	0.5648	0.5855	0.5677	0.5901	0.593	0.593	0.5201	0.5805	0.5517	0.5201	0.5144	0.5347	0.5172	0.464	0.4412	0.4184	0.3473	0.3612	0.5462	0.4371	0.4222
ENO_COREF	0.5234	0.5669	0.5306	0.5088	0.5351	0.4942	0.5465	0.5439	0.5322	0.5292	0.5117	0.5308	0.5322	0.5439	0.5205	0.5594	0.5424	0.5333	0.5362	0.5552	0.6181	0.5536	0.4789	0.4986	0.6455	0.6225	0.6052	0.6715	0.6571	0.6398	0.6647	0.6542	0.6301	0.6282	0.5937	0.5793	0.611	0.5908	0.6369	0.5965	0.6225	0.6023	0.6571	0.611	0.6542	0.6243	0.6225	0.6081	0.6427	0.611	0.611	0.7205	1.0	0.7147	0.5764	0.5937	0.6167	0.6081	0.585	0.6069	0.5706	0.5245	0.513	0.513	0.6225	0.6098	0.5913	0.5636	0.6006	0.5685	0.5918	0.5331	0.5706	0.562	0.536	0.5447	0.5376	0.5476	0.4711	0.4441	0.4332	0.3533	0.3642	0.5694	0.4281	0.4371
ENO_MYCLE	0.5175	0.5436	0.519	0.4942	0.5146	0.4912	0.5145	0.5	0.5029	0.5205	0.5	0.5161	0.5029	0.5088	0.4971	0.5188	0.5152	0.5217	0.4841	0.5029	0.5656	0.5333	0.4458	0.4813	0.5793	0.585	0.5879	0.6282	0.5879	0.585	0.5694	0.5965	0.5694	0.5879	0.5476	0.5303	0.5591	0.5562	0.5706	0.5447	0.562	0.5389	0.5793	0.5764	0.585	0.5896	0.5706	0.5677	0.5735	0.5648	0.5274	0.683	0.7147	1.0	0.5648	0.5937	0.6138	0.5706	0.5591	0.5462	0.5303	0.487	0.4697	0.4841	0.5821	0.5347	0.5333	0.5318	0.5773	0.5539	0.5714	0.513	0.562	0.5389	0.513	0.5331	0.5116	0.5014	0.4566	0.4118	0.4332	0.3443	0.3701	0.5289	0.4281	0.4132
ENO_DESVM	0.4928	0.5043	0.4855	0.4754	0.4899	0.4609	0.5072	0.4783	0.4986	0.4754	0.4841	0.4797	0.4725	0.4812	0.4841	0.4784	0.494	0.454	0.4828	0.5101	0.5131	0.4913	0.4277	0.4582	0.5965	0.5591	0.5977	0.6257	0.64	0.6171	0.6304	0.6457	0.6476	0.58	0.5857	0.5943	0.6086	0.5971	0.6343	0.6086	0.5943	0.6	0.6218	0.5845	0.62	0.5702	0.5886	0.5829	0.5971	0.6236	0.6034	0.6063	0.5764	0.5648	1.0	0.6017	0.6149	0.5891	0.5686	0.6074	0.5829	0.5429	0.5229	0.5429	0.5172	0.5989	0.5855	0.5759	0.561	0.5523	0.5727	0.5429	0.54	0.5371	0.5229	0.5314	0.4971	0.5543	0.4756	0.4059	0.4248	0.3304	0.3313	0.5549	0.3982	0.3922
ENO_DEIRA	0.4884	0.5116	0.4812	0.4767	0.4913	0.4709	0.5087	0.4884	0.5116	0.5203	0.4913	0.519	0.5058	0.4971	0.4942	0.5159	0.491	0.5101	0.5072	0.5145	0.551	0.4986	0.4127	0.487	0.5965	0.5793	0.6398	0.6619	0.6189	0.596	0.658	0.6132	0.6264	0.6103	0.5645	0.5788	0.6103	0.6132	0.616	0.5673	0.6074	0.616	0.6074	0.5874	0.5903	0.5718	0.6304	0.6046	0.6074	0.6081	0.6023	0.6282	0.5937	0.5937	0.6017	1.0	0.6138	0.6225	0.5387	0.592	0.5817	0.5244	0.5014	0.5301	0.5303	0.5718	0.571	0.5661	0.586	0.5656	0.6064	0.5473	0.5444	0.5587	0.5215	0.5272	0.5116	0.5387	0.4828	0.3941	0.4041	0.3393	0.3851	0.5318	0.4222	0.4311
ENO_SYNEL	0.484	0.5159	0.4913	0.4723	0.4985	0.481	0.513	0.5248	0.5219	0.5248	0.5073	0.5088	0.4956	0.4869	0.4781	0.513	0.4909	0.5231	0.4855	0.5246	0.5656	0.552	0.4157	0.4553	0.611	0.5821	0.7011	0.6552	0.6207	0.6351	0.6254	0.6236	0.6167	0.6264	0.5891	0.5805	0.5833	0.6264	0.6264	0.6006	0.6293	0.5948	0.611	0.5821	0.6121	0.5994	0.6178	0.592	0.592	0.6322	0.6149	0.6293	0.6167	0.6138	0.6149	0.6138	1.0	0.7414	0.5374	0.6052	0.5948	0.5374	0.5259	0.5575	0.5517	0.5706	0.5797	0.5821	0.5988	0.6163	0.6076	0.5575	0.5546	0.5862	0.569	0.5575	0.526	0.5776	0.5274	0.3882	0.454	0.3563	0.391	0.5607	0.4641	0.4401
ENO_ANASP	0.481	0.5246	0.4884	0.4956	0.4985	0.4898	0.513	0.516	0.5277	0.551	0.5015	0.5146	0.5073	0.516	0.5015	0.5449	0.4939	0.5636	0.5202	0.5246	0.5802	0.5347	0.4307	0.4755	0.5821	0.6052	0.7126	0.6408	0.5977	0.6034	0.6167	0.6178	0.5994	0.6149	0.6121	0.5891	0.5977	0.5948	0.6034	0.592	0.6293	0.5776	0.5994	0.585	0.5776	0.6023	0.6264	0.5977	0.5891	0.6006	0.6379	0.6351	0.6081	0.5706	0.5891	0.6225	0.7414	1.0	0.5575	0.6023	0.5833	0.5287	0.5086	0.5517	0.5747	0.5562	0.5739	0.5793	0.6017	0.5843	0.6163	0.546	0.5517	0.5661	0.5431	0.5546	0.5145	0.5575	0.5274	0.4059	0.4451	0.3593	0.3761	0.5434	0.4281	0.4551
ENO2_STRCO	0.4899	0.5159	0.4855	0.4812	0.4667	0.4348	0.464	0.4493	0.4725	0.4754	0.458	0.4622	0.4522	0.4609	0.4406	0.4524	0.4699	0.4511	0.4368	0.4755	0.5219	0.4682	0.4187	0.4669	0.5245	0.5245	0.569	0.5657	0.5371	0.5343	0.5616	0.56	0.5616	0.5914	0.5686	0.5543	0.5571	0.5371	0.5743	0.5629	0.5571	0.52	0.6447	0.6132	0.6029	0.596	0.5571	0.5886	0.5657	0.5632	0.523	0.5603	0.585	0.5591	0.5686	0.5387	0.5374	0.5575	1.0	0.5415	0.5371	0.5	0.4686	0.4829	0.5144	0.5158	0.5246	0.4928	0.5494	0.5494	0.5523	0.48	0.5171	0.5086	0.4914	0.5286	0.474	0.5114	0.4355	0.3765	0.4277	0.3601	0.3672	0.4855	0.4162	0.3982
ENO1_PSESM	0.5058	0.5231	0.4899	0.4913	0.4942	0.4593	0.5173	0.5116	0.5349	0.5	0.5	0.519	0.5203	0.5262	0.5174	0.5318	0.5196	0.487	0.5043	0.5202	0.5322	0.4928	0.4109	0.4451	0.5578	0.5145	0.5994	0.6476	0.6074	0.6103	0.6753	0.6791	0.659	0.6218	0.6246	0.6361	0.6132	0.6332	0.6877	0.6132	0.6533	0.6074	0.6092	0.6149	0.6246	0.5977	0.616	0.6476	0.6132	0.5937	0.5937	0.6138	0.6069	0.5462	0.6074	0.592	0.6052	0.6023	0.5415	1.0	0.7393	0.639	0.6017	0.6074	0.536	0.5575	0.5465	0.5402	0.5569	0.5685	0.586	0.553	0.5415	0.5645	0.5444	0.5817	0.487	0.5415	0.5115	0.4041	0.4024	0.3224	0.3383	0.5449	0.4144	0.4054
ENO_AERHY	0.4942	0.5201	0.5014	0.4566	0.4827	0.4624	0.5086	0.5029	0.4913	0.526	0.5202	0.5246	0.5029	0.5202	0.4971	0.5402	0.5195	0.4957	0.5043	0.523	0.5598	0.5029	0.3994	0.4265	0.562	0.5172	0.5862	0.6486	0.6286	0.6	0.6829	0.661	0.6571	0.6143	0.5971	0.5914	0.6353	0.6325	0.6486	0.5914	0.6286	0.5954	0.5989	0.5874	0.5971	0.6229	0.5983	0.6029	0.6268	0.5862	0.596	0.5747	0.5706	0.5303	0.5829	0.5817	0.5948	0.5833	0.5371	0.7393	1.0	0.6866	0.641	0.6467	0.5387	0.58	0.5275	0.5486	0.5594	0.5536	0.5652	0.5257	0.5114	0.567	0.5556	0.5954	0.5014	0.567	0.5043	0.4047	0.4324	0.3472	0.3403	0.5274	0.4269	0.406
ENO_BUCAI	0.4653	0.5	0.4784	0.4769	0.4393	0.4566	0.4655	0.4798	0.4769	0.4942	0.4653	0.4812	0.4798	0.4798	0.448	0.4799	0.4895	0.4642	0.4556	0.4885	0.519	0.474	0.4234	0.4438	0.5159	0.5086	0.5575	0.5914	0.56	0.5343	0.5857	0.5698	0.58	0.5629	0.5343	0.5229	0.5869	0.567	0.6029	0.54	0.5657	0.5641	0.5415	0.5673	0.54	0.5371	0.5356	0.5571	0.5499	0.5632	0.5358	0.5172	0.5245	0.487	0.5429	0.5244	0.5374	0.5287	0.5	0.639	0.6866	1.0	0.6895	0.6667	0.4756	0.5343	0.5043	0.5314	0.5246	0.5188	0.5362	0.5429	0.4914	0.5385	0.5356	0.5385	0.4611	0.5356	0.5129	0.39	0.3882	0.3323	0.3731	0.5331	0.3522	0.3672
ENO_WIGBR	0.4306	0.4511	0.4323	0.4249	0.3988	0.4075	0.4339	0.4393	0.4566	0.4451	0.4249	0.4377	0.4538	0.4538	0.448	0.4713	0.4444	0.4413	0.4298	0.4397	0.519	0.4566	0.4324	0.3833	0.4899	0.4713	0.5259	0.5514	0.5229	0.5057	0.5543	0.5328	0.5457	0.5457	0.5	0.4971	0.5698	0.5385	0.5514	0.5143	0.5514	0.547	0.5244	0.5272	0.5143	0.5171	0.5185	0.5171	0.5413	0.5201	0.5043	0.5201	0.513	0.4697	0.5229	0.5014	0.5259	0.5086	0.4686	0.6017	0.641	0.6895	1.0	0.6182	0.4413	0.5057	0.4841	0.5	0.5275	0.5014	0.5159	0.4857	0.4714	0.5328	0.5185	0.5385	0.4236	0.5043	0.4957	0.3871	0.3912	0.3294	0.3493	0.487	0.3552	0.3731
ENO_BUCBP	0.4335	0.4425	0.4524	0.422	0.4451	0.4653	0.4397	0.4393	0.4422	0.474	0.4451	0.4493	0.4566	0.4538	0.4306	0.4598	0.4354	0.4556	0.4298	0.4626	0.5423	0.4855	0.4204	0.4265	0.4899	0.5	0.5747	0.5743	0.5629	0.56	0.56	0.5584	0.5886	0.5543	0.5486	0.5371	0.5726	0.5499	0.56	0.5429	0.5457	0.5499	0.5387	0.5473	0.5371	0.5543	0.5299	0.5429	0.5556	0.5517	0.5301	0.5345	0.513	0.4841	0.5429	0.5301	0.5575	0.5517	0.4829	0.6074	0.6467	0.6667	0.6182	1.0	0.4986	0.5257	0.4928	0.5086	0.5275	0.5362	0.5536	0.52	0.5029	0.5385	0.5356	0.5271	0.4697	0.5271	0.5129	0.3959	0.3912	0.3264	0.3433	0.5303	0.3731	0.403
ENO_BIFLO	0.5291	0.552	0.5072	0.4564	0.5262	0.4826	0.5116	0.4884	0.5291	0.5262	0.5174	0.5219	0.5	0.5145	0.5203	0.5029	0.5045	0.5216	0.4986	0.5145	0.5539	0.5491	0.4354	0.4841	0.5504	0.569	0.5603	0.6264	0.5977	0.5948	0.5862	0.6046	0.5575	0.5891	0.5661	0.5345	0.5616	0.5444	0.5259	0.5374	0.5402	0.5415	0.5591	0.5562	0.5747	0.5805	0.5759	0.5431	0.5702	0.5747	0.5788	0.6236	0.6225	0.5821	0.5172	0.5303	0.5517	0.5747	0.5144	0.536	0.5387	0.4756	0.4413	0.4986	1.0	0.5201	0.5159	0.5144	0.5188	0.5101	0.5304	0.5287	0.5201	0.5244	0.51	0.4957	0.5303	0.5244	0.4611	0.4076	0.3964	0.3642	0.3403	0.513	0.4209	0.4149
