	1ser_A	SYS_AQUAE	SYS_THEMA	SYS_CHLTE	SYS_FUSNN	SYS_METAC	SYS_BACHD	SYS_BACSU	SYS_LISIN	SYS_OCEIH	SYS_STAAM	SYS_LACLA	SYS_STRA3	SYS2_LACPL	SYS1_LACPL	SYS_THETN	SYS_CLOAB	SYS_CLOPE	SYS_LEPIN	SYS_SYNEL	SYS_ANASP	SYS_SYNY3	SYS_SYNP7	SYS_BRUME	SYS_RHIME	SYS_AGRT5	SYS_RHILO	SYS_CAUCR	SYS_RICCN	SYS_PSEAE	SYS_RALSO	SYS_BURCE	SYS_NEIMA	SYS_ECOLI	SYS_HAEIN	SYS_VIBCH	SYS_SHEON	SYS_XANAC	SYS_XYLFA	SYS_COXBU	SYS_BUCAP	SYS_BUCAI	SYS_BUCBP	SYS_WIGBR	SYS_CAMJE	SYS_HELPJ	SYS_UREPA	SYS_MYCPE	SYS_MYCPN	SYS_MYCGE	SYS_HALMA	SYS_HALN1	SYS_CHLCV	SYS_CHLPN	SYS_CHLMU	SYS_DEIRA	SYS_BORBU	SYS_TREPA	SYSM_BOVIN	SYS_PYRAB	SYS_ARCFU	SYS_SULTO	SYS_SULSO	SYS_AERPE	SYS_PYRAE	SYS_THEAC	SYS_STRCO	SYS_COREF	SYS_MYCLE	SYS_BIFLO	SYS_ARATH	SYS_HELAN	SYS_BOVIN	SYS_CAEEL	SYSC_SCHPO	SYSC_CANAL	SYSC_YEAST	SYS_MYCPU	YHH1_YEAST	1evk_A	1nj8_A
1ser_A	1.0	0.4066	0.4455	0.3963	0.3872	0.386	0.3988	0.4018	0.3964	0.4	0.3784	0.4043	0.3916	0.3886	0.3951	0.3964	0.3799	0.3606	0.3642	0.3904	0.3933	0.386	0.419	0.4085	0.4024	0.3811	0.3933	0.3784	0.37	0.4182	0.4157	0.3825	0.4048	0.386	0.3656	0.3758	0.397	0.3848	0.3636	0.3982	0.3697	0.3606	0.3485	0.3394	0.3889	0.3901	0.3877	0.3784	0.3524	0.3617	0.3814	0.3904	0.4054	0.3994	0.4114	0.5556	0.3645	0.4054	0.3705	0.4144	0.3754	0.3754	0.3634	0.3814	0.3524	0.3804	0.439	0.4109	0.4255	0.3872	0.365	0.3466	0.3344	0.3129	0.3343	0.3012	0.3072	0.3333	0.2901	0.1964	0.1747
SYS_AQUAE	0.4066	1.0	0.6185	0.5084	0.5919	0.5885	0.5863	0.5957	0.5613	0.564	0.5212	0.5796	0.5495	0.5366	0.5368	0.6454	0.5677	0.5521	0.5084	0.5579	0.5598	0.5262	0.5287	0.5383	0.5215	0.5191	0.5394	0.4894	0.476	0.5724	0.5463	0.5677	0.5606	0.5595	0.5379	0.5107	0.5558	0.5178	0.4964	0.5381	0.4964	0.4751	0.5036	0.4737	0.4818	0.4939	0.506	0.4799	0.4344	0.4365	0.4941	0.4704	0.4561	0.4513	0.4371	0.433	0.3669	0.3452	0.3214	0.4458	0.4123	0.4204	0.3981	0.372	0.4062	0.3947	0.453	0.4211	0.4038	0.3976	0.4077	0.4125	0.3741	0.3357	0.3664	0.357	0.3735	0.438	0.3269	0.192	0.2444
SYS_THEMA	0.4455	0.6185	1.0	0.506	0.5383	0.5264	0.5569	0.5569	0.5545	0.5427	0.519	0.5083	0.4953	0.4988	0.4941	0.5653	0.5392	0.5261	0.4795	0.5273	0.5144	0.4952	0.4952	0.5264	0.4976	0.4928	0.5012	0.4917	0.4783	0.5297	0.5537	0.5251	0.5107	0.5214	0.4822	0.5012	0.5202	0.4941	0.4679	0.531	0.4442	0.4323	0.4442	0.445	0.4526	0.4286	0.4843	0.4584	0.4197	0.4149	0.4774	0.4608	0.4391	0.4177	0.4129	0.4543	0.3711	0.3541	0.3278	0.481	0.419	0.3819	0.3714	0.3929	0.3652	0.4091	0.4116	0.4111	0.4058	0.385	0.3928	0.3976	0.3518	0.3253	0.3848	0.361	0.3753	0.4098	0.3269	0.1752	0.2276
SYS_CHLTE	0.3963	0.5084	0.506	1.0	0.494	0.4976	0.5227	0.4988	0.5012	0.4988	0.4869	0.488	0.4869	0.4785	0.4282	0.5096	0.5335	0.4893	0.4879	0.4869	0.4808	0.4522	0.4591	0.4469	0.4275	0.4203	0.4386	0.3938	0.4039	0.4558	0.4916	0.4892	0.4964	0.4761	0.4511	0.4535	0.4582	0.4511	0.4344	0.4522	0.4105	0.401	0.3938	0.4207	0.4363	0.4195	0.4223	0.4177	0.3913	0.3889	0.4749	0.4916	0.4207	0.4207	0.4038	0.3986	0.3656	0.3486	0.2981	0.4248	0.3693	0.3534	0.3381	0.3237	0.3197	0.3928	0.4195	0.3777	0.3723	0.3561	0.3641	0.3641	0.3641	0.3301	0.3469	0.3373	0.3278	0.3833	0.2978	0.2117	0.2127
SYS_FUSNN	0.3872	0.5919	0.5383	0.494	1.0	0.5494	0.5619	0.5738	0.5714	0.537	0.5	0.5861	0.569	0.5394	0.5	0.5609	0.5779	0.5383	0.4623	0.4809	0.5	0.4591	0.4517	0.5012	0.4819	0.4795	0.4952	0.4678	0.4442	0.5144	0.4916	0.5324	0.5252	0.482	0.4749	0.4737	0.4904	0.4785	0.4737	0.518	0.445	0.4474	0.433	0.4602	0.4619	0.4268	0.4647	0.4809	0.4106	0.4189	0.4511	0.4296	0.3957	0.3741	0.3741	0.413	0.3762	0.3494	0.2957	0.4129	0.3995	0.4029	0.3852	0.3325	0.3525	0.3846	0.3893	0.3801	0.3577	0.3844	0.385	0.3777	0.3632	0.339	0.3604	0.3413	0.3508	0.4044	0.2954	0.2125	0.2293
SYS_METAC	0.386	0.5885	0.5264	0.4976	0.5494	1.0	0.5646	0.5813	0.58	0.5659	0.494	0.5433	0.5322	0.5239	0.5168	0.5851	0.5855	0.5649	0.4854	0.5239	0.523	0.4916	0.4843	0.4831	0.4903	0.4734	0.4867	0.4368	0.4574	0.4772	0.4737	0.4904	0.4737	0.4736	0.4904	0.4604	0.4892	0.4556	0.4341	0.4784	0.4556	0.4412	0.4269	0.442	0.4852	0.4559	0.445	0.4641	0.414	0.4185	0.4869	0.4821	0.4029	0.3981	0.3885	0.3783	0.3406	0.3221	0.3237	0.39	0.3789	0.3621	0.3525	0.3477	0.351	0.3923	0.3844	0.3826	0.3723	0.365	0.3786	0.3738	0.3374	0.301	0.3373	0.3541	0.3517	0.3907	0.2847	0.2088	0.2444
SYS_BACHD	0.3988	0.5863	0.5569	0.5227	0.5619	0.5646	1.0	0.7736	0.7429	0.7329	0.5472	0.6351	0.6014	0.5792	0.5379	0.6351	0.639	0.6043	0.4554	0.5521	0.5502	0.5048	0.5024	0.512	0.5	0.4856	0.494	0.4586	0.4567	0.5332	0.5226	0.5249	0.5249	0.5321	0.5012	0.5166	0.5284	0.5071	0.4882	0.5107	0.4597	0.4787	0.4834	0.4415	0.4769	0.4576	0.4916	0.4834	0.4354	0.4269	0.5012	0.5012	0.4038	0.4109	0.4062	0.4019	0.3365	0.3389	0.3143	0.409	0.3886	0.3682	0.3507	0.3365	0.3634	0.3995	0.4169	0.3645	0.3639	0.3687	0.3861	0.3885	0.3669	0.3285	0.3428	0.3522	0.3452	0.4102	0.2806	0.2029	0.2342
SYS_BACSU	0.4018	0.5957	0.5569	0.4988	0.5738	0.5813	0.7736	1.0	0.7453	0.7447	0.5448	0.6256	0.6179	0.5863	0.5355	0.6493	0.6366	0.628	0.4795	0.5308	0.5215	0.4833	0.5048	0.4976	0.4952	0.4785	0.4797	0.4657	0.4543	0.5379	0.5487	0.5154	0.5107	0.5202	0.4988	0.5166	0.5332	0.4882	0.4763	0.4964	0.4645	0.4716	0.455	0.4463	0.4745	0.4358	0.4867	0.5024	0.4378	0.4245	0.5059	0.4965	0.4133	0.4038	0.4062	0.4234	0.3702	0.3413	0.3238	0.435	0.4242	0.38	0.372	0.3531	0.3872	0.3995	0.4193	0.3717	0.3687	0.3807	0.3885	0.3885	0.3669	0.3261	0.3522	0.3546	0.3404	0.4126	0.2758	0.2101	0.2305
SYS_LISIN	0.3964	0.5613	0.5545	0.5012	0.5714	0.58	0.7429	0.7453	1.0	0.7352	0.5728	0.6114	0.5835	0.5718	0.5403	0.6274	0.6627	0.6256	0.4554	0.5118	0.4904	0.481	0.488	0.4857	0.4881	0.4667	0.4786	0.4612	0.433	0.5332	0.5296	0.5343	0.5261	0.5249	0.5059	0.5403	0.5403	0.5142	0.481	0.4941	0.4763	0.4882	0.4692	0.4558	0.4818	0.4552	0.4843	0.5354	0.4405	0.4245	0.5012	0.4894	0.409	0.4137	0.4043	0.3833	0.3732	0.3729	0.3009	0.44	0.3797	0.3924	0.375	0.3491	0.3806	0.4282	0.4029	0.3675	0.3669	0.3693	0.3699	0.389	0.3461	0.3126	0.3694	0.3459	0.3247	0.3932	0.2926	0.2158	0.2251
SYS_OCEIH	0.4	0.564	0.5427	0.4988	0.537	0.5659	0.7329	0.7447	0.7352	1.0	0.5437	0.6066	0.5768	0.545	0.5142	0.6128	0.6176	0.6019	0.441	0.5344	0.5096	0.4929	0.4856	0.4748	0.47	0.4556	0.4617	0.4526	0.4313	0.5237	0.5167	0.5167	0.4929	0.5321	0.5	0.5047	0.5284	0.4976	0.4692	0.5012	0.4408	0.4526	0.4502	0.4439	0.4574	0.4286	0.4675	0.4988	0.4341	0.4317	0.5213	0.5024	0.4024	0.4071	0.4119	0.4053	0.347	0.3445	0.3246	0.4194	0.3848	0.369	0.3658	0.3444	0.3786	0.4067	0.4082	0.375	0.3551	0.3671	0.3726	0.3822	0.3558	0.3341	0.3531	0.3436	0.3412	0.4112	0.3165	0.2036	0.2388
SYS_STAAM	0.3784	0.5212	0.519	0.4869	0.5	0.494	0.5472	0.5448	0.5728	0.5437	1.0	0.5474	0.5671	0.5482	0.5308	0.5613	0.5748	0.5521	0.4651	0.4588	0.4785	0.4405	0.4593	0.5	0.4619	0.4643	0.4762	0.4471	0.432	0.5024	0.5319	0.5236	0.5071	0.5226	0.5083	0.5142	0.5237	0.4976	0.481	0.4869	0.4739	0.436	0.4408	0.4654	0.4866	0.4576	0.4843	0.5142	0.4262	0.4149	0.4343	0.4296	0.4066	0.4033	0.3962	0.3714	0.3684	0.3531	0.3026	0.4178	0.3624	0.3892	0.3765	0.3553	0.3726	0.366	0.3971	0.3747	0.3645	0.3565	0.3905	0.3905	0.3571	0.3286	0.3521	0.3474	0.3357	0.4223	0.3094	0.1864	0.262
SYS_LACLA	0.4043	0.5796	0.5083	0.488	0.5861	0.5433	0.6351	0.6256	0.6114	0.6066	0.5474	1.0	0.7867	0.6351	0.5758	0.6143	0.5786	0.5653	0.4976	0.4929	0.518	0.4821	0.4604	0.5264	0.5192	0.5192	0.5036	0.4632	0.4638	0.5534	0.5656	0.5752	0.537	0.5619	0.5321	0.5297	0.5724	0.5226	0.5012	0.4929	0.4537	0.4608	0.4561	0.4522	0.4927	0.4587	0.4855	0.5	0.4255	0.4159	0.5012	0.4679	0.4368	0.4344	0.4272	0.4062	0.3551	0.3405	0.3206	0.4014	0.3643	0.3628	0.3476	0.3143	0.3532	0.3789	0.4262	0.3952	0.368	0.385	0.3807	0.3904	0.3687	0.3373	0.3278	0.3634	0.3278	0.4024	0.2981	0.2226	0.2397
SYS_STRA3	0.3916	0.5495	0.4953	0.4869	0.569	0.5322	0.6014	0.6179	0.5835	0.5768	0.5671	0.7867	1.0	0.6439	0.5877	0.5887	0.601	0.5592	0.4867	0.5012	0.4952	0.4738	0.4689	0.5322	0.5084	0.5084	0.5095	0.4788	0.47	0.5332	0.5592	0.5474	0.5521	0.5606	0.5437	0.5332	0.5711	0.5332	0.5095	0.4941	0.4763	0.4739	0.4597	0.4511	0.4866	0.4479	0.4771	0.5201	0.4368	0.4317	0.4646	0.4764	0.4313	0.4313	0.4147	0.3986	0.3573	0.3214	0.2874	0.4057	0.3735	0.3791	0.3641	0.3522	0.3626	0.3541	0.4231	0.3995	0.3606	0.3774	0.378	0.3708	0.3373	0.323	0.3137	0.3278	0.3113	0.415	0.2854	0.1913	0.2296
SYS2_LACPL	0.3886	0.5366	0.4988	0.4785	0.5394	0.5239	0.5792	0.5863	0.5718	0.545	0.5482	0.6351	0.6439	1.0	0.5687	0.5579	0.5762	0.5416	0.4831	0.4799	0.4988	0.463	0.4484	0.5155	0.5084	0.5155	0.5036	0.4693	0.4388	0.4822	0.481	0.4834	0.4917	0.4881	0.4621	0.4632	0.4893	0.4656	0.4632	0.4667	0.4323	0.4371	0.4133	0.4067	0.4366	0.4199	0.4372	0.4539	0.4105	0.4062	0.4575	0.4788	0.4218	0.41	0.4147	0.4153	0.3573	0.3405	0.3207	0.408	0.383	0.391	0.3688	0.3475	0.3578	0.3837	0.4135	0.3947	0.3606	0.351	0.3684	0.3756	0.3493	0.3158	0.3349	0.3373	0.3325	0.4161	0.2933	0.2058	0.2259
SYS1_LACPL	0.3951	0.5368	0.4941	0.4282	0.5	0.5168	0.5379	0.5355	0.5403	0.5142	0.5308	0.5758	0.5877	0.5687	1.0	0.5214	0.5167	0.5107	0.4493	0.4786	0.5036	0.4511	0.47	0.5	0.476	0.4784	0.47	0.4632	0.4517	0.4988	0.4821	0.4773	0.4964	0.5024	0.4822	0.4964	0.4941	0.4679	0.4632	0.4833	0.4537	0.4608	0.4584	0.4498	0.4561	0.4078	0.4734	0.4524	0.4495	0.4423	0.4442	0.4489	0.4248	0.4391	0.4272	0.4207	0.3527	0.3357	0.311	0.4204	0.3595	0.3842	0.3738	0.3595	0.3556	0.3573	0.3971	0.4048	0.3753	0.3511	0.3759	0.3614	0.3229	0.3398	0.3254	0.3112	0.3135	0.4073	0.2812	0.2044	0.2097
SYS_THETN	0.3964	0.6454	0.5653	0.5096	0.5609	0.5851	0.6351	0.6493	0.6274	0.6128	0.5613	0.6143	0.5887	0.5579	0.5214	1.0	0.6667	0.6366	0.4855	0.5461	0.53	0.5179	0.5084	0.5287	0.5191	0.4785	0.5072	0.4799	0.4519	0.5238	0.5059	0.5083	0.5024	0.5274	0.5107	0.5048	0.5357	0.5	0.5024	0.5084	0.4524	0.4667	0.4429	0.4628	0.4805	0.46	0.4614	0.4823	0.4344	0.4351	0.5296	0.5083	0.4252	0.4252	0.4157	0.4378	0.3933	0.3619	0.3262	0.4575	0.391	0.4133	0.3673	0.3626	0.3943	0.4077	0.3928	0.3852	0.3726	0.3759	0.3933	0.4173	0.3717	0.3309	0.3499	0.3664	0.3641	0.4341	0.3277	0.2094	0.2399
SYS_CLOAB	0.3799	0.5677	0.5392	0.5335	0.5779	0.5855	0.639	0.6366	0.6627	0.6176	0.5748	0.5786	0.601	0.5762	0.5167	0.6667	1.0	0.753	0.4903	0.5238	0.5084	0.4916	0.4892	0.4904	0.4736	0.4519	0.4748	0.431	0.43	0.4857	0.5263	0.512	0.5	0.4702	0.4881	0.5	0.4952	0.481	0.4786	0.4916	0.4524	0.4405	0.4048	0.4306	0.461	0.4369	0.4807	0.5048	0.4183	0.4135	0.4976	0.4762	0.3995	0.3732	0.3852	0.3976	0.3623	0.3429	0.3189	0.4727	0.3962	0.3828	0.3747	0.3675	0.3636	0.4029	0.4053	0.3783	0.3599	0.3738	0.3744	0.3744	0.3816	0.3599	0.3619	0.369	0.3619	0.4293	0.3229	0.2088	0.2509
SYS_CLOPE	0.3606	0.5521	0.5261	0.4893	0.5383	0.5649	0.6043	0.628	0.6256	0.6019	0.5521	0.5653	0.5592	0.5416	0.5107	0.6366	0.753	1.0	0.4916	0.5178	0.488	0.4881	0.4593	0.4976	0.4543	0.4399	0.4628	0.4418	0.4324	0.4656	0.5131	0.5107	0.4845	0.481	0.4846	0.4798	0.5012	0.4822	0.4822	0.4738	0.4466	0.4323	0.4228	0.4258	0.4818	0.431	0.4627	0.4941	0.4101	0.4125	0.4822	0.4727	0.4057	0.3938	0.3986	0.387	0.3663	0.3517	0.3086	0.4502	0.4024	0.3723	0.381	0.3524	0.3437	0.3852	0.3826	0.375	0.3502	0.3632	0.3783	0.3687	0.3663	0.3518	0.3515	0.3587	0.3325	0.3927	0.3221	0.1898	0.2201
SYS_LEPIN	0.3642	0.5084	0.4795	0.4879	0.4623	0.4854	0.4554	0.4795	0.4554	0.441	0.4651	0.4976	0.4867	0.4831	0.4493	0.4855	0.4903	0.4916	1.0	0.471	0.4515	0.4541	0.4662	0.467	0.4401	0.4499	0.4902	0.4203	0.4521	0.4324	0.4576	0.4431	0.4625	0.46	0.4396	0.442	0.4662	0.4541	0.4372	0.4444	0.4251	0.4058	0.4106	0.4355	0.4501	0.4431	0.4262	0.413	0.4	0.4049	0.442	0.4324	0.3874	0.385	0.3753	0.378	0.3667	0.335	0.3228	0.4	0.3559	0.3705	0.3559	0.339	0.3374	0.3471	0.3735	0.378	0.3676	0.3538	0.3431	0.3603	0.3309	0.3088	0.3164	0.3285	0.3454	0.4059	0.2902	0.1873	0.2337
SYS_SYNEL	0.3904	0.5579	0.5273	0.4869	0.4809	0.5239	0.5521	0.5308	0.5118	0.5344	0.4588	0.4929	0.5012	0.4799	0.4786	0.5461	0.5238	0.5178	0.471	1.0	0.7201	0.6905	0.6818	0.4916	0.4869	0.4773	0.4726	0.4764	0.4628	0.4941	0.4929	0.4846	0.4869	0.5071	0.4763	0.4798	0.5036	0.4537	0.4632	0.4738	0.4608	0.4394	0.4442	0.4378	0.4512	0.466	0.4686	0.4434	0.4177	0.4087	0.4847	0.5059	0.3967	0.3886	0.3768	0.4081	0.3325	0.3341	0.3246	0.3882	0.3995	0.3791	0.3617	0.3664	0.3389	0.3549	0.4111	0.3708	0.3726	0.3558	0.3565	0.3732	0.3421	0.3254	0.3467	0.3325	0.3325	0.4098	0.2988	0.1942	0.2509
SYS_ANASP	0.3933	0.5598	0.5144	0.4808	0.5	0.523	0.5502	0.5215	0.4904	0.5096	0.4785	0.518	0.4952	0.4988	0.5036	0.53	0.5084	0.488	0.4515	0.7201	1.0	0.689	0.6587	0.4818	0.4843	0.4697	0.4928	0.4785	0.4782	0.5024	0.4736	0.4808	0.4928	0.506	0.4904	0.4761	0.4904	0.4593	0.4569	0.4761	0.4665	0.4426	0.4426	0.4434	0.451	0.4488	0.4722	0.4665	0.4068	0.4116	0.4641	0.4593	0.4207	0.4183	0.4014	0.4213	0.3341	0.3398	0.3277	0.3947	0.3798	0.3566	0.3317	0.3389	0.3253	0.3446	0.3888	0.3544	0.365	0.3423	0.3811	0.3762	0.3495	0.3252	0.3429	0.3309	0.3477	0.4054	0.3002	0.1758	0.2397
SYS_SYNY3	0.386	0.5262	0.4952	0.4522	0.4591	0.4916	0.5048	0.4833	0.481	0.4929	0.4405	0.4821	0.4738	0.463	0.4511	0.5179	0.4916	0.4881	0.4541	0.6905	0.689	1.0	0.6435	0.4651	0.4771	0.4482	0.4567	0.4667	0.4539	0.4595	0.4689	0.4593	0.4593	0.4726	0.4571	0.4667	0.481	0.4548	0.4381	0.4476	0.45	0.4333	0.4381	0.4436	0.422	0.4563	0.4469	0.419	0.3952	0.3904	0.4548	0.4619	0.3789	0.3693	0.3501	0.3904	0.3382	0.3453	0.3118	0.3905	0.3493	0.3429	0.3349	0.3349	0.3237	0.3261	0.382	0.3623	0.3544	0.326	0.3608	0.368	0.3341	0.3099	0.3484	0.327	0.3365	0.402	0.306	0.1612	0.2434
SYS_SYNP7	0.419	0.5287	0.4952	0.4591	0.4517	0.4843	0.5024	0.5048	0.488	0.4856	0.4593	0.4604	0.4689	0.4484	0.47	0.5084	0.4892	0.4593	0.4662	0.6818	0.6587	0.6435	1.0	0.4964	0.477	0.4697	0.4807	0.4713	0.4463	0.488	0.4784	0.4567	0.4736	0.4796	0.4761	0.4737	0.4809	0.4617	0.4498	0.4593	0.4306	0.4139	0.4282	0.4193	0.4122	0.4466	0.4396	0.4498	0.3874	0.3801	0.433	0.4545	0.3807	0.3904	0.3904	0.4068	0.3422	0.3422	0.3287	0.3876	0.3669	0.3549	0.3541	0.3556	0.3118	0.3349	0.4181	0.3811	0.3707	0.3447	0.365	0.3601	0.326	0.3114	0.3237	0.2974	0.307	0.3744	0.2891	0.1771	0.2302
SYS_BRUME	0.4085	0.5383	0.5264	0.4469	0.5012	0.4831	0.512	0.4976	0.4857	0.4748	0.5	0.5264	0.5322	0.5155	0.5	0.5287	0.4904	0.4976	0.467	0.4916	0.4818	0.4651	0.4964	1.0	0.7405	0.7405	0.7351	0.6238	0.5314	0.5444	0.5455	0.5383	0.5516	0.5635	0.5359	0.542	0.5564	0.5707	0.554	0.5312	0.4628	0.4652	0.4604	0.4508	0.4691	0.4742	0.4572	0.4606	0.401	0.4039	0.4548	0.45	0.4125	0.4245	0.4125	0.4096	0.3438	0.351	0.3213	0.4105	0.3876	0.3477	0.3397	0.3469	0.3165	0.3422	0.3966	0.3777	0.3632	0.3796	0.3584	0.3729	0.339	0.339	0.3389	0.3341	0.3174	0.4191	0.2749	0.2125	0.2068
SYS_RHIME	0.4024	0.5215	0.4976	0.4275	0.4819	0.4903	0.5	0.4952	0.4881	0.47	0.4619	0.5192	0.5084	0.5084	0.476	0.5191	0.4736	0.4543	0.4401	0.4869	0.4843	0.4771	0.477	0.7405	1.0	0.7857	0.6993	0.6	0.5362	0.5396	0.5096	0.5239	0.53	0.5396	0.512	0.5084	0.5348	0.5588	0.5444	0.4952	0.4532	0.4676	0.446	0.4317	0.4494	0.4373	0.4548	0.4487	0.3792	0.3966	0.4381	0.4357	0.4077	0.4125	0.4029	0.4024	0.3317	0.3221	0.2974	0.3819	0.3636	0.3525	0.3469	0.3517	0.3118	0.3665	0.382	0.339	0.3705	0.3528	0.3462	0.3511	0.3487	0.3196	0.3365	0.3198	0.3126	0.4093	0.2798	0.2234	0.2218
SYS_AGRT5	0.3811	0.5191	0.4928	0.4203	0.4795	0.4734	0.4856	0.4785	0.4667	0.4556	0.4643	0.5192	0.5084	0.5155	0.4784	0.4785	0.4519	0.4399	0.4499	0.4773	0.4697	0.4482	0.4697	0.7405	0.7857	1.0	0.7208	0.5929	0.5266	0.5204	0.5191	0.5144	0.5372	0.5228	0.4976	0.5036	0.5276	0.5372	0.518	0.4856	0.4412	0.4293	0.4293	0.4149	0.4617	0.43	0.4474	0.4415	0.3889	0.4039	0.419	0.4167	0.4029	0.4053	0.3909	0.3855	0.3196	0.3221	0.295	0.3771	0.3565	0.3453	0.3373	0.3349	0.2974	0.3422	0.3869	0.3462	0.3632	0.3382	0.3414	0.3462	0.3269	0.3002	0.3317	0.3222	0.3126	0.3995	0.2652	0.1905	0.1992
SYS_RHILO	0.3933	0.5394	0.5012	0.4386	0.4952	0.4867	0.494	0.4797	0.4786	0.4617	0.4762	0.5036	0.5095	0.5036	0.47	0.5072	0.4748	0.4628	0.4902	0.4726	0.4928	0.4567	0.4807	0.7351	0.6993	0.7208	1.0	0.5976	0.5121	0.5215	0.5311	0.5144	0.5335	0.5311	0.5107	0.5096	0.5263	0.5359	0.5335	0.494	0.445	0.4282	0.433	0.4211	0.4606	0.4461	0.4488	0.4391	0.3865	0.3908	0.4333	0.4262	0.4197	0.4293	0.4101	0.4024	0.3317	0.3221	0.2974	0.4105	0.3589	0.3429	0.3421	0.3493	0.3094	0.3293	0.3747	0.3511	0.368	0.3528	0.3559	0.3608	0.3341	0.3099	0.3413	0.3174	0.3174	0.423	0.267	0.1941	0.2105
SYS_CAUCR	0.3784	0.4894	0.4917	0.3938	0.4678	0.4368	0.4586	0.4657	0.4612	0.4526	0.4471	0.4632	0.4788	0.4693	0.4632	0.4799	0.431	0.4418	0.4203	0.4764	0.4785	0.4667	0.4713	0.6238	0.6	0.5929	0.5976	1.0	0.5204	0.5213	0.5343	0.5201	0.5237	0.5154	0.5035	0.519	0.5166	0.5569	0.5213	0.4964	0.4645	0.4597	0.4455	0.42	0.4439	0.4199	0.4324	0.441	0.3962	0.4014	0.4141	0.4071	0.3934	0.41	0.4005	0.3738	0.3158	0.3373	0.2749	0.375	0.3452	0.3341	0.3168	0.3499	0.2986	0.3261	0.3702	0.3301	0.3269	0.3438	0.3517	0.3397	0.3158	0.3206	0.3019	0.316	0.2995	0.4039	0.274	0.1942	0.203
SYS_RICCN	0.37	0.476	0.4783	0.4039	0.4442	0.4574	0.4567	0.4543	0.433	0.4313	0.432	0.4638	0.47	0.4388	0.4517	0.4519	0.43	0.4324	0.4521	0.4628	0.4782	0.4539	0.4463	0.5314	0.5362	0.5266	0.5121	0.5204	1.0	0.4783	0.4675	0.4736	0.4855	0.4686	0.4771	0.4734	0.4783	0.4758	0.4807	0.4794	0.4589	0.4662	0.4251	0.431	0.4491	0.4296	0.4499	0.4231	0.3956	0.4108	0.3852	0.3852	0.3957	0.3852	0.378	0.3592	0.335	0.3043	0.2795	0.3971	0.3381	0.3678	0.3405	0.3357	0.3173	0.3537	0.3439	0.3187	0.3325	0.3244	0.368	0.3584	0.322	0.3148	0.3014	0.3182	0.3158	0.3707	0.2714	0.1769	0.2268
SYS_PSEAE	0.4182	0.5724	0.5297	0.4558	0.5144	0.4772	0.5332	0.5379	0.5332	0.5237	0.5024	0.5534	0.5332	0.4822	0.4988	0.5238	0.4857	0.4656	0.4324	0.4941	0.5024	0.4595	0.488	0.5444	0.5396	0.5204	0.5215	0.5213	0.4783	1.0	0.6524	0.65	0.6548	0.6675	0.6659	0.6256	0.6303	0.6469	0.628	0.5962	0.5261	0.5308	0.5118	0.5084	0.4732	0.4709	0.4541	0.4608	0.3894	0.3846	0.4526	0.455	0.4177	0.4177	0.4153	0.4197	0.3253	0.3254	0.2936	0.3943	0.3667	0.3699	0.3476	0.3286	0.3246	0.3621	0.4116	0.3759	0.3559	0.3487	0.3373	0.3422	0.3398	0.3133	0.3302	0.3112	0.3135	0.3854	0.2909	0.1927	0.2239
SYS_RALSO	0.4157	0.5463	0.5537	0.4916	0.4916	0.4737	0.5226	0.5487	0.5296	0.5167	0.5319	0.5656	0.5592	0.481	0.4821	0.5059	0.5263	0.5131	0.4576	0.4929	0.4736	0.4689	0.4784	0.5455	0.5096	0.5191	0.5311	0.5343	0.4675	0.6524	1.0	0.7494	0.6896	0.6301	0.6223	0.6143	0.6619	0.6476	0.6071	0.5919	0.5095	0.481	0.5	0.4796	0.4645	0.4769	0.466	0.5047	0.4005	0.4106	0.4634	0.4799	0.4252	0.4062	0.4181	0.4153	0.3333	0.3381	0.2993	0.391	0.3539	0.3254	0.3397	0.3207	0.3238	0.359	0.4193	0.3885	0.3614	0.3373	0.3582	0.3582	0.3389	0.3077	0.3246	0.3152	0.3033	0.3927	0.2681	0.1812	0.2193
SYS_BURCE	0.3825	0.5677	0.5251	0.4892	0.5324	0.4904	0.5249	0.5154	0.5343	0.5167	0.5236	0.5752	0.5474	0.4834	0.4773	0.5083	0.512	0.5107	0.4431	0.4846	0.4808	0.4593	0.4567	0.5383	0.5239	0.5144	0.5144	0.5201	0.4736	0.65	0.7494	1.0	0.6801	0.6468	0.6176	0.5976	0.6238	0.6595	0.6381	0.5871	0.5	0.4905	0.4905	0.4772	0.4719	0.4793	0.4636	0.4763	0.4029	0.3937	0.446	0.439	0.4157	0.4076	0.3995	0.3747	0.3285	0.3349	0.2877	0.3788	0.3593	0.3412	0.3514	0.3231	0.3381	0.3735	0.4062	0.3765	0.3783	0.3565	0.3628	0.3693	0.3604	0.3389	0.3271	0.3341	0.3153	0.3659	0.285	0.1971	0.2342
SYS_NEIMA	0.4048	0.5606	0.5107	0.4964	0.5252	0.4737	0.5249	0.5107	0.5261	0.4929	0.5071	0.537	0.5521	0.4917	0.4964	0.5024	0.5	0.4845	0.4625	0.4869	0.4928	0.4593	0.4736	0.5516	0.53	0.5372	0.5335	0.5237	0.4855	0.6548	0.6896	0.6801	1.0	0.6492	0.6437	0.6214	0.631	0.5833	0.5714	0.568	0.5167	0.519	0.5048	0.4892	0.4792	0.5085	0.4806	0.4964	0.4135	0.4179	0.4526	0.4455	0.4119	0.4024	0.3976	0.3923	0.351	0.3437	0.2976	0.3943	0.35	0.3714	0.35	0.3429	0.3222	0.3639	0.4179	0.387	0.3599	0.3696	0.3711	0.3735	0.3349	0.3277	0.3492	0.3088	0.3064	0.3976	0.2754	0.1855	0.2201
SYS_ECOLI	0.386	0.5595	0.5214	0.4761	0.482	0.4736	0.5321	0.5202	0.5249	0.5321	0.5226	0.5619	0.5606	0.4881	0.5024	0.5274	0.4702	0.481	0.46	0.5071	0.506	0.4726	0.4796	0.5635	0.5396	0.5228	0.5311	0.5154	0.4686	0.6675	0.6301	0.6468	0.6492	1.0	0.7815	0.7221	0.6983	0.6342	0.6081	0.6024	0.5914	0.5962	0.5677	0.5728	0.4866	0.4696	0.4818	0.4714	0.3976	0.3952	0.4561	0.4418	0.4019	0.4043	0.4067	0.3966	0.3261	0.3189	0.2919	0.3667	0.3413	0.3565	0.3413	0.3174	0.3301	0.3341	0.4126	0.3599	0.3511	0.3641	0.3406	0.3478	0.3478	0.3092	0.3357	0.3071	0.3	0.3976	0.2892	0.2044	0.2584
SYS_HAEIN	0.3656	0.5379	0.4822	0.4511	0.4749	0.4904	0.5012	0.4988	0.5059	0.5	0.5083	0.5321	0.5437	0.4621	0.4822	0.5107	0.4881	0.4846	0.4396	0.4763	0.4904	0.4571	0.4761	0.5359	0.512	0.4976	0.5107	0.5035	0.4771	0.6659	0.6223	0.6176	0.6437	0.7815	1.0	0.6991	0.7062	0.6114	0.5853	0.5796	0.5758	0.5735	0.545	0.5585	0.4707	0.4854	0.4444	0.4905	0.4029	0.3846	0.4184	0.4161	0.3905	0.4024	0.3881	0.378	0.3149	0.3103	0.281	0.3436	0.3373	0.3381	0.3349	0.3112	0.3048	0.3189	0.3671	0.3606	0.3454	0.3333	0.3389	0.3365	0.3389	0.3029	0.327	0.2915	0.2962	0.3966	0.2668	0.1957	0.2565
SYS_VIBCH	0.3758	0.5107	0.5012	0.4535	0.4737	0.4604	0.5166	0.5166	0.5403	0.5047	0.5142	0.5297	0.5332	0.4632	0.4964	0.5048	0.5	0.4798	0.442	0.4798	0.4761	0.4667	0.4737	0.542	0.5084	0.5036	0.5096	0.519	0.4734	0.6256	0.6143	0.5976	0.6214	0.7221	0.6991	1.0	0.6991	0.5924	0.5545	0.5511	0.5711	0.5806	0.5545	0.5418	0.4585	0.4636	0.4614	0.4727	0.3966	0.3798	0.4313	0.4289	0.3819	0.3986	0.3819	0.3789	0.3181	0.3182	0.2649	0.3753	0.3476	0.358	0.3524	0.3048	0.3103	0.3573	0.368	0.3373	0.3293	0.3269	0.3639	0.3614	0.3181	0.3133	0.3088	0.2922	0.2874	0.3878	0.2692	0.1782	0.2351
SYS_SHEON	0.397	0.5558	0.5202	0.4582	0.4904	0.4892	0.5284	0.5332	0.5403	0.5284	0.5237	0.5724	0.5711	0.4893	0.4941	0.5357	0.4952	0.5012	0.4662	0.5036	0.4904	0.481	0.4809	0.5564	0.5348	0.5276	0.5263	0.5166	0.4783	0.6303	0.6619	0.6238	0.631	0.6983	0.7062	0.6991	1.0	0.6185	0.59	0.5677	0.5474	0.5569	0.5687	0.5179	0.478	0.4733	0.4638	0.5036	0.4038	0.3846	0.4431	0.4621	0.3986	0.4081	0.4033	0.3933	0.3422	0.3086	0.3007	0.3634	0.3214	0.358	0.331	0.3	0.3294	0.3549	0.3801	0.3904	0.3608	0.3487	0.3398	0.3446	0.3325	0.3012	0.3135	0.2993	0.2898	0.3878	0.2957	0.1745	0.2612
SYS_XANAC	0.3848	0.5178	0.4941	0.4511	0.4785	0.4556	0.5071	0.4882	0.5142	0.4976	0.4976	0.5226	0.5332	0.4656	0.4679	0.5	0.481	0.4822	0.4541	0.4537	0.4593	0.4548	0.4617	0.5707	0.5588	0.5372	0.5359	0.5569	0.4758	0.6469	0.6476	0.6595	0.5833	0.6342	0.6114	0.5924	0.6185	1.0	0.782	0.5796	0.4882	0.4739	0.4692	0.4487	0.478	0.4563	0.4493	0.4703	0.4014	0.399	0.4289	0.4336	0.3938	0.3866	0.3866	0.3765	0.3181	0.3254	0.2959	0.3705	0.3643	0.3294	0.3286	0.319	0.3126	0.3429	0.4044	0.3735	0.3632	0.3511	0.3542	0.3446	0.3422	0.3133	0.3254	0.3302	0.3135	0.3829	0.2668	0.2145	0.2201
SYS_XYLFA	0.3636	0.4964	0.4679	0.4344	0.4737	0.4341	0.4882	0.4763	0.481	0.4692	0.481	0.5012	0.5095	0.4632	0.4632	0.5024	0.4786	0.4822	0.4372	0.4632	0.4569	0.4381	0.4498	0.554	0.5444	0.518	0.5335	0.5213	0.4807	0.628	0.6071	0.6381	0.5714	0.6081	0.5853	0.5545	0.59	0.782	1.0	0.5819	0.4787	0.4834	0.4573	0.4487	0.478	0.4587	0.4517	0.4656	0.4038	0.375	0.4123	0.4194	0.3771	0.3652	0.3723	0.3789	0.3373	0.3349	0.2768	0.3634	0.3548	0.327	0.3262	0.3167	0.315	0.3429	0.3801	0.3639	0.3535	0.3196	0.3325	0.3446	0.3446	0.306	0.3302	0.323	0.304	0.3732	0.2885	0.2073	0.2127
SYS_COXBU	0.3982	0.5381	0.531	0.4522	0.518	0.4784	0.5107	0.4964	0.4941	0.5012	0.4869	0.4929	0.4941	0.4667	0.4833	0.5084	0.4916	0.4738	0.4444	0.4738	0.4761	0.4476	0.4593	0.5312	0.4952	0.4856	0.494	0.4964	0.4794	0.5962	0.5919	0.5871	0.568	0.6024	0.5796	0.5511	0.5677	0.5796	0.5819	1.0	0.4964	0.5107	0.4893	0.4976	0.4659	0.4466	0.4541	0.4833	0.4169	0.4096	0.4299	0.4181	0.3804	0.3708	0.3589	0.3918	0.343	0.3333	0.2823	0.3857	0.3532	0.3469	0.3389	0.327	0.3325	0.3357	0.3714	0.3744	0.3665	0.3398	0.3454	0.343	0.3285	0.3164	0.3357	0.3095	0.3071	0.3961	0.3053	0.1679	0.2434
SYS_BUCAP	0.3697	0.4964	0.4442	0.4105	0.445	0.4556	0.4597	0.4645	0.4763	0.4408	0.4739	0.4537	0.4763	0.4323	0.4537	0.4524	0.4524	0.4466	0.4251	0.4608	0.4665	0.45	0.4306	0.4628	0.4532	0.4412	0.445	0.4645	0.4589	0.5261	0.5095	0.5	0.5167	0.5914	0.5758	0.5711	0.5474	0.4882	0.4787	0.4964	1.0	0.7346	0.5806	0.5537	0.4415	0.4223	0.4493	0.4442	0.4087	0.4111	0.3768	0.3768	0.3819	0.3771	0.3747	0.3381	0.347	0.311	0.2936	0.3515	0.3262	0.3461	0.3476	0.3214	0.3222	0.3333	0.3245	0.2867	0.2978	0.2954	0.3301	0.3133	0.3012	0.2964	0.3112	0.2993	0.3159	0.4073	0.2692	0.1855	0.2164
SYS_BUCAI	0.3606	0.4751	0.4323	0.401	0.4474	0.4412	0.4787	0.4716	0.4882	0.4526	0.436	0.4608	0.4739	0.4371	0.4608	0.4667	0.4405	0.4323	0.4058	0.4394	0.4426	0.4333	0.4139	0.4652	0.4676	0.4293	0.4282	0.4597	0.4662	0.5308	0.481	0.4905	0.519	0.5962	0.5735	0.5806	0.5569	0.4739	0.4834	0.5107	0.7346	1.0	0.59	0.5537	0.4317	0.4078	0.4469	0.4347	0.4014	0.4014	0.3744	0.3697	0.3747	0.3723	0.3675	0.3309	0.3422	0.2799	0.284	0.3444	0.3214	0.3294	0.3214	0.2976	0.2959	0.3213	0.3245	0.2916	0.3002	0.3051	0.3157	0.3084	0.3108	0.2892	0.2922	0.2732	0.285	0.4049	0.2572	0.1927	0.2127
SYS_BUCBP	0.3485	0.5036	0.4442	0.3938	0.433	0.4269	0.4834	0.455	0.4692	0.4502	0.4408	0.4561	0.4597	0.4133	0.4584	0.4429	0.4048	0.4228	0.4106	0.4442	0.4426	0.4381	0.4282	0.4604	0.446	0.4293	0.433	0.4455	0.4251	0.5118	0.5	0.4905	0.5048	0.5677	0.545	0.5545	0.5687	0.4692	0.4573	0.4893	0.5806	0.59	1.0	0.5513	0.4049	0.4296	0.4155	0.4442	0.3822	0.3846	0.3815	0.3791	0.3628	0.3652	0.3461	0.3118	0.3084	0.2967	0.2792	0.3278	0.2952	0.3246	0.3262	0.2857	0.3126	0.3165	0.3366	0.306	0.3075	0.3027	0.3181	0.3229	0.3084	0.2771	0.285	0.266	0.2732	0.3976	0.25	0.1709	0.1978
SYS_WIGBR	0.3394	0.4737	0.445	0.4207	0.4602	0.442	0.4415	0.4463	0.4558	0.4439	0.4654	0.4522	0.4511	0.4067	0.4498	0.4628	0.4306	0.4258	0.4355	0.4378	0.4434	0.4436	0.4193	0.4508	0.4317	0.4149	0.4211	0.42	0.431	0.5084	0.4796	0.4772	0.4892	0.5728	0.5585	0.5418	0.5179	0.4487	0.4487	0.4976	0.5537	0.5537	0.5513	1.0	0.4398	0.4425	0.4477	0.4593	0.4044	0.4092	0.3771	0.3723	0.3702	0.3534	0.3582	0.3333	0.3471	0.2916	0.2668	0.3612	0.307	0.3413	0.3525	0.3022	0.2957	0.3357	0.3073	0.2961	0.284	0.2927	0.3155	0.3131	0.3058	0.301	0.3086	0.2847	0.3038	0.4303	0.3075	0.1875	0.2377
SYS_CAMJE	0.3889	0.4818	0.4526	0.4363	0.4619	0.4852	0.4769	0.4745	0.4818	0.4574	0.4866	0.4927	0.4866	0.4366	0.4561	0.4805	0.461	0.4818	0.4501	0.4512	0.451	0.422	0.4122	0.4691	0.4494	0.4617	0.4606	0.4439	0.4491	0.4732	0.4645	0.4719	0.4792	0.4866	0.4707	0.4585	0.478	0.478	0.478	0.4659	0.4415	0.4317	0.4049	0.4398	1.0	0.5721	0.4474	0.4488	0.4261	0.4409	0.4098	0.422	0.4034	0.3936	0.3888	0.3756	0.3827	0.3333	0.326	0.3747	0.3674	0.3698	0.3358	0.3463	0.3415	0.3799	0.3827	0.3725	0.3571	0.3556	0.3465	0.3441	0.3416	0.3218	0.3512	0.3488	0.3463	0.42	0.298	0.1835	0.2184
SYS_HELPJ	0.3901	0.4939	0.4286	0.4195	0.4268	0.4559	0.4576	0.4358	0.4552	0.4286	0.4576	0.4587	0.4479	0.4199	0.4078	0.46	0.4369	0.431	0.4431	0.466	0.4488	0.4563	0.4466	0.4742	0.4373	0.43	0.4461	0.4199	0.4296	0.4709	0.4769	0.4793	0.5085	0.4696	0.4854	0.4636	0.4733	0.4563	0.4587	0.4466	0.4223	0.4078	0.4296	0.4425	0.5721	1.0	0.4696	0.4854	0.4216	0.4093	0.3592	0.3592	0.3869	0.3869	0.3601	0.3407	0.3391	0.3341	0.2829	0.3656	0.3041	0.3309	0.3285	0.3066	0.3073	0.3415	0.3892	0.3627	0.3448	0.3556	0.3202	0.3276	0.3276	0.2931	0.3155	0.3083	0.3058	0.4119	0.2574	0.1429	0.2346
SYS_UREPA	0.3877	0.506	0.4843	0.4223	0.4647	0.445	0.4916	0.4867	0.4843	0.4675	0.4843	0.4855	0.4771	0.4372	0.4734	0.4614	0.4807	0.4627	0.4262	0.4686	0.4722	0.4469	0.4396	0.4572	0.4548	0.4474	0.4488	0.4324	0.4499	0.4541	0.466	0.4636	0.4806	0.4818	0.4444	0.4614	0.4638	0.4493	0.4517	0.4541	0.4493	0.4469	0.4155	0.4477	0.4474	0.4696	1.0	0.5628	0.4732	0.4854	0.401	0.372	0.4058	0.3986	0.401	0.3545	0.3317	0.3236	0.2676	0.3855	0.3317	0.3689	0.3535	0.3123	0.3228	0.3447	0.3571	0.3325	0.3391	0.3473	0.3309	0.3186	0.348	0.3186	0.3237	0.3188	0.3164	0.4444	0.2878	0.171	0.1901
SYS_MYCPE	0.3784	0.4799	0.4584	0.4177	0.4809	0.4641	0.4834	0.5024	0.5354	0.4988	0.5142	0.5	0.5201	0.4539	0.4524	0.4823	0.5048	0.4941	0.413	0.4434	0.4665	0.419	0.4498	0.4606	0.4487	0.4415	0.4391	0.441	0.4231	0.4608	0.5047	0.4763	0.4964	0.4714	0.4905	0.4727	0.5036	0.4703	0.4656	0.4833	0.4442	0.4347	0.4442	0.4593	0.4488	0.4854	0.5628	1.0	0.4821	0.4832	0.4057	0.3915	0.3824	0.3705	0.361	0.3413	0.3589	0.3159	0.2589	0.3703	0.3507	0.3705	0.3389	0.3199	0.3088	0.3405	0.3373	0.3254	0.3173	0.3301	0.3333	0.3141	0.3261	0.3237	0.3286	0.3144	0.3002	0.4195	0.2988	0.1516	0.2214
SYS_MYCPN	0.3524	0.4344	0.4197	0.3913	0.4106	0.414	0.4354	0.4378	0.4405	0.4341	0.4262	0.4255	0.4368	0.4105	0.4495	0.4344	0.4183	0.4101	0.4	0.4177	0.4068	0.3952	0.3874	0.401	0.3792	0.3889	0.3865	0.3962	0.3956	0.3894	0.4005	0.4029	0.4135	0.3976	0.4029	0.3966	0.4038	0.4014	0.4038	0.4169	0.4087	0.4014	0.3822	0.4044	0.4261	0.4216	0.4732	0.4821	1.0	0.7914	0.3532	0.3365	0.3837	0.3717	0.3597	0.3406	0.3494	0.323	0.274	0.3595	0.323	0.3621	0.3421	0.3325	0.307	0.3148	0.3309	0.3406	0.3058	0.3212	0.2954	0.3051	0.276	0.2954	0.2792	0.2864	0.2912	0.4093	0.2701	0.163	0.1852
SYS_MYCGE	0.3617	0.4365	0.4149	0.3889	0.4189	0.4185	0.4269	0.4245	0.4245	0.4317	0.4149	0.4159	0.4317	0.4062	0.4423	0.4351	0.4135	0.4125	0.4049	0.4087	0.4116	0.3904	0.3801	0.4039	0.3966	0.4039	0.3908	0.4014	0.4108	0.3846	0.4106	0.3937	0.4179	0.3952	0.3846	0.3798	0.3846	0.399	0.375	0.4096	0.4111	0.4014	0.3846	0.4092	0.4409	0.4093	0.4854	0.4832	0.7914	1.0	0.3438	0.3245	0.3816	0.3454	0.3454	0.3455	0.3398	0.3157	0.2736	0.3477	0.3205	0.3599	0.3398	0.3253	0.3019	0.3341	0.3235	0.3285	0.2958	0.3137	0.3024	0.2927	0.278	0.2878	0.2837	0.2981	0.3149	0.3931	0.2555	0.1832	0.2022
SYS_HALMA	0.3814	0.4941	0.4774	0.4749	0.4511	0.4869	0.5012	0.5059	0.5012	0.5213	0.4343	0.5012	0.4646	0.4575	0.4442	0.5296	0.4976	0.4822	0.442	0.4847	0.4641	0.4548	0.433	0.4548	0.4381	0.419	0.4333	0.4141	0.3852	0.4526	0.4634	0.446	0.4526	0.4561	0.4184	0.4313	0.4431	0.4289	0.4123	0.4299	0.3768	0.3744	0.3815	0.3771	0.4098	0.3592	0.401	0.4057	0.3532	0.3438	1.0	0.79	0.3981	0.3995	0.3915	0.4048	0.3421	0.3389	0.3218	0.407	0.3506	0.3452	0.3208	0.3208	0.3286	0.3597	0.4101	0.3636	0.375	0.3628	0.3444	0.3508	0.3271	0.3088	0.3162	0.3185	0.3044	0.365	0.3005	0.2096	0.2399
SYS_HALN1	0.3904	0.4704	0.4608	0.4916	0.4296	0.4821	0.5012	0.4965	0.4894	0.5024	0.4296	0.4679	0.4764	0.4788	0.4489	0.5083	0.4762	0.4727	0.4324	0.5059	0.4593	0.4619	0.4545	0.45	0.4357	0.4167	0.4262	0.4071	0.3852	0.455	0.4799	0.439	0.4455	0.4418	0.4161	0.4289	0.4621	0.4336	0.4194	0.4181	0.3768	0.3697	0.3791	0.3723	0.422	0.3592	0.372	0.3915	0.3365	0.3245	0.79	1.0	0.3957	0.3877	0.3986	0.3905	0.3421	0.3389	0.331	0.3884	0.3694	0.3522	0.3349	0.3208	0.3333	0.3621	0.4125	0.366	0.363	0.3294	0.3397	0.3484	0.3318	0.3135	0.3208	0.2998	0.2881	0.3455	0.2981	0.1821	0.2177
SYS_CHLCV	0.4054	0.4561	0.4391	0.4207	0.3957	0.4029	0.4038	0.4133	0.409	0.4024	0.4066	0.4368	0.4313	0.4218	0.4248	0.4252	0.3995	0.4057	0.3874	0.3967	0.4207	0.3789	0.3807	0.4125	0.4077	0.4029	0.4197	0.3934	0.3957	0.4177	0.4252	0.4157	0.4119	0.4019	0.3905	0.3819	0.3986	0.3938	0.3771	0.3804	0.3819	0.3747	0.3628	0.3702	0.4034	0.3869	0.4058	0.3824	0.3837	0.3816	0.3981	0.3957	1.0	0.7967	0.7636	0.3923	0.3612	0.3604	0.3405	0.3886	0.3563	0.3207	0.3492	0.3183	0.3238	0.3518	0.3735	0.3765	0.3518	0.3398	0.363	0.3462	0.3053	0.2788	0.3081	0.3128	0.3128	0.3689	0.2778	0.1986	0.2111
SYS_CHLPN	0.3994	0.4513	0.4177	0.4207	0.3741	0.3981	0.4109	0.4038	0.4137	0.4071	0.4033	0.4344	0.4313	0.41	0.4391	0.4252	0.3732	0.3938	0.385	0.3886	0.4183	0.3693	0.3904	0.4245	0.4125	0.4053	0.4293	0.41	0.3852	0.4177	0.4062	0.4076	0.4024	0.4043	0.4024	0.3986	0.4081	0.3866	0.3652	0.3708	0.3771	0.3723	0.3652	0.3534	0.3936	0.3869	0.3986	0.3705	0.3717	0.3454	0.3995	0.3877	0.7967	1.0	0.7382	0.3828	0.3589	0.369	0.342	0.3806	0.3436	0.3318	0.3483	0.3199	0.3325	0.3422	0.3726	0.3645	0.3614	0.3389	0.3501	0.3525	0.3118	0.2926	0.305	0.3026	0.3239	0.3665	0.2995	0.1978	0.1926
SYS_CHLMU	0.4114	0.4371	0.4129	0.4038	0.3741	0.3885	0.4062	0.4062	0.4043	0.4119	0.3962	0.4272	0.4147	0.4147	0.4272	0.4157	0.3852	0.3986	0.3753	0.3768	0.4014	0.3501	0.3904	0.4125	0.4029	0.3909	0.4101	0.4005	0.378	0.4153	0.4181	0.3995	0.3976	0.4067	0.3881	0.3819	0.4033	0.3866	0.3723	0.3589	0.3747	0.3675	0.3461	0.3582	0.3888	0.3601	0.401	0.361	0.3597	0.3454	0.3915	0.3986	0.7636	0.7382	1.0	0.3852	0.3397	0.3667	0.3318	0.3844	0.3381	0.3365	0.3404	0.3097	0.3246	0.3205	0.3582	0.3597	0.3687	0.3094	0.3445	0.3309	0.299	0.2943	0.2948	0.2995	0.2948	0.3714	0.2995	0.2186	0.2148
SYS_DEIRA	0.5556	0.433	0.4543	0.3986	0.413	0.3783	0.4019	0.4234	0.3833	0.4053	0.3714	0.4062	0.3986	0.4153	0.4207	0.4378	0.3976	0.387	0.378	0.4081	0.4213	0.3904	0.4068	0.4096	0.4024	0.3855	0.4024	0.3738	0.3592	0.4197	0.4153	0.3747	0.3923	0.3966	0.378	0.3789	0.3933	0.3765	0.3789	0.3918	0.3381	0.3309	0.3118	0.3333	0.3756	0.3407	0.3545	0.3413	0.3406	0.3455	0.4048	0.3905	0.3923	0.3828	0.3852	1.0	0.3744	0.3957	0.3373	0.4224	0.4024	0.3762	0.3524	0.3604	0.3604	0.3374	0.4275	0.4111	0.4058	0.3575	0.3608	0.3559	0.3172	0.3099	0.327	0.315	0.3103	0.3514	0.2798	0.1805	0.2148
SYS_BORBU	0.3645	0.3669	0.3711	0.3656	0.3762	0.3406	0.3365	0.3702	0.3732	0.347	0.3684	0.3551	0.3573	0.3573	0.3527	0.3933	0.3623	0.3663	0.3667	0.3325	0.3341	0.3382	0.3422	0.3438	0.3317	0.3196	0.3317	0.3158	0.335	0.3253	0.3333	0.3285	0.351	0.3261	0.3149	0.3181	0.3422	0.3181	0.3373	0.343	0.347	0.3422	0.3084	0.3471	0.3827	0.3391	0.3317	0.3589	0.3494	0.3398	0.3421	0.3421	0.3612	0.3589	0.3397	0.3744	1.0	0.5144	0.3798	0.4426	0.399	0.3798	0.3798	0.387	0.3663	0.3869	0.3805	0.3923	0.3674	0.3732	0.3455	0.3552	0.3309	0.3382	0.3094	0.3309	0.3333	0.3203	0.3667	0.1855	0.1933
SYS_TREPA	0.4054	0.3452	0.3541	0.3486	0.3494	0.3221	0.3389	0.3413	0.3729	0.3445	0.3531	0.3405	0.3214	0.3405	0.3357	0.3619	0.3429	0.3517	0.335	0.3341	0.3398	0.3453	0.3422	0.351	0.3221	0.3221	0.3221	0.3373	0.3043	0.3254	0.3381	0.3349	0.3437	0.3189	0.3103	0.3182	0.3086	0.3254	0.3349	0.3333	0.311	0.2799	0.2967	0.2916	0.3333	0.3341	0.3236	0.3159	0.323	0.3157	0.3389	0.3389	0.3604	0.369	0.3667	0.3957	0.5144	1.0	0.3548	0.41	0.3667	0.3429	0.3381	0.3667	0.3365	0.3575	0.372	0.3678	0.3768	0.3454	0.3446	0.3614	0.3205	0.306	0.3183	0.3159	0.3159	0.2878	0.3325	0.1949	0.1704
SYSM_BOVIN	0.3705	0.3214	0.3278	0.2981	0.2957	0.3237	0.3143	0.3238	0.3009	0.3246	0.3026	0.3206	0.2874	0.3207	0.311	0.3262	0.3189	0.3086	0.3228	0.3246	0.3277	0.3118	0.3287	0.3213	0.2974	0.295	0.2974	0.2749	0.2795	0.2936	0.2993	0.2877	0.2976	0.2919	0.281	0.2649	0.3007	0.2959	0.2768	0.2823	0.2936	0.284	0.2792	0.2668	0.326	0.2829	0.2676	0.2589	0.274	0.2736	0.3218	0.331	0.3405	0.342	0.3318	0.3373	0.3798	0.3548	1.0	0.3466	0.3002	0.3026	0.2934	0.3201	0.3012	0.314	0.3654	0.3453	0.347	0.3134	0.2967	0.3101	0.278	0.2727	0.2807	0.2807	0.2877	0.2714	0.3246	0.2034	0.2037
SYS_PYRAB	0.4144	0.4458	0.481	0.4248	0.4129	0.39	0.409	0.435	0.44	0.4194	0.4178	0.4014	0.4057	0.408	0.4204	0.4575	0.4727	0.4502	0.4	0.3882	0.3947	0.3905	0.3876	0.4105	0.3819	0.3771	0.4105	0.375	0.3971	0.3943	0.391	0.3788	0.3943	0.3667	0.3436	0.3753	0.3634	0.3705	0.3634	0.3857	0.3515	0.3444	0.3278	0.3612	0.3747	0.3656	0.3855	0.3703	0.3595	0.3477	0.407	0.3884	0.3886	0.3806	0.3844	0.4224	0.4426	0.41	0.3466	1.0	0.5529	0.5461	0.5176	0.5059	0.5047	0.4976	0.4269	0.4033	0.4053	0.4224	0.4418	0.4511	0.4198	0.3824	0.4075	0.4075	0.4005	0.3577	0.3654	0.1873	0.2399
SYS_ARCFU	0.3754	0.4123	0.419	0.3693	0.3995	0.3789	0.3886	0.4242	0.3797	0.3848	0.3624	0.3643	0.3735	0.383	0.3595	0.391	0.3962	0.4024	0.3559	0.3995	0.3798	0.3493	0.3669	0.3876	0.3636	0.3565	0.3589	0.3452	0.3381	0.3667	0.3539	0.3593	0.35	0.3413	0.3373	0.3476	0.3214	0.3643	0.3548	0.3532	0.3262	0.3214	0.2952	0.307	0.3674	0.3041	0.3317	0.3507	0.323	0.3205	0.3506	0.3694	0.3563	0.3436	0.3381	0.4024	0.399	0.3667	0.3002	0.5529	1.0	0.5694	0.5574	0.554	0.5329	0.4832	0.4019	0.3747	0.3621	0.3837	0.4606	0.4545	0.4224	0.4248	0.4094	0.4141	0.4024	0.2927	0.3245	0.1964	0.2103
SYS_SULTO	0.3754	0.4204	0.3819	0.3534	0.4029	0.3621	0.3682	0.38	0.3924	0.369	0.3892	0.3628	0.3791	0.391	0.3842	0.4133	0.3828	0.3723	0.3705	0.3791	0.3566	0.3429	0.3549	0.3477	0.3525	0.3453	0.3429	0.3341	0.3678	0.3699	0.3254	0.3412	0.3714	0.3565	0.3381	0.358	0.358	0.3294	0.327	0.3469	0.3461	0.3294	0.3246	0.3413	0.3698	0.3309	0.3689	0.3705	0.3621	0.3599	0.3452	0.3522	0.3207	0.3318	0.3365	0.3762	0.3798	0.3429	0.3026	0.5461	0.5694	1.0	0.784	0.6518	0.6024	0.441	0.3804	0.3699	0.3405	0.3654	0.4245	0.4221	0.4149	0.3741	0.3688	0.3759	0.3546	0.3268	0.3077	0.1871	0.2148
SYS_SULSO	0.3634	0.3981	0.3714	0.3381	0.3852	0.3525	0.3507	0.372	0.375	0.3658	0.3765	0.3476	0.3641	0.3688	0.3738	0.3673	0.3747	0.381	0.3559	0.3617	0.3317	0.3349	0.3541	0.3397	0.3469	0.3373	0.3421	0.3168	0.3405	0.3476	0.3397	0.3514	0.35	0.3413	0.3349	0.3524	0.331	0.3286	0.3262	0.3389	0.3476	0.3214	0.3262	0.3525	0.3358	0.3285	0.3535	0.3389	0.3421	0.3398	0.3208	0.3349	0.3492	0.3483	0.3404	0.3524	0.3798	0.3381	0.2934	0.5176	0.5574	0.784	1.0	0.6177	0.5641	0.4543	0.3708	0.3628	0.3333	0.3421	0.4238	0.4091	0.3872	0.3619	0.3709	0.3615	0.3451	0.3244	0.2878	0.2021	0.2103
SYS_AERPE	0.3814	0.372	0.3929	0.3237	0.3325	0.3477	0.3365	0.3531	0.3491	0.3444	0.3553	0.3143	0.3522	0.3475	0.3595	0.3626	0.3675	0.3524	0.339	0.3664	0.3389	0.3349	0.3556	0.3469	0.3517	0.3349	0.3493	0.3499	0.3357	0.3286	0.3207	0.3231	0.3429	0.3174	0.3112	0.3048	0.3	0.319	0.3167	0.327	0.3214	0.2976	0.2857	0.3022	0.3463	0.3066	0.3123	0.3199	0.3325	0.3253	0.3208	0.3208	0.3183	0.3199	0.3097	0.3604	0.387	0.3667	0.3201	0.5059	0.554	0.6518	0.6177	1.0	0.5561	0.4591	0.3947	0.3556	0.3453	0.3628	0.3738	0.39	0.3943	0.3786	0.3709	0.3638	0.3474	0.2902	0.3254	0.1809	0.214
SYS_PYRAE	0.3524	0.4062	0.3652	0.3197	0.3525	0.351	0.3634	0.3872	0.3806	0.3786	0.3726	0.3532	0.3626	0.3578	0.3556	0.3943	0.3636	0.3437	0.3374	0.3389	0.3253	0.3237	0.3118	0.3165	0.3118	0.2974	0.3094	0.2986	0.3173	0.3246	0.3238	0.3381	0.3222	0.3301	0.3048	0.3103	0.3294	0.3126	0.315	0.3325	0.3222	0.2959	0.3126	0.2957	0.3415	0.3073	0.3228	0.3088	0.307	0.3019	0.3286	0.3333	0.3238	0.3325	0.3246	0.3604	0.3663	0.3365	0.3012	0.5047	0.5329	0.6024	0.5641	0.5561	1.0	0.4554	0.3813	0.3541	0.351	0.3285	0.3938	0.3981	0.3929	0.3723	0.3624	0.36	0.3529	0.2861	0.3173	0.1708	0.1963
SYS_THEAC	0.3804	0.3947	0.4091	0.3928	0.3846	0.3923	0.3995	0.3995	0.4282	0.4067	0.366	0.3789	0.3541	0.3837	0.3573	0.4077	0.4029	0.3852	0.3471	0.3549	0.3446	0.3261	0.3349	0.3422	0.3665	0.3422	0.3293	0.3261	0.3537	0.3621	0.359	0.3735	0.3639	0.3341	0.3189	0.3573	0.3549	0.3429	0.3429	0.3357	0.3333	0.3213	0.3165	0.3357	0.3799	0.3415	0.3447	0.3405	0.3148	0.3341	0.3597	0.3621	0.3518	0.3422	0.3205	0.3374	0.3869	0.3575	0.314	0.4976	0.4832	0.441	0.4543	0.4591	0.4554	1.0	0.3888	0.3495	0.3683	0.3667	0.4112	0.4185	0.4209	0.4063	0.4029	0.4005	0.3909	0.2808	0.3269	0.2333	0.2159
SYS_STRCO	0.439	0.453	0.4116	0.4195	0.3893	0.3844	0.4169	0.4193	0.4029	0.4082	0.3971	0.4262	0.4231	0.4135	0.3971	0.3928	0.4053	0.3826	0.3735	0.4111	0.3888	0.382	0.4181	0.3966	0.382	0.3869	0.3747	0.3702	0.3439	0.4116	0.4193	0.4062	0.4179	0.4126	0.3671	0.368	0.3801	0.4044	0.3801	0.3714	0.3245	0.3245	0.3366	0.3073	0.3827	0.3892	0.3571	0.3373	0.3309	0.3235	0.4101	0.4125	0.3735	0.3726	0.3582	0.4275	0.3805	0.372	0.3654	0.4269	0.4019	0.3804	0.3708	0.3947	0.3813	0.3888	1.0	0.6014	0.5922	0.5373	0.4024	0.412	0.4024	0.3614	0.3861	0.3837	0.3765	0.3111	0.3064	0.1949	0.197
SYS_COREF	0.4109	0.4211	0.4111	0.3777	0.3801	0.3826	0.3645	0.3717	0.3675	0.375	0.3747	0.3952	0.3995	0.3947	0.4048	0.3852	0.3783	0.375	0.378	0.3708	0.3544	0.3623	0.3811	0.3777	0.339	0.3462	0.3511	0.3301	0.3187	0.3759	0.3885	0.3765	0.387	0.3599	0.3606	0.3373	0.3904	0.3735	0.3639	0.3744	0.2867	0.2916	0.306	0.2961	0.3725	0.3627	0.3325	0.3254	0.3406	0.3285	0.3636	0.366	0.3765	0.3645	0.3597	0.4111	0.3923	0.3678	0.3453	0.4033	0.3747	0.3699	0.3628	0.3556	0.3541	0.3495	0.6014	1.0	0.6827	0.5932	0.3811	0.3835	0.3374	0.3519	0.3397	0.323	0.3278	0.3153	0.2951	0.1636	0.2074
SYS_MYCLE	0.4255	0.4038	0.4058	0.3723	0.3577	0.3723	0.3639	0.3687	0.3669	0.3551	0.3645	0.368	0.3606	0.3606	0.3753	0.3726	0.3599	0.3502	0.3676	0.3726	0.365	0.3544	0.3707	0.3632	0.3705	0.3632	0.368	0.3269	0.3325	0.3559	0.3614	0.3783	0.3599	0.3511	0.3454	0.3293	0.3608	0.3632	0.3535	0.3665	0.2978	0.3002	0.3075	0.284	0.3571	0.3448	0.3391	0.3173	0.3058	0.2958	0.375	0.363	0.3518	0.3614	0.3687	0.4058	0.3674	0.3768	0.347	0.4053	0.3621	0.3405	0.3333	0.3453	0.351	0.3683	0.5922	0.6827	1.0	0.562	0.3698	0.3674	0.3747	0.3455	0.3558	0.3293	0.3269	0.2882	0.2941	0.1905	0.194
