	1tim_A	1tmh_D	1lyx_A	1m6j_A	TPIS_PHOLL	TPIS_HAEDU	TPIS_VIBCH	TPIS_CAEEL	TPIS_TAESO	TPIS_RHOBA	TPIS_XANAC	TPIS_SHEON	TPIS_RALSO	TPIS_NITEU	TPIS_BORBR	TPIS_COXBU	TPIS_CHLTE	TPIS_PORGI	TPIS_LEPIN	TPIS_STRAW	TPIS_BIFLO	TPIS_AQUAE	TPIS_SYNY3	TPIS_ANASP	TPIS_SYNEL	TPIS_GLOVI	TPIS_SYNPX	TPIS_PROMA	TPIS_PROMP	TPIS_MYCPU	TPIS_MYCHR	TPIS_MYCFL	TPI1_RHILO	TPI1_RHIME	TPIS_BARHE	TPIS_CHLTR	TPIS_CHLMU	TPIS_CHLPN	TPIS_MYCPN	TPIS_MYCPE	TPIS_NEIMA	TPIS_BUCAI	TPIS_BUCAP	TPIS_CANBF	TPIS_BUCBP	TPI2_RHIME	TPI2_BRUME	TPI2_LISIN	TPIS_UREPA	TPIS_TROW8
1tim_A	1.0	0.5042	0.4339	0.5083	0.4689	0.4523	0.4232	0.6337	0.6173	0.4583	0.4351	0.4357	0.4202	0.4142	0.4444	0.3975	0.443	0.4647	0.4034	0.3909	0.3868	0.4268	0.4085	0.3872	0.4	0.3675	0.3872	0.3915	0.3617	0.406	0.3906	0.4017	0.4292	0.4042	0.3875	0.3884	0.3884	0.3843	0.3291	0.3554	0.3739	0.3542	0.3625	0.3583	0.3361	0.3431	0.3347	0.3125	0.3004	0.2833
1tmh_D	0.5042	1.0	0.4132	0.4367	0.7854	0.6761	0.6437	0.4917	0.5226	0.4449	0.5492	0.4878	0.5041	0.4939	0.477	0.4449	0.4268	0.449	0.4132	0.4291	0.3927	0.4232	0.4135	0.3924	0.4051	0.3898	0.4008	0.3924	0.3671	0.4388	0.4	0.4153	0.4066	0.4108	0.39	0.4239	0.4033	0.4139	0.3583	0.3592	0.41	0.4711	0.4876	0.4959	0.4486	0.3169	0.3045	0.3347	0.2863	0.3067
1lyx_A	0.4339	0.4132	1.0	0.4403	0.4033	0.3827	0.4033	0.4421	0.405	0.4215	0.4083	0.438	0.3739	0.4232	0.4085	0.3859	0.3782	0.4091	0.3933	0.3607	0.3689	0.3734	0.3814	0.3644	0.3602	0.3617	0.3517	0.3559	0.3432	0.3957	0.4701	0.4043	0.3568	0.3361	0.3527	0.3539	0.358	0.3457	0.3655	0.3498	0.4017	0.3875	0.3417	0.35	0.3278	0.3083	0.2958	0.3306	0.3133	0.2949
1m6j_A	0.5083	0.4367	0.4403	1.0	0.4268	0.4251	0.4453	0.5083	0.4918	0.435	0.4262	0.4431	0.4339	0.4571	0.4226	0.4245	0.444	0.4656	0.3811	0.3976	0.3253	0.3909	0.41	0.41	0.3766	0.4008	0.3473	0.3849	0.3556	0.3849	0.3771	0.3671	0.4057	0.3648	0.3852	0.4106	0.4106	0.3441	0.3792	0.3577	0.3693	0.3951	0.3704	0.3621	0.351	0.3607	0.3361	0.2816	0.3149	0.2678
TPIS_PHOLL	0.4689	0.7854	0.4033	0.4268	1.0	0.7419	0.6452	0.4896	0.4877	0.4756	0.5429	0.4737	0.5267	0.4878	0.4792	0.4634	0.4333	0.4431	0.4115	0.4234	0.3952	0.4298	0.4328	0.4118	0.4034	0.3797	0.4034	0.3992	0.3529	0.4244	0.4025	0.4219	0.4339	0.4091	0.405	0.4385	0.4098	0.4245	0.4066	0.3537	0.4333	0.4815	0.4856	0.4897	0.4508	0.3279	0.2992	0.3333	0.2894	0.318
TPIS_HAEDU	0.4523	0.6761	0.3827	0.4251	0.7419	1.0	0.6506	0.4813	0.4467	0.4534	0.5081	0.4839	0.4959	0.4656	0.4772	0.4372	0.4564	0.4332	0.377	0.4297	0.4016	0.4198	0.4268	0.4017	0.41	0.3797	0.4142	0.3891	0.3808	0.4226	0.3941	0.3966	0.4074	0.3992	0.3951	0.4	0.3837	0.4065	0.3817	0.3293	0.3734	0.4836	0.4631	0.4631	0.4327	0.3184	0.2939	0.3089	0.2881	0.3167
TPIS_VIBCH	0.4232	0.6437	0.4033	0.4453	0.6452	0.6506	1.0	0.4772	0.418	0.4413	0.5122	0.4637	0.4877	0.4615	0.4564	0.4494	0.4025	0.417	0.373	0.4337	0.3614	0.3827	0.4226	0.4059	0.4017	0.4262	0.4142	0.3975	0.4142	0.4017	0.3898	0.4051	0.4362	0.3868	0.3745	0.3796	0.3796	0.3943	0.3444	0.3293	0.3859	0.4262	0.4262	0.418	0.3878	0.3429	0.3061	0.3049	0.2966	0.3
TPIS_CAEEL	0.6337	0.4917	0.4421	0.5083	0.4896	0.4813	0.4772	1.0	0.6049	0.475	0.4435	0.444	0.4622	0.4644	0.4744	0.4184	0.4726	0.4357	0.4034	0.428	0.4033	0.4561	0.4043	0.3872	0.4085	0.359	0.3745	0.383	0.3745	0.3932	0.4206	0.4017	0.4417	0.4375	0.3958	0.4174	0.4215	0.4215	0.3671	0.3678	0.395	0.3583	0.375	0.3792	0.3693	0.3598	0.3473	0.325	0.309	0.3047
TPIS_TAESO	0.6173	0.5226	0.405	0.4918	0.4877	0.4467	0.418	0.6049	1.0	0.4198	0.438	0.4344	0.4232	0.4669	0.4219	0.4008	0.458	0.4549	0.4025	0.3943	0.3699	0.4417	0.3814	0.3644	0.3814	0.3574	0.3644	0.3559	0.3517	0.4043	0.3932	0.3915	0.425	0.4167	0.3958	0.4321	0.4239	0.3992	0.3333	0.3837	0.4076	0.358	0.3951	0.3992	0.3402	0.3388	0.314	0.3004	0.3077	0.2881
TPIS_RHOBA	0.4583	0.4449	0.4215	0.435	0.4756	0.4534	0.4413	0.475	0.4198	1.0	0.4715	0.4878	0.5	0.4696	0.4772	0.4818	0.4917	0.4395	0.4245	0.4516	0.4073	0.4545	0.4684	0.4768	0.4557	0.434	0.4346	0.4219	0.3966	0.443	0.4255	0.3957	0.4713	0.4672	0.4467	0.3934	0.4098	0.3918	0.3542	0.3659	0.4125	0.4156	0.3786	0.3498	0.3648	0.3745	0.3868	0.302	0.2906	0.3277
TPIS_XANAC	0.4351	0.5492	0.4083	0.4262	0.5429	0.5081	0.5122	0.4435	0.438	0.4715	1.0	0.5081	0.5615	0.5163	0.5436	0.5244	0.4708	0.4309	0.3951	0.4593	0.4187	0.3958	0.428	0.428	0.411	0.4487	0.4153	0.4068	0.3644	0.4068	0.4017	0.3803	0.4339	0.4545	0.3967	0.438	0.4256	0.4239	0.3849	0.3361	0.4519	0.376	0.4008	0.3843	0.3802	0.3388	0.3223	0.284	0.2692	0.3165
TPIS_SHEON	0.4357	0.4878	0.438	0.4431	0.4737	0.4839	0.4637	0.444	0.4344	0.4878	0.5081	1.0	0.4631	0.5488	0.473	0.4715	0.4583	0.4593	0.428	0.4395	0.4153	0.4132	0.437	0.458	0.4328	0.4237	0.3613	0.3529	0.3277	0.4034	0.417	0.4068	0.4215	0.4174	0.4256	0.4262	0.418	0.3918	0.3568	0.3224	0.4357	0.4262	0.3934	0.3525	0.3402	0.3402	0.332	0.2898	0.3051	0.3431
TPIS_RALSO	0.4202	0.5041	0.3739	0.4339	0.5267	0.4959	0.4877	0.4622	0.4232	0.5	0.5615	0.4631	1.0	0.5943	0.5875	0.5492	0.4832	0.4549	0.3967	0.4385	0.418	0.416	0.406	0.4274	0.4231	0.4397	0.4231	0.4274	0.406	0.3889	0.4095	0.3621	0.4208	0.4458	0.3958	0.4	0.4	0.3983	0.3586	0.3595	0.4262	0.3527	0.3485	0.3278	0.3361	0.3625	0.35	0.2946	0.2747	0.3191
TPIS_NITEU	0.4142	0.4939	0.4232	0.4571	0.4878	0.4656	0.4615	0.4644	0.4669	0.4696	0.5163	0.5488	0.5943	1.0	0.556	0.4939	0.4564	0.417	0.418	0.3968	0.3968	0.39	0.4219	0.4641	0.4388	0.4255	0.3924	0.3924	0.3671	0.3755	0.4298	0.3872	0.4033	0.3951	0.3909	0.4362	0.4074	0.3975	0.3389	0.3224	0.431	0.3884	0.3926	0.3884	0.3745	0.3251	0.2963	0.2828	0.2949	0.2983
TPIS_BORBR	0.4444	0.477	0.4085	0.4226	0.4792	0.4772	0.4564	0.4744	0.4219	0.4772	0.5436	0.473	0.5875	0.556	1.0	0.527	0.4638	0.473	0.41	0.4772	0.4274	0.4195	0.4426	0.4553	0.4213	0.4206	0.417	0.4	0.3787	0.383	0.3777	0.3605	0.4328	0.4328	0.4034	0.4244	0.4034	0.4226	0.359	0.3431	0.4468	0.3613	0.3361	0.3361	0.3361	0.3542	0.3292	0.2899	0.2704	0.3574
TPIS_COXBU	0.3975	0.4449	0.3859	0.4245	0.4634	0.4372	0.4494	0.4184	0.4008	0.4818	0.5244	0.4715	0.5492	0.4939	0.527	1.0	0.4232	0.4008	0.3811	0.4534	0.4008	0.4191	0.4262	0.4346	0.4135	0.4128	0.3797	0.3713	0.3586	0.4135	0.4085	0.3787	0.4568	0.4527	0.4115	0.3951	0.4198	0.3648	0.3933	0.3551	0.41	0.3554	0.3802	0.3182	0.3292	0.3374	0.3416	0.3074	0.2949	0.3782
TPIS_CHLTE	0.443	0.4268	0.3782	0.444	0.4333	0.4564	0.4025	0.4726	0.458	0.4917	0.4708	0.4583	0.4832	0.4564	0.4638	0.4232	1.0	0.4815	0.4417	0.4897	0.4156	0.4454	0.4549	0.4592	0.4335	0.4286	0.4378	0.4249	0.412	0.4678	0.3983	0.3853	0.4191	0.4398	0.4274	0.4042	0.4083	0.4149	0.3846	0.3444	0.4153	0.3755	0.3671	0.3376	0.3347	0.3487	0.3655	0.2762	0.3043	0.3047
TPIS_PORGI	0.4647	0.449	0.4091	0.4656	0.4431	0.4332	0.417	0.4357	0.4549	0.4395	0.4309	0.4593	0.4549	0.417	0.473	0.4008	0.4815	1.0	0.4065	0.4378	0.4096	0.3967	0.4076	0.3824	0.3908	0.4025	0.3782	0.3992	0.3866	0.4328	0.428	0.4153	0.4163	0.4122	0.3959	0.4367	0.4286	0.4065	0.3583	0.3603	0.4417	0.3786	0.3457	0.3333	0.3184	0.3566	0.3484	0.2939	0.2778	0.2971
TPIS_LEPIN	0.4034	0.4132	0.3933	0.3811	0.4115	0.377	0.373	0.4034	0.4025	0.4245	0.3951	0.428	0.3967	0.418	0.41	0.3811	0.4417	0.4065	1.0	0.3537	0.3659	0.4142	0.383	0.4043	0.383	0.3991	0.3745	0.3574	0.3872	0.4383	0.4249	0.382	0.3554	0.3512	0.3678	0.4132	0.3843	0.4033	0.3629	0.3402	0.3882	0.3542	0.3625	0.35	0.3388	0.3071	0.3237	0.2769	0.29	0.2839
TPIS_STRAW	0.3909	0.4291	0.3607	0.3976	0.4234	0.4297	0.4337	0.428	0.3943	0.4516	0.4593	0.4395	0.4385	0.3968	0.4772	0.4534	0.4897	0.4378	0.3537	1.0	0.5139	0.4098	0.4833	0.4458	0.4542	0.4538	0.4208	0.425	0.4083	0.45	0.384	0.4118	0.4041	0.4122	0.3878	0.3927	0.3927	0.4194	0.3595	0.3468	0.3926	0.351	0.3143	0.3755	0.3279	0.3537	0.374	0.2834	0.3051	0.3942
TPIS_BIFLO	0.3868	0.3927	0.3689	0.3253	0.3952	0.4016	0.3614	0.4033	0.3699	0.4073	0.4187	0.4153	0.418	0.3968	0.4274	0.4008	0.4156	0.4096	0.3659	0.5139	1.0	0.3893	0.3917	0.3708	0.3792	0.3824	0.3792	0.3583	0.3292	0.3667	0.3249	0.3824	0.3551	0.3918	0.351	0.3603	0.3644	0.3831	0.3347	0.2863	0.3636	0.3184	0.3388	0.3388	0.2915	0.3171	0.313	0.2874	0.3136	0.3734
TPIS_AQUAE	0.4268	0.4232	0.3734	0.3909	0.4298	0.4198	0.3827	0.4561	0.4417	0.4545	0.3958	0.4132	0.416	0.39	0.4195	0.4191	0.4454	0.3967	0.4142	0.4098	0.3893	1.0	0.479	0.479	0.4748	0.4237	0.4412	0.4454	0.4328	0.4599	0.4085	0.4407	0.4083	0.4208	0.4125	0.4139	0.4262	0.4672	0.3502	0.3802	0.3708	0.4	0.3667	0.375	0.3527	0.3542	0.3458	0.3099	0.3064	0.3149
TPIS_SYNY3	0.4085	0.4135	0.3814	0.41	0.4328	0.4268	0.4226	0.4043	0.3814	0.4684	0.428	0.437	0.406	0.4219	0.4426	0.4262	0.4549	0.4076	0.383	0.4833	0.3917	0.479	1.0	0.7417	0.7125	0.5924	0.5583	0.55	0.5292	0.4622	0.4237	0.4388	0.4093	0.3671	0.3713	0.3833	0.3917	0.4375	0.375	0.3655	0.3856	0.3686	0.339	0.3432	0.3487	0.3792	0.3625	0.3025	0.3133	0.322
TPIS_ANASP	0.3872	0.3924	0.3644	0.41	0.4118	0.4017	0.4059	0.3872	0.3644	0.4768	0.428	0.458	0.4274	0.4641	0.4553	0.4346	0.4592	0.3824	0.4043	0.4458	0.3708	0.479	0.7417	1.0	0.7542	0.6261	0.5583	0.5667	0.5417	0.4328	0.4195	0.4051	0.4177	0.384	0.384	0.3917	0.3875	0.4042	0.3621	0.3571	0.3517	0.3771	0.3432	0.3432	0.3529	0.3708	0.3583	0.2941	0.3305	0.3178
TPIS_SYNEL	0.4	0.4051	0.3602	0.3766	0.4034	0.41	0.4017	0.4085	0.3814	0.4557	0.411	0.4328	0.4231	0.4388	0.4213	0.4135	0.4335	0.3908	0.383	0.4542	0.3792	0.4748	0.7125	0.7542	1.0	0.6261	0.5458	0.5625	0.525	0.4328	0.411	0.4135	0.3882	0.3713	0.3713	0.3792	0.3958	0.4167	0.3793	0.3403	0.3686	0.3686	0.339	0.339	0.3487	0.3708	0.3542	0.2941	0.3262	0.3178
TPIS_GLOVI	0.3675	0.3898	0.3617	0.4008	0.3797	0.3797	0.4262	0.359	0.3574	0.434	0.4487	0.4237	0.4397	0.4255	0.4206	0.4128	0.4286	0.4025	0.3991	0.4538	0.3824	0.4237	0.5924	0.6261	0.6261	1.0	0.5546	0.5168	0.521	0.4449	0.4255	0.4237	0.3872	0.3957	0.3745	0.3866	0.3992	0.4202	0.3766	0.3376	0.3675	0.3547	0.3376	0.3205	0.3305	0.3445	0.3529	0.2785	0.3203	0.3162
TPIS_SYNPX	0.3872	0.4008	0.3517	0.3473	0.4034	0.4142	0.4142	0.3745	0.3644	0.4346	0.4153	0.3613	0.4231	0.3924	0.417	0.3797	0.4378	0.3782	0.3745	0.4208	0.3792	0.4412	0.5583	0.5583	0.5458	0.5546	1.0	0.7417	0.6958	0.4832	0.411	0.4093	0.384	0.3671	0.3586	0.3542	0.35	0.4292	0.3319	0.2941	0.3644	0.3305	0.322	0.3347	0.3403	0.3167	0.3083	0.2773	0.3133	0.2881
TPIS_PROMA	0.3915	0.3924	0.3559	0.3849	0.3992	0.3891	0.3975	0.383	0.3559	0.4219	0.4068	0.3529	0.4274	0.3924	0.4	0.3713	0.4249	0.3992	0.3574	0.425	0.3583	0.4454	0.55	0.5667	0.5625	0.5168	0.7417	1.0	0.725	0.4706	0.4068	0.4051	0.3629	0.3291	0.3586	0.3542	0.35	0.4417	0.3405	0.3277	0.322	0.3432	0.3305	0.3517	0.3319	0.3417	0.3292	0.3025	0.2961	0.2797
TPIS_PROMP	0.3617	0.3671	0.3432	0.3556	0.3529	0.3808	0.4142	0.3745	0.3517	0.3966	0.3644	0.3277	0.406	0.3671	0.3787	0.3586	0.412	0.3866	0.3872	0.4083	0.3292	0.4328	0.5292	0.5417	0.525	0.521	0.6958	0.725	1.0	0.458	0.4195	0.4051	0.3586	0.346	0.3502	0.35	0.3417	0.4417	0.3276	0.3025	0.3347	0.3517	0.3263	0.3559	0.3235	0.3333	0.3208	0.2941	0.309	0.2669
TPIS_MYCPU	0.406	0.4388	0.3957	0.3849	0.4244	0.4226	0.4017	0.3932	0.4043	0.443	0.4068	0.4034	0.3889	0.3755	0.383	0.4135	0.4678	0.4328	0.4383	0.45	0.3667	0.4599	0.4622	0.4328	0.4328	0.4449	0.4832	0.4706	0.458	1.0	0.5781	0.4832	0.3755	0.3755	0.3755	0.431	0.4435	0.4292	0.3983	0.3882	0.3941	0.4	0.4085	0.383	0.3882	0.3347	0.3682	0.2773	0.3534	0.2857
TPIS_MYCHR	0.3906	0.4	0.4701	0.3771	0.4025	0.3941	0.3898	0.4206	0.3932	0.4255	0.4017	0.417	0.4095	0.4298	0.3777	0.4085	0.3983	0.428	0.4249	0.384	0.3249	0.4085	0.4237	0.4195	0.411	0.4255	0.411	0.4068	0.4195	0.5781	1.0	0.5359	0.3532	0.366	0.3787	0.4008	0.4093	0.3713	0.3739	0.4346	0.3777	0.3906	0.3691	0.3648	0.3447	0.3207	0.3165	0.2669	0.3609	0.3064
TPIS_MYCFL	0.4017	0.4153	0.4043	0.3671	0.4219	0.3966	0.4051	0.4017	0.3915	0.3957	0.3803	0.4068	0.3621	0.3872	0.3605	0.3787	0.3853	0.4153	0.382	0.4118	0.3824	0.4407	0.4388	0.4051	0.4135	0.4237	0.4093	0.4051	0.4051	0.4832	0.5359	1.0	0.3277	0.3574	0.3489	0.3908	0.3992	0.3697	0.368	0.3924	0.3718	0.3718	0.4103	0.3718	0.3771	0.3445	0.3319	0.2996	0.355	0.3263
TPI1_RHILO	0.4292	0.4066	0.3568	0.4057	0.4339	0.4074	0.4362	0.4417	0.425	0.4713	0.4339	0.4215	0.4208	0.4033	0.4328	0.4568	0.4191	0.4163	0.3554	0.4041	0.3551	0.4083	0.4093	0.4177	0.3882	0.3872	0.384	0.3629	0.3586	0.3755	0.3532	0.3277	1.0	0.6122	0.6	0.3868	0.3909	0.3852	0.3305	0.358	0.3766	0.2803	0.3096	0.2929	0.2988	0.3817	0.3402	0.2739	0.2747	0.3008
TPI1_RHIME	0.4042	0.4108	0.3361	0.3648	0.4091	0.3992	0.3868	0.4375	0.4167	0.4672	0.4545	0.4174	0.4458	0.3951	0.4328	0.4527	0.4398	0.4122	0.3512	0.4122	0.3918	0.4208	0.3671	0.384	0.3713	0.3957	0.3671	0.3291	0.346	0.3755	0.366	0.3574	0.6122	1.0	0.5878	0.3992	0.3909	0.377	0.3347	0.358	0.41	0.3264	0.3389	0.3096	0.3278	0.3444	0.3112	0.2946	0.279	0.2924
TPIS_BARHE	0.3875	0.39	0.3527	0.3852	0.405	0.3951	0.3745	0.3958	0.3958	0.4467	0.3967	0.4256	0.3958	0.3909	0.4034	0.4115	0.4274	0.3959	0.3678	0.3878	0.351	0.4125	0.3713	0.384	0.3713	0.3745	0.3586	0.3586	0.3502	0.3755	0.3787	0.3489	0.6	0.5878	1.0	0.4033	0.3951	0.3852	0.3178	0.3416	0.3933	0.3598	0.3473	0.3054	0.3071	0.332	0.3361	0.2531	0.3047	0.2839
TPIS_CHLTR	0.3884	0.4239	0.3539	0.4106	0.4385	0.4	0.3796	0.4174	0.4321	0.3934	0.438	0.4262	0.4	0.4362	0.4244	0.3951	0.4042	0.4367	0.4132	0.3927	0.3603	0.4139	0.3833	0.3917	0.3792	0.3866	0.3542	0.3542	0.35	0.431	0.4008	0.3908	0.3868	0.3992	0.4033	1.0	0.8138	0.4777	0.3891	0.3633	0.4232	0.3884	0.3926	0.3926	0.3566	0.3704	0.4033	0.2798	0.2881	0.3291
TPIS_CHLMU	0.3884	0.4033	0.358	0.4106	0.4098	0.3837	0.3796	0.4215	0.4239	0.4098	0.4256	0.418	0.4	0.4074	0.4034	0.4198	0.4083	0.4286	0.3843	0.3927	0.3644	0.4262	0.3917	0.3875	0.3958	0.3992	0.35	0.35	0.3417	0.4435	0.4093	0.3992	0.3909	0.3909	0.3951	0.8138	1.0	0.4899	0.3849	0.3551	0.4149	0.3884	0.4008	0.3802	0.3484	0.3868	0.3951	0.2675	0.2924	0.3333
TPIS_CHLPN	0.3843	0.4139	0.3457	0.3441	0.4245	0.4065	0.3943	0.4215	0.3992	0.3918	0.4239	0.3918	0.3983	0.3975	0.4226	0.3648	0.4149	0.4065	0.4033	0.4194	0.3831	0.4672	0.4375	0.4042	0.4167	0.4202	0.4292	0.4417	0.4417	0.4292	0.3713	0.3697	0.3852	0.377	0.3852	0.4777	0.4899	1.0	0.3515	0.3224	0.4132	0.3719	0.3636	0.3678	0.3607	0.3333	0.3251	0.291	0.2797	0.3151
TPIS_MYCPN	0.3291	0.3583	0.3655	0.3792	0.4066	0.3817	0.3444	0.3671	0.3333	0.3542	0.3849	0.3568	0.3586	0.3389	0.359	0.3933	0.3846	0.3583	0.3629	0.3595	0.3347	0.3502	0.375	0.3621	0.3793	0.3766	0.3319	0.3405	0.3276	0.3983	0.3739	0.368	0.3305	0.3347	0.3178	0.3891	0.3849	0.3515	1.0	0.3527	0.3404	0.3389	0.3431	0.3305	0.3305	0.2731	0.2899	0.2667	0.3609	0.2888
TPIS_MYCPE	0.3554	0.3592	0.3498	0.3577	0.3537	0.3293	0.3293	0.3678	0.3837	0.3659	0.3361	0.3224	0.3595	0.3224	0.3431	0.3551	0.3444	0.3603	0.3402	0.3468	0.2863	0.3802	0.3655	0.3571	0.3403	0.3376	0.2941	0.3277	0.3025	0.3882	0.4346	0.3924	0.358	0.358	0.3416	0.3633	0.3551	0.3224	0.3527	1.0	0.3556	0.3292	0.3498	0.3169	0.3184	0.3361	0.3443	0.2571	0.3462	0.2647
TPIS_NEIMA	0.3739	0.41	0.4017	0.3693	0.4333	0.3734	0.3859	0.395	0.4076	0.4125	0.4519	0.4357	0.4262	0.431	0.4468	0.41	0.4153	0.4417	0.3882	0.3926	0.3636	0.3708	0.3856	0.3517	0.3686	0.3675	0.3644	0.322	0.3347	0.3941	0.3777	0.3718	0.3766	0.41	0.3933	0.4232	0.4149	0.4132	0.3404	0.3556	1.0	0.3655	0.3487	0.3445	0.3445	0.3122	0.3038	0.2739	0.306	0.3248
TPIS_BUCAI	0.3542	0.4711	0.3875	0.3951	0.4815	0.4836	0.4262	0.3583	0.358	0.4156	0.376	0.4262	0.3527	0.3884	0.3613	0.3554	0.3755	0.3786	0.3542	0.351	0.3184	0.4	0.3686	0.3771	0.3686	0.3547	0.3305	0.3432	0.3517	0.4	0.3906	0.3718	0.2803	0.3264	0.3598	0.3884	0.3884	0.3719	0.3389	0.3292	0.3655	1.0	0.6204	0.4857	0.4653	0.2893	0.2893	0.2769	0.3559	0.2966
TPIS_BUCAP	0.3625	0.4876	0.3417	0.3704	0.4856	0.4631	0.4262	0.375	0.3951	0.3786	0.4008	0.3934	0.3485	0.3926	0.3361	0.3802	0.3671	0.3457	0.3625	0.3143	0.3388	0.3667	0.339	0.3432	0.339	0.3376	0.322	0.3305	0.3263	0.4085	0.3691	0.4103	0.3096	0.3389	0.3473	0.3926	0.4008	0.3636	0.3431	0.3498	0.3487	0.6204	1.0	0.502	0.4735	0.2769	0.2893	0.281	0.3602	0.322
TPIS_CANBF	0.3583	0.4959	0.35	0.3621	0.4897	0.4631	0.418	0.3792	0.3992	0.3498	0.3843	0.3525	0.3278	0.3884	0.3361	0.3182	0.3376	0.3333	0.35	0.3755	0.3388	0.375	0.3432	0.3432	0.339	0.3205	0.3347	0.3517	0.3559	0.383	0.3648	0.3718	0.2929	0.3096	0.3054	0.3926	0.3802	0.3678	0.3305	0.3169	0.3445	0.4857	0.502	1.0	0.4816	0.2769	0.2686	0.2851	0.3644	0.3051
TPIS_BUCBP	0.3361	0.4486	0.3278	0.351	0.4508	0.4327	0.3878	0.3693	0.3402	0.3648	0.3802	0.3402	0.3361	0.3745	0.3361	0.3292	0.3347	0.3184	0.3388	0.3279	0.2915	0.3527	0.3487	0.3529	0.3487	0.3305	0.3403	0.3319	0.3235	0.3882	0.3447	0.3771	0.2988	0.3278	0.3071	0.3566	0.3484	0.3607	0.3305	0.3184	0.3445	0.4653	0.4735	0.4816	1.0	0.2787	0.291	0.2963	0.3517	0.2983
TPI2_RHIME	0.3431	0.3169	0.3083	0.3607	0.3279	0.3184	0.3429	0.3598	0.3388	0.3745	0.3388	0.3402	0.3625	0.3251	0.3542	0.3374	0.3487	0.3566	0.3071	0.3537	0.3171	0.3542	0.3792	0.3708	0.3708	0.3445	0.3167	0.3417	0.3333	0.3347	0.3207	0.3445	0.3817	0.3444	0.332	0.3704	0.3868	0.3333	0.2731	0.3361	0.3122	0.2893	0.2769	0.2769	0.2787	1.0	0.7033	0.2934	0.2669	0.2542
TPI2_BRUME	0.3347	0.3045	0.2958	0.3361	0.2992	0.2939	0.3061	0.3473	0.314	0.3868	0.3223	0.332	0.35	0.2963	0.3292	0.3416	0.3655	0.3484	0.3237	0.374	0.313	0.3458	0.3625	0.3583	0.3542	0.3529	0.3083	0.3292	0.3208	0.3682	0.3165	0.3319	0.3402	0.3112	0.3361	0.4033	0.3951	0.3251	0.2899	0.3443	0.3038	0.2893	0.2893	0.2686	0.291	0.7033	1.0	0.2686	0.2669	0.2583
TPI2_LISIN	0.3125	0.3347	0.3306	0.2816	0.3333	0.3089	0.3049	0.325	0.3004	0.302	0.284	0.2898	0.2946	0.2828	0.2899	0.3074	0.2762	0.2939	0.2769	0.2834	0.2874	0.3099	0.3025	0.2941	0.2941	0.2785	0.2773	0.3025	0.2941	0.2773	0.2669	0.2996	0.2739	0.2946	0.2531	0.2798	0.2675	0.291	0.2667	0.2571	0.2739	0.2769	0.281	0.2851	0.2963	0.2934	0.2686	1.0	0.2532	0.2469
TPIS_UREPA	0.3004	0.2863	0.3133	0.3149	0.2894	0.2881	0.2966	0.309	0.3077	0.2906	0.2692	0.3051	0.2747	0.2949	0.2704	0.2949	0.3043	0.2778	0.29	0.3051	0.3136	0.3064	0.3133	0.3305	0.3262	0.3203	0.3133	0.2961	0.309	0.3534	0.3609	0.355	0.2747	0.279	0.3047	0.2881	0.2924	0.2797	0.3609	0.3462	0.306	0.3559	0.3602	0.3644	0.3517	0.2669	0.2669	0.2532	1.0	0.3
TPIS_TROW8	0.2833	0.3067	0.2949	0.2678	0.318	0.3167	0.3	0.3047	0.2881	0.3277	0.3165	0.3431	0.3191	0.2983	0.3574	0.3782	0.3047	0.2971	0.2839	0.3942	0.3734	0.3149	0.322	0.3178	0.3178	0.3162	0.2881	0.2797	0.2669	0.2857	0.3064	0.3263	0.3008	0.2924	0.2839	0.3291	0.3333	0.3151	0.2888	0.2647	0.3248	0.2966	0.322	0.3051	0.2983	0.2542	0.2583	0.2469	0.3	1.0
