	1bgl_A	BGAL_THEMA	BGA2_ECOLI	BGAL_BACHD	BGAL_STAXY	BGAL_ACTPL	BGAL_KLULA	BGAL_ARTSP
1bgl_A	1.0	0.378	0.3425	0.3503	0.3362	0.338	0.3217	0.3265
BGAL_THEMA	0.378	1.0	0.3755	0.3811	0.3147	0.3575	0.3531	0.354
BGA2_ECOLI	0.3425	0.3755	1.0	0.3179	0.306	0.3383	0.3595	0.3297
BGAL_BACHD	0.3503	0.3811	0.3179	1.0	0.3085	0.3188	0.3204	0.3216
BGAL_STAXY	0.3362	0.3147	0.306	0.3085	1.0	0.393	0.3152	0.3121
BGAL_ACTPL	0.338	0.3575	0.3383	0.3188	0.393	1.0	0.3391	0.3311
BGAL_KLULA	0.3217	0.3531	0.3595	0.3204	0.3152	0.3391	1.0	0.3629
BGAL_ARTSP	0.3265	0.354	0.3297	0.3216	0.3121	0.3311	0.3629	1.0
