	2pia_	1fnc_	1fdr_	1ndh_	1cqx_A	1krh_A	1qfj_A
2pia_	1.0	0.2097	0.1862	0.2043	0.2924	0.2298	0.2339
1fnc_	0.2097	1.0	0.2242	0.2358	0.1917	0.2568	0.2277
1fdr_	0.1862	0.2242	1.0	0.2207	0.2113	0.2772	0.194
1ndh_	0.2043	0.2358	0.2207	1.0	0.1832	0.2865	0.194
1cqx_A	0.2924	0.1917	0.2113	0.1832	1.0	0.2473	0.2044
1krh_A	0.2298	0.2568	0.2772	0.2865	0.2473	1.0	0.2473
1qfj_A	0.2339	0.2277	0.194	0.194	0.2044	0.2473	1.0
