	BGAL_STAXY	BGAL_ACTPL	BGA2_ECOLI	BGAL_BACHD	BGAL_THEMA	1bgl_A	BGAL_KLULA	BGAL_ARTSP
BGAL_STAXY	1.0	0.3953	0.3013	0.2947	0.3059	0.3283	0.3046	0.3153
BGAL_ACTPL	0.3953	1.0	0.333	0.3215	0.3514	0.3427	0.3473	0.3391
BGA2_ECOLI	0.3013	0.333	1.0	0.3179	0.3712	0.3488	0.3595	0.3379
BGAL_BACHD	0.2947	0.3215	0.3179	1.0	0.3849	0.3421	0.3196	0.322
BGAL_THEMA	0.3059	0.3514	0.3712	0.3849	1.0	0.383	0.3599	0.3621
1bgl_A	0.3283	0.3427	0.3488	0.3421	0.383	1.0	0.3259	0.3375
BGAL_KLULA	0.3046	0.3473	0.3595	0.3196	0.3599	0.3259	1.0	0.3693
BGAL_ARTSP	0.3153	0.3391	0.3379	0.322	0.3621	0.3375	0.3693	1.0
