	1wad_	1czj_	1gm4_A	CY3B_DESAF	CY31_DESDN	1gyo_A	3cao_A
1wad_	1.0	0.3038	0.4231	0.2857	0.3467	0.2468	0.3279
1czj_	0.3038	1.0	0.3093	0.3462	0.3564	0.301	0.274
1gm4_A	0.4231	0.3093	1.0	0.3636	0.3913	0.3404	0.2899
CY3B_DESAF	0.2857	0.3462	0.3636	1.0	0.4	0.4059	0.3973
CY31_DESDN	0.3467	0.3564	0.3913	0.4	1.0	0.3232	0.3151
1gyo_A	0.2468	0.301	0.3404	0.4059	0.3232	1.0	0.3425
3cao_A	0.3279	0.274	0.2899	0.3973	0.3151	0.3425	1.0
