	1a9u_	1mq4_A	1how_A	1omw_A	1f3m_C	1b6c_B
1a9u_	1.0	0.2679	0.3166	0.2351	0.2678	0.2439
1mq4_A	0.2679	1.0	0.2432	0.2756	0.2651	0.25
1how_A	0.3166	0.2432	1.0	0.2317	0.2468	0.2
1omw_A	0.2351	0.2756	0.2317	1.0	0.2571	0.2607
1f3m_C	0.2678	0.2651	0.2468	0.2571	1.0	0.2634
1b6c_B	0.2439	0.25	0.2	0.2607	0.2634	1.0
