	2gsq_	1a0f_A	1b4p_A	1gwc_A	1eem_A	1jlv_A	1nhy_A	1k0m_A	1g6w_A
2gsq_	1.0	0.2222	0.2554	0.2043	0.1913	0.2568	0.1278	0.1713	0.1466
1a0f_A	0.2222	1.0	0.1848	0.2151	0.2065	0.2591	0.1611	0.2135	0.1949
1b4p_A	0.2554	0.1848	1.0	0.1793	0.2033	0.1902	0.1333	0.1371	0.1398
1gwc_A	0.2043	0.2151	0.1793	1.0	0.268	0.2565	0.1568	0.1744	0.1878
1eem_A	0.1913	0.2065	0.2033	0.268	1.0	0.2063	0.1923	0.1658	0.2124
1jlv_A	0.2568	0.2591	0.1902	0.2565	0.2063	1.0	0.1967	0.1803	0.2374
1nhy_A	0.1278	0.1611	0.1333	0.1568	0.1923	0.1967	1.0	0.1404	0.1728
1k0m_A	0.1713	0.2135	0.1371	0.1744	0.1658	0.1803	0.1404	1.0	0.1566
1g6w_A	0.1466	0.1949	0.1398	0.1878	0.2124	0.2374	0.1728	0.1566	1.0
