	1aho_	1bmr_	1i6f_A	AEP_MESMA	SCAT_MESMA	SCX6_ANDAU	SCX6_CENLL	BIRT_PARTR
1aho_	1.0	0.3725	0.3265	0.3529	0.3137	0.3469	0.3469	0.3488
1bmr_	0.3725	1.0	0.2941	0.3519	0.2778	0.3654	0.2941	0.3182
1i6f_A	0.3265	0.2941	1.0	0.3725	0.3529	0.3529	0.4	0.3953
AEP_MESMA	0.3529	0.3519	0.3725	1.0	0.4143	0.3462	0.4179	0.4043
SCAT_MESMA	0.3137	0.2778	0.3529	0.4143	1.0	0.3269	0.4697	0.4043
SCX6_ANDAU	0.3469	0.3654	0.3529	0.3462	0.3269	1.0	0.3529	0.3409
SCX6_CENLL	0.3469	0.2941	0.4	0.4179	0.4697	0.3529	1.0	0.4255
BIRT_PARTR	0.3488	0.3182	0.3953	0.4043	0.4043	0.3409	0.4255	1.0
