	1ot5_A	1p8j_A	1dbi_A	ISP_PAEPO	TKSU_PYRKO	PRCA_ANASP	BPRX_BACNO
1ot5_A	1.0	0.4718	0.2521	0.244	0.25	0.3548	0.2597
1p8j_A	0.4718	1.0	0.2588	0.232	0.2539	0.2898	0.276
1dbi_A	0.2521	0.2588	1.0	0.3959	0.434	0.2889	0.3902
ISP_PAEPO	0.244	0.232	0.3959	1.0	0.4466	0.2521	0.3676
TKSU_PYRKO	0.25	0.2539	0.434	0.4466	1.0	0.2687	0.4091
PRCA_ANASP	0.3548	0.2898	0.2889	0.2521	0.2687	1.0	0.2869
BPRX_BACNO	0.2597	0.276	0.3902	0.3676	0.4091	0.2869	1.0
