	1zip_	2ak2_	2ak3_A	1zak_A	1qf9_A	3adk_	1uky_
1zip_	1.0	0.4211	0.3756	0.4058	0.2865	0.3804	0.3135
2ak2_	0.4211	1.0	0.3942	0.3476	0.2713	0.3476	0.2926
2ak3_A	0.3756	0.3942	1.0	0.3581	0.2888	0.2957	0.2727
1zak_A	0.4058	0.3476	0.3581	1.0	0.2849	0.4054	0.3172
1qf9_A	0.2865	0.2713	0.2888	0.2849	1.0	0.4158	0.5263
3adk_	0.3804	0.3476	0.2957	0.4054	0.4158	1.0	0.4323
1uky_	0.3135	0.2926	0.2727	0.3172	0.5263	0.4323	1.0
