	1omw_A	1ad5_A	1b6c_B	1how_A	1a9u_	1mq4_A	1f3m_C
1omw_A	1.0	0.1667	0.2406	0.2206	0.1888	0.2381	0.2292
1ad5_A	0.1667	1.0	0.2996	0.2185	0.2412	0.2415	0.2434
1b6c_B	0.2406	0.2996	1.0	0.2227	0.2321	0.2278	0.2434
1how_A	0.2206	0.2185	0.2227	1.0	0.2937	0.2834	0.2426
1a9u_	0.1888	0.2412	0.2321	0.2937	1.0	0.2697	0.2542
1mq4_A	0.2381	0.2415	0.2278	0.2834	0.2697	1.0	0.2712
1f3m_C	0.2292	0.2434	0.2434	0.2426	0.2542	0.2712	1.0
