	1izo_A	1e9x_A	1dt6_A	2hpd_A	1n97_A	1oxa_	1n40_A	1cpt_	1phd_
1izo_A	1.0	0.1556	0.147	0.1654	0.163	0.1395	0.1631	0.1631	0.1467
1e9x_A	0.1556	1.0	0.1507	0.2	0.1707	0.197	0.1641	0.1886	0.1632
1dt6_A	0.147	0.1507	1.0	0.1744	0.1828	0.1737	0.1796	0.1979	0.2
2hpd_A	0.1654	0.2	0.1744	1.0	0.1877	0.1487	0.1741	0.2119	0.1731
1n97_A	0.163	0.1707	0.1828	0.1877	1.0	0.2616	0.2244	0.1846	0.1508
1oxa_	0.1395	0.197	0.1737	0.1487	0.2616	1.0	0.2447	0.232	0.2222
1n40_A	0.1631	0.1641	0.1796	0.1741	0.2244	0.2447	1.0	0.231	0.2168
1cpt_	0.1631	0.1886	0.1979	0.2119	0.1846	0.232	0.231	1.0	0.2623
1phd_	0.1467	0.1632	0.2	0.1731	0.1508	0.2222	0.2168	0.2623	1.0
