	1lvl_	1mo9_A	1nhp_	1fcd_A	1d7y_A	1gv4_A	1djn_A	1cl0_A
1lvl_	1.0	0.2367	0.2121	0.1313	0.2055	0.194	0.1748	0.2289
1mo9_A	0.2367	1.0	0.217	0.1504	0.1994	0.1667	0.1515	0.188
1nhp_	0.2121	0.217	1.0	0.1172	0.1906	0.1794	0.17	0.2657
1fcd_A	0.1313	0.1504	0.1172	1.0	0.2055	0.1947	0.1116	0.129
1d7y_A	0.2055	0.1994	0.1906	0.2055	1.0	0.2387	0.16	0.1796
1gv4_A	0.194	0.1667	0.1794	0.1947	0.2387	1.0	0.1559	0.1841
1djn_A	0.1748	0.1515	0.17	0.1116	0.16	0.1559	1.0	0.1646
1cl0_A	0.2289	0.188	0.2657	0.129	0.1796	0.1841	0.1646	1.0
