	1gow_A	1c0d_A	1cz1_A	1edg_	1ceo_	1bhg_A
1gow_A	1.0	0.1859	0.1311	0.1873	0.1681	0.1794
1c0d_A	0.1859	1.0	0.1808	0.1933	0.1609	0.1784
1cz1_A	0.1311	0.1808	1.0	0.1864	0.2073	0.1762
1edg_	0.1873	0.1933	0.1864	1.0	0.1885	0.1947
1ceo_	0.1681	0.1609	0.2073	0.1885	1.0	0.1475
1bhg_A	0.1794	0.1784	0.1762	0.1947	0.1475	1.0
