	1kcz_A	4enl_	1jpd_X	2mnr_	1bqg_	1muc_A
1kcz_A	1.0	0.15	0.1985	0.1526	0.161	0.1916
4enl_	0.15	1.0	0.1455	0.1759	0.1406	0.1639
1jpd_X	0.1985	0.1455	1.0	0.186	0.1734	0.2453
2mnr_	0.1526	0.1759	0.186	1.0	0.1552	0.2551
1bqg_	0.161	0.1406	0.1734	0.1552	1.0	0.2276
1muc_A	0.1916	0.1639	0.2453	0.2551	0.2276	1.0
