	1cb9_A	1kba_A	1fas_	1drs_	1cod_	NXL3_OPHHA	CADO_BUNCA	NXSH_BUNMU	TXM2_NAJKA
1cb9_A	1.0	0.2833	0.2679	0.2963	0.2632	0.3667	0.3	0.3636	0.3793
1kba_A	0.2833	1.0	0.1964	0.2778	0.3333	0.3594	0.3443	0.3036	0.3333
1fas_	0.2679	0.1964	1.0	0.3276	0.322	0.1786	0.2833	0.3393	0.2667
1drs_	0.2963	0.2778	0.3276	1.0	0.3684	0.2593	0.3103	0.3704	0.2931
1cod_	0.2632	0.3333	0.322	0.3684	1.0	0.2456	0.4098	0.3103	0.3443
NXL3_OPHHA	0.3667	0.3594	0.1786	0.2593	0.2456	1.0	0.3	0.2679	0.3729
CADO_BUNCA	0.3	0.3443	0.2833	0.3103	0.4098	0.3	1.0	0.4	0.3175
NXSH_BUNMU	0.3636	0.3036	0.3393	0.3704	0.3103	0.2679	0.4	1.0	0.4068
TXM2_NAJKA	0.3793	0.3333	0.2667	0.2931	0.3443	0.3729	0.3175	0.4068	1.0
