	1hlq_A	2hip_A	1hpi_	HPIS_PARSP	HPIS_THIPF	1hip_
1hlq_A	1.0	0.2909	0.3793	0.3393	0.3051	0.339
2hip_A	0.2909	1.0	0.4182	0.3962	0.2727	0.2679
1hpi_	0.3793	0.4182	1.0	0.4	0.3966	0.4068
HPIS_PARSP	0.3393	0.3962	0.4	1.0	0.375	0.3929
HPIS_THIPF	0.3051	0.2727	0.3966	0.375	1.0	0.4068
1hip_	0.339	0.2679	0.4068	0.3929	0.4068	1.0
