	1d0e_A	1bqm_A	POL_CAEVC	POL_BIV06	POL_MPMV	POL_RSVP
1d0e_A	1.0	0.2824	0.2791	0.2944	0.3116	0.3349
1bqm_A	0.2824	1.0	0.5489	0.5227	0.3304	0.3684
POL_CAEVC	0.2791	0.5489	1.0	0.4932	0.326	0.3289
POL_BIV06	0.2944	0.5227	0.4932	1.0	0.3733	0.3548
POL_MPMV	0.3116	0.3304	0.326	0.3733	1.0	0.4846
POL_RSVP	0.3349	0.3684	0.3289	0.3548	0.4846	1.0
