	1bw5_	1akh_A	1ftz_	1fjl_A	HM05_CAEEL	HM17_APIME	BRX2_HUMAN	1ftt_
1bw5_	1.0	0.3095	0.2963	0.3519	0.3636	0.2364	0.2909	0.2963
1akh_A	0.3095	1.0	0.2439	0.3659	0.3488	0.3953	0.3256	0.3902
1ftz_	0.2963	0.2439	1.0	0.3704	0.4237	0.463	0.4068	0.3818
1fjl_A	0.3519	0.3659	0.3704	1.0	0.4074	0.4259	0.3889	0.3889
HM05_CAEEL	0.3636	0.3488	0.4237	0.4074	1.0	0.4444	0.2585	0.3966
HM17_APIME	0.2364	0.3953	0.463	0.4259	0.4444	1.0	0.5079	0.4737
BRX2_HUMAN	0.2909	0.3256	0.4068	0.3889	0.2585	0.5079	1.0	0.4655
1ftt_	0.2963	0.3902	0.3818	0.3889	0.3966	0.4737	0.4655	1.0
