	4enl_	1fhu_A	1kcz_A	1jpd_X	1bqg_	1rvk_A	1muc_A	2mnr_
4enl_	1.0	0.1608	0.1627	0.1703	0.1329	0.1759	0.1806	0.1536
1fhu_A	0.1608	1.0	0.119	0.2383	0.1767	0.1479	0.1811	0.1481
1kcz_A	0.1627	0.119	1.0	0.1799	0.1133	0.1442	0.1911	0.1581
1jpd_X	0.1703	0.2383	0.1799	1.0	0.1622	0.2022	0.2381	0.1765
1bqg_	0.1329	0.1767	0.1133	0.1622	1.0	0.1905	0.1986	0.173
1rvk_A	0.1759	0.1479	0.1442	0.2022	0.1905	1.0	0.2184	0.2359
1muc_A	0.1806	0.1811	0.1911	0.2381	0.1986	0.2184	1.0	0.2651
2mnr_	0.1536	0.1481	0.1581	0.1765	0.173	0.2359	0.2651	1.0
