	1bbt_ac	1b35_C	1bbt_ab	1mec_aa	1bbt_aa	1al2_ab	1al2_ac
1bbt_ac	1.0	0.1812	0.1495	0.1884	0.1638	0.1594	0.1525
1b35_C	0.1812	1.0	0.1575	0.1883	0.2	0.1963	0.2643
1bbt_ab	0.1495	0.1575	1.0	0.1769	0.1915	0.2518	0.2761
1mec_aa	0.1884	0.1883	0.1769	1.0	0.2589	0.2938	0.1579
1bbt_aa	0.1638	0.2	0.1915	0.2589	1.0	0.2348	0.2136
1al2_ab	0.1594	0.1963	0.2518	0.2938	0.2348	1.0	0.1724
1al2_ac	0.1525	0.2643	0.2761	0.1579	0.2136	0.1724	1.0
