	1d0e_A	1bqm_A	POL_CAEVC	POL_BIV06	POL_MPMV	POL_RSVP
1d0e_A	1.0	0.2838	0.2963	0.2963	0.3109	0.3203
1bqm_A	0.2838	1.0	0.4144	0.3989	0.2659	0.2763
POL_CAEVC	0.2963	0.4144	1.0	0.3642	0.2736	0.2769
POL_BIV06	0.2963	0.3989	0.3642	1.0	0.2946	0.2772
POL_MPMV	0.3109	0.2659	0.2736	0.2946	1.0	0.3457
POL_RSVP	0.3203	0.2763	0.2769	0.2772	0.3457	1.0
