	1ot5_A	1p8j_A	1dbi_A	ISP_PAEPO	TKSU_PYRKO	PRCA_ANASP	BPRX_BACNO
1ot5_A	1.0	0.4876	0.2731	0.28	0.2638	0.3553	0.2602
1p8j_A	0.4876	1.0	0.2605	0.2341	0.2578	0.3004	0.2768
1dbi_A	0.2731	0.2605	1.0	0.4	0.4649	0.346	0.425
ISP_PAEPO	0.28	0.2341	0.4	1.0	0.465	0.2903	0.3889
TKSU_PYRKO	0.2638	0.2578	0.4649	0.465	1.0	0.3254	0.428
PRCA_ANASP	0.3553	0.3004	0.346	0.2903	0.3254	1.0	0.3109
BPRX_BACNO	0.2602	0.2768	0.425	0.3889	0.428	0.3109	1.0
