	1cb9_A	1kba_A	1fas_	1drs_	1cod_	NXL3_OPHHA	CADO_BUNCA	NXSH_BUNMU	TXM2_NAJKA
1cb9_A	1.0	0.22	0.2826	0.2667	0.25	0.34	0.3	0.3261	0.3
1kba_A	0.22	1.0	0.2826	0.2444	0.3542	0.36	0.36	0.2609	0.32
1fas_	0.2826	0.2826	1.0	0.3696	0.375	0.2391	0.3878	0.3913	0.25
1drs_	0.2667	0.2444	0.3696	1.0	0.3556	0.2667	0.2708	0.3043	0.2553
1cod_	0.25	0.3542	0.375	0.3556	1.0	0.3125	0.4	0.3043	0.36
NXL3_OPHHA	0.34	0.36	0.2391	0.2667	0.3125	1.0	0.32	0.2609	0.38
CADO_BUNCA	0.3	0.36	0.3878	0.2708	0.4	0.32	1.0	0.3878	0.3077
NXSH_BUNMU	0.3261	0.2609	0.3913	0.3043	0.3043	0.2609	0.3878	1.0	0.3542
TXM2_NAJKA	0.3	0.32	0.25	0.2553	0.36	0.38	0.3077	0.3542	1.0
