	2tmd_A	1mo9_A	1nhp_	3grs_	1bhy_	1d7y_A
2tmd_A	1.0	0.1292	0.1199	0.1489	0.1564	0.1385
1mo9_A	0.1292	1.0	0.2334	0.2438	0.213	0.2154
1nhp_	0.1199	0.2334	1.0	0.1801	0.2158	0.2386
3grs_	0.1489	0.2438	0.1801	1.0	0.2857	0.215
1bhy_	0.1564	0.213	0.2158	0.2857	1.0	0.2658
1d7y_A	0.1385	0.2154	0.2386	0.215	0.2658	1.0
