	1bbt_ac	1al2_ad	1b35_C	1mec_aa	1al2_ab	1al2_ac
1bbt_ac	1.0	0.2744	0.1435	0.1047	0.1609	0.125
1al2_ad	0.2744	1.0	0.1586	0.1323	0.1323	0.1237
1b35_C	0.1435	0.1586	1.0	0.1414	0.1809	0.1592
1mec_aa	0.1047	0.1323	0.1414	1.0	0.2108	0.1217
1al2_ab	0.1609	0.1323	0.1809	0.2108	1.0	0.1129
1al2_ac	0.125	0.1237	0.1592	0.1217	0.1129	1.0
