	1bgl_A	BGAL_THEMA	BGA2_ECOLI	BGAL_BACHD	BGAL_STAXY	BGAL_ACTPL	BGAL_KLULA	BGAL_ARTSP
1bgl_A	1.0	0.3904	0.3521	0.3508	0.3381	0.3451	0.3383	0.3509
BGAL_THEMA	0.3904	1.0	0.3866	0.4015	0.3274	0.362	0.3687	0.3769
BGA2_ECOLI	0.3521	0.3866	1.0	0.3237	0.3174	0.3424	0.3681	0.3459
BGAL_BACHD	0.3508	0.4015	0.3237	1.0	0.3111	0.3282	0.3345	0.3353
BGAL_STAXY	0.3381	0.3274	0.3174	0.3111	1.0	0.4002	0.3167	0.3318
BGAL_ACTPL	0.3451	0.362	0.3424	0.3282	0.4002	1.0	0.3504	0.3433
BGAL_KLULA	0.3383	0.3687	0.3681	0.3345	0.3167	0.3504	1.0	0.3776
BGAL_ARTSP	0.3509	0.3769	0.3459	0.3353	0.3318	0.3433	0.3776	1.0
