	1ot5_A	1p8j_A	1dbi_A	ISP_PAEPO	TKSU_PYRKO	PRCA_ANASP	BPRX_BACNO
1ot5_A	1.0	0.4156	0.2625	0.2564	0.2545	0.3261	0.2506
1p8j_A	0.4156	1.0	0.2731	0.2265	0.2536	0.2903	0.2642
1dbi_A	0.2625	0.2731	1.0	0.3722	0.4358	0.3448	0.3941
ISP_PAEPO	0.2564	0.2265	0.3722	1.0	0.4205	0.2801	0.3333
TKSU_PYRKO	0.2545	0.2536	0.4358	0.4205	1.0	0.2916	0.3776
PRCA_ANASP	0.3261	0.2903	0.3448	0.2801	0.2916	1.0	0.2635
BPRX_BACNO	0.2506	0.2642	0.3941	0.3333	0.3776	0.2635	1.0
