	1hpi_	1hip_	2hip_A	1hlq_A	HPIS_THIPF	HPIS_PARSP
1hpi_	1.0	0.4237	0.4107	0.3448	0.4138	0.4
1hip_	0.4237	1.0	0.2712	0.3016	0.4394	0.3729
2hip_A	0.4107	0.2712	1.0	0.2807	0.2586	0.3889
1hlq_A	0.3448	0.3016	0.2807	1.0	0.2857	0.3158
HPIS_THIPF	0.4138	0.4394	0.2586	0.2857	1.0	0.3621
HPIS_PARSP	0.4	0.3729	0.3889	0.3158	0.3621	1.0
