	1wad_	1czj_	1gm4_A	CY3B_DESAF	CY31_DESDN	1gyo_A	3cao_A
1wad_	1.0	0.2658	0.4556	0.2947	0.3333	0.2872	0.2917
1czj_	0.2658	1.0	0.2911	0.3827	0.3377	0.2785	0.2656
1gm4_A	0.4556	0.2911	1.0	0.3333	0.359	0.314	0.2687
CY3B_DESAF	0.2947	0.3827	0.3333	1.0	0.4	0.4062	0.3514
CY31_DESDN	0.3333	0.3377	0.359	0.4	1.0	0.359	0.303
1gyo_A	0.2872	0.2785	0.314	0.4062	0.359	1.0	0.3108
3cao_A	0.2917	0.2656	0.2687	0.3514	0.303	0.3108	1.0
