	1hpi_	1hip_	2hip_A	1hlq_A	HPIS_THIPF	HPIS_PARSP
1hpi_	1.0	0.4237	0.434	0.3793	0.4138	0.4364
1hip_	0.4237	1.0	0.2679	0.2951	0.4375	0.3966
2hip_A	0.434	0.2679	1.0	0.3333	0.2727	0.3846
1hlq_A	0.3793	0.2951	0.3333	1.0	0.2951	0.3509
HPIS_THIPF	0.4138	0.4375	0.2727	0.2951	1.0	0.3966
HPIS_PARSP	0.4364	0.3966	0.3846	0.3509	0.3966	1.0
