	1sbp_	1wod_	1atg_	1mrp_	1a7l_A	1eu8_A
1sbp_	1.0	0.1755	0.1762	0.2136	0.1849	0.161
1wod_	0.1755	1.0	0.2512	0.2241	0.2157	0.2038
1atg_	0.1762	0.2512	1.0	0.1844	0.152	0.1517
1mrp_	0.2136	0.2241	0.1844	1.0	0.2363	0.2119
1a7l_A	0.1849	0.2157	0.152	0.2363	1.0	0.2618
1eu8_A	0.161	0.2038	0.1517	0.2119	0.2618	1.0
