	2pia_	1fnc_	1fdr_	1ndh_	1cqx_A	1krh_A	1qfj_A
2pia_	1.0	0.1667	0.1954	0.185	0.2745	0.2245	0.1856
1fnc_	0.1667	1.0	0.209	0.2027	0.1872	0.2465	0.1981
1fdr_	0.1954	0.209	1.0	0.2147	0.2258	0.2717	0.1568
1ndh_	0.185	0.2027	0.2147	1.0	0.1674	0.244	0.1912
1cqx_A	0.2745	0.1872	0.2258	0.1674	1.0	0.2594	0.1912
1krh_A	0.2245	0.2465	0.2717	0.244	0.2594	1.0	0.2327
1qfj_A	0.1856	0.1981	0.1568	0.1912	0.1912	0.2327	1.0
