	3cao_A	1czj_	CY3B_DESAF	1gyo_A	CY31_DESDN	1gm4_A	1wad_
3cao_A	1.0	0.2133	0.3067	0.274	0.3467	0.2857	0.2973
1czj_	0.2133	1.0	0.3196	0.2947	0.2903	0.2609	0.266
CY3B_DESAF	0.3067	0.3196	1.0	0.3474	0.3542	0.3474	0.2766
1gyo_A	0.274	0.2947	0.3474	1.0	0.3077	0.3111	0.2391
CY31_DESDN	0.3467	0.2903	0.3542	0.3077	1.0	0.3913	0.3667
1gm4_A	0.2857	0.2609	0.3474	0.3111	0.3913	1.0	0.4043
1wad_	0.2973	0.266	0.2766	0.2391	0.3667	0.4043	1.0
