	1thx_	1erv_	1ewx_A	1jfu_A	1kng_A	1se1_A	1mek_
1thx_	1.0	0.2239	0.2812	0.254	0.2769	0.15	0.2143
1erv_	0.2239	1.0	0.2344	0.2787	0.2381	0.322	0.2647
1ewx_A	0.2812	0.2344	1.0	0.3279	0.2812	0.2623	0.2537
1jfu_A	0.254	0.2787	0.3279	1.0	0.3281	0.2069	0.2273
1kng_A	0.2769	0.2381	0.2812	0.3281	1.0	0.2459	0.2029
1se1_A	0.15	0.322	0.2623	0.2069	0.2459	1.0	0.2969
1mek_	0.2143	0.2647	0.2537	0.2273	0.2029	0.2969	1.0
