	1abo_A	1ycs_B	1pht_	1ihv_A	1bb9_	1hjd_A	1ov3_A
1abo_A	1.0	0.2553	0.28	0.25	0.2128	0.2653	0.2292
1ycs_B	0.2553	1.0	0.2549	0.2857	0.3051	0.1935	0.2453
1pht_	0.28	0.2549	1.0	0.1923	0.3529	0.2453	0.2642
1ihv_A	0.25	0.2857	0.1923	1.0	0.1579	0.2121	0.2703
1bb9_	0.2128	0.3051	0.3529	0.1579	1.0	0.2941	0.32
1hjd_A	0.2653	0.1935	0.2453	0.2121	0.2941	1.0	0.2742
1ov3_A	0.2292	0.2453	0.2642	0.2703	0.32	0.2742	1.0
