	1lci_	1amu_A	1md9_A	1pg3_A	1t5d_X	1ult_A
1lci_	1.0	0.2009	0.2511	0.2034	0.2337	0.2583
1amu_A	0.2009	1.0	0.2354	0.2371	0.2127	0.222
1md9_A	0.2511	0.2354	1.0	0.2345	0.2616	0.3106
1pg3_A	0.2034	0.2371	0.2345	1.0	0.2548	0.2599
1t5d_X	0.2337	0.2127	0.2616	0.2548	1.0	0.2777
1ult_A	0.2583	0.222	0.3106	0.2599	0.2777	1.0
