	4enl_	1fhu_A	1kcz_A	1jpd_X	1bqg_	1rvk_A	1muc_A	2mnr_
4enl_	1.0	0.1853	0.1684	0.1734	0.1699	0.1829	0.1821	0.1955
1fhu_A	0.1853	1.0	0.1689	0.2684	0.27	0.1846	0.1858	0.161
1kcz_A	0.1684	0.1689	1.0	0.2076	0.1811	0.194	0.2351	0.1928
1jpd_X	0.1734	0.2684	0.2076	1.0	0.2222	0.2707	0.2638	0.2586
1bqg_	0.1699	0.27	0.1811	0.2222	1.0	0.2287	0.2625	0.2143
1rvk_A	0.1829	0.1846	0.194	0.2707	0.2287	1.0	0.2438	0.25
1muc_A	0.1821	0.1858	0.2351	0.2638	0.2625	0.2438	1.0	0.3017
2mnr_	0.1955	0.161	0.1928	0.2586	0.2143	0.25	0.3017	1.0
