	1abo_A	1ycs_B	1pht_	1bb9_	1hjd_A	1ov3_A	1ue9_A
1abo_A	1.0	0.26	0.3	0.2292	0.22	0.2245	0.3061
1ycs_B	0.26	1.0	0.2321	0.2982	0.2	0.2344	0.1607
1pht_	0.3	0.2321	1.0	0.3396	0.2414	0.2778	0.2143
1bb9_	0.2292	0.2982	0.3396	1.0	0.2885	0.3148	0.2264
1hjd_A	0.22	0.2	0.2414	0.2885	1.0	0.254	0.2321
1ov3_A	0.2245	0.2344	0.2778	0.3148	0.254	1.0	0.2581
1ue9_A	0.3061	0.1607	0.2143	0.2264	0.2321	0.2581	1.0
