	NXL3_OPHHA	TXM2_NAJKA	NXSH_BUNMU	1drs_	1fas_	1kba_A	1cb9_A	CADO_BUNCA	1cod_
NXL3_OPHHA	1.0	0.3729	0.2909	0.2453	0.2545	0.3538	0.35	0.3333	0.3684
TXM2_NAJKA	0.3729	1.0	0.3934	0.3103	0.3	0.3559	0.3793	0.3333	0.371
NXSH_BUNMU	0.2909	0.3934	1.0	0.3704	0.4107	0.3091	0.3704	0.4237	0.3621
1drs_	0.2453	0.3103	0.3704	1.0	0.375	0.2593	0.3269	0.3448	0.3929
1fas_	0.2545	0.3	0.4107	0.375	1.0	0.2679	0.3333	0.3333	0.3167
1kba_A	0.3538	0.3559	0.3091	0.2593	0.2679	1.0	0.2667	0.4098	0.3684
1cb9_A	0.35	0.3793	0.3704	0.3269	0.3333	0.2667	1.0	0.35	0.3571
CADO_BUNCA	0.3333	0.3333	0.4237	0.3448	0.3333	0.4098	0.35	1.0	0.4262
1cod_	0.3684	0.371	0.3621	0.3929	0.3167	0.3684	0.3571	0.4262	1.0
