	1cpj_A	TNAG_HUMAN	1jqp_A	CAL2_GIALA	1deu_A	1ppn_	1aim_	CATO_HUMAN
1cpj_A	1.0	0.3304	0.3604	0.3801	0.2946	0.3214	0.3105	0.2913
TNAG_HUMAN	0.3304	1.0	0.2939	0.2794	0.2723	0.2602	0.2579	0.2759
1jqp_A	0.3604	0.2939	1.0	0.349	0.3591	0.3385	0.3316	0.2941
CAL2_GIALA	0.3801	0.2794	0.349	1.0	0.2752	0.2974	0.3737	0.3074
1deu_A	0.2946	0.2723	0.3591	0.2752	1.0	0.268	0.2381	0.3122
1ppn_	0.3214	0.2602	0.3385	0.2974	0.268	1.0	0.3789	0.3194
1aim_	0.3105	0.2579	0.3316	0.3737	0.2381	0.3789	1.0	0.3632
CATO_HUMAN	0.2913	0.2759	0.2941	0.3074	0.3122	0.3194	0.3632	1.0
