	1cpj_A	TNAG_HUMAN	1jqp_A	CAL2_GIALA	1deu_A	1ppn_	1aim_	CATO_HUMAN
1cpj_A	1.0	0.3568	0.3773	0.3917	0.2968	0.3265	0.3109	0.2938
TNAG_HUMAN	0.3568	1.0	0.266	0.2981	0.2648	0.2908	0.2591	0.2792
1jqp_A	0.3773	0.266	1.0	0.3346	0.3585	0.3598	0.3404	0.2888
CAL2_GIALA	0.3917	0.2981	0.3346	1.0	0.2679	0.3089	0.3717	0.3027
1deu_A	0.2968	0.2648	0.3585	0.2679	1.0	0.2842	0.2419	0.3024
1ppn_	0.3265	0.2908	0.3598	0.3089	0.2842	1.0	0.3676	0.328
1aim_	0.3109	0.2591	0.3404	0.3717	0.2419	0.3676	1.0	0.3854
CATO_HUMAN	0.2938	0.2792	0.2888	0.3027	0.3024	0.328	0.3854	1.0
