	1wod_	1atg_	1mrp_	1pot_	1a7l_A	1eu8_A
1wod_	1.0	0.2723	0.2428	0.2299	0.1795	0.1659
1atg_	0.2723	1.0	0.2024	0.2086	0.1503	0.1716
1mrp_	0.2428	0.2024	1.0	0.2727	0.2308	0.2115
1pot_	0.2299	0.2086	0.2727	1.0	0.2166	0.1883
1a7l_A	0.1795	0.1503	0.2308	0.2166	1.0	0.2984
1eu8_A	0.1659	0.1716	0.2115	0.1883	0.2984	1.0
