	1abo_A	1pht_	1hjd_A	1ycs_B	1bb9_	1ov3_A
1abo_A	1.0	0.3261	0.25	0.2444	0.2174	0.2619
1pht_	0.3261	1.0	0.2391	0.22	0.3061	0.2444
1hjd_A	0.25	0.2391	1.0	0.2444	0.3261	0.2857
1ycs_B	0.2444	0.22	0.2444	1.0	0.3542	0.2889
1bb9_	0.2174	0.3061	0.3261	0.3542	1.0	0.3778
1ov3_A	0.2619	0.2444	0.2857	0.2889	0.3778	1.0
