	1amu_A	1lci_	1pg3_A	1t5d_X	1md9_A	1ult_A
1amu_A	1.0	0.1941	0.2004	0.1966	0.2159	0.2158
1lci_	0.1941	1.0	0.1988	0.228	0.2464	0.2454
1pg3_A	0.2004	0.1988	1.0	0.2283	0.23	0.2375
1t5d_X	0.1966	0.228	0.2283	1.0	0.2541	0.2772
1md9_A	0.2159	0.2464	0.23	0.2541	1.0	0.3092
1ult_A	0.2158	0.2454	0.2375	0.2772	0.3092	1.0
