	3cao_A	1czj_	1gyo_A	CY3B_DESAF	CY31_DESDN	1wad_	1gm4_A
3cao_A	1.0	0.2174	0.2584	0.2577	0.2766	0.2391	0.2308
1czj_	0.2174	1.0	0.2952	0.3028	0.2523	0.2453	0.2524
1gyo_A	0.2584	0.2952	1.0	0.3654	0.3048	0.2549	0.3061
CY3B_DESAF	0.2577	0.3028	0.3654	1.0	0.2963	0.2407	0.3143
CY31_DESDN	0.2766	0.2523	0.3048	0.2963	1.0	0.3396	0.3564
1wad_	0.2391	0.2453	0.2549	0.2407	0.3396	1.0	0.419
1gm4_A	0.2308	0.2524	0.3061	0.3143	0.3564	0.419	1.0
