	4enl_	1kcz_A	1jpd_X	1bqg_	1rvk_A	1muc_A	2mnr_
4enl_	1.0	0.161	0.1811	0.1492	0.1824	0.1932	0.1864
1kcz_A	0.161	1.0	0.2097	0.1564	0.1911	0.2127	0.1429
1jpd_X	0.1811	0.2097	1.0	0.1959	0.25	0.2598	0.2105
1bqg_	0.1492	0.1564	0.1959	1.0	0.2461	0.2483	0.2078
1rvk_A	0.1824	0.1911	0.25	0.2461	1.0	0.2508	0.2299
1muc_A	0.1932	0.2127	0.2598	0.2483	0.2508	1.0	0.2557
2mnr_	0.1864	0.1429	0.2105	0.2078	0.2299	0.2557	1.0
