	2hpd_A	1n97_A	1oxa_	1n40_A	1cpt_	1phd_
2hpd_A	1.0	0.1957	0.1487	0.1746	0.2119	0.1752
1n97_A	0.1957	1.0	0.2656	0.233	0.1824	0.1526
1oxa_	0.1487	0.2656	1.0	0.2447	0.2338	0.2238
1n40_A	0.1746	0.233	0.2447	1.0	0.231	0.2188
1cpt_	0.2119	0.1824	0.2338	0.231	1.0	0.263
1phd_	0.1752	0.1526	0.2238	0.2188	0.263	1.0
