	1cb9_A	1kba_A	1fas_	1drs_	1cod_	NXL3_OPHHA	CADO_BUNCA	NXSH_BUNMU	TXM2_NAJKA
1cb9_A	1.0	0.24	0.1875	0.2391	0.2292	0.34	0.28	0.3333	0.3
1kba_A	0.24	1.0	0.1837	0.2128	0.3265	0.3529	0.34	0.2667	0.3333
1fas_	0.1875	0.1837	1.0	0.2708	0.3061	0.1633	0.2245	0.2391	0.18
1drs_	0.2391	0.2128	0.2708	1.0	0.2917	0.2083	0.25	0.2667	0.1667
1cod_	0.2292	0.3265	0.3061	0.2917	1.0	0.2449	0.3725	0.2766	0.32
NXL3_OPHHA	0.34	0.3529	0.1633	0.2083	0.2449	1.0	0.3	0.2444	0.3725
CADO_BUNCA	0.28	0.34	0.2245	0.25	0.3725	0.3	1.0	0.3878	0.283
NXSH_BUNMU	0.3333	0.2667	0.2391	0.2667	0.2766	0.2444	0.3878	1.0	0.3542
TXM2_NAJKA	0.3	0.3333	0.18	0.1667	0.32	0.3725	0.283	0.3542	1.0
