	1cbg_	1bga_A	1gow_A	1pbg_A	BGL2_BACSU	ABGA_CLOLO	BGLA_ERWHE
1cbg_	1.0	0.3793	0.2679	0.3469	0.3812	0.3052	0.305
1bga_A	0.3793	1.0	0.2888	0.3596	0.3959	0.3643	0.3464
1gow_A	0.2679	0.2888	1.0	0.277	0.2775	0.262	0.267
1pbg_A	0.3469	0.3596	0.277	1.0	0.3581	0.3581	0.3152
BGL2_BACSU	0.3812	0.3959	0.2775	0.3581	1.0	0.4322	0.3188
ABGA_CLOLO	0.3052	0.3643	0.262	0.3581	0.4322	1.0	0.2915
BGLA_ERWHE	0.305	0.3464	0.267	0.3152	0.3188	0.2915	1.0
