	1ped_A	2ohx_A	1e3j_A	1vj0_A	1kol_A	1gu7_A	1qor_A	1iyz_A	1vj1_A
1ped_A	1.0	0.2796	0.2492	0.2446	0.2562	0.1916	0.2	0.2355	0.1834
2ohx_A	0.2796	1.0	0.2412	0.2569	0.2134	0.1797	0.2426	0.219	0.2055
1e3j_A	0.2492	0.2412	1.0	0.25	0.278	0.1627	0.226	0.2452	0.1805
1vj0_A	0.2446	0.2569	0.25	1.0	0.2229	0.1981	0.2443	0.2747	0.2055
1kol_A	0.2562	0.2134	0.278	0.2229	1.0	0.1959	0.1781	0.2405	0.1935
1gu7_A	0.1916	0.1797	0.1627	0.1981	0.1959	1.0	0.223	0.2073	0.2192
1qor_A	0.2	0.2426	0.226	0.2443	0.1781	0.223	1.0	0.2826	0.2109
1iyz_A	0.2355	0.219	0.2452	0.2747	0.2405	0.2073	0.2826	1.0	0.2218
1vj1_A	0.1834	0.2055	0.1805	0.2055	0.1935	0.2192	0.2109	0.2218	1.0
