	1cpt_	1oxa_	1phd_	2hpd_A	1dt6_A	1e9x_A	1izo_A	1n40_A	1n97_A
1cpt_	1.0	0.252	0.2461	0.2073	0.1779	0.1974	0.1717	0.2438	0.1959
1oxa_	0.252	1.0	0.2295	0.1547	0.1806	0.2173	0.1671	0.2608	0.2105
1phd_	0.2461	0.2295	1.0	0.1772	0.1771	0.1536	0.1755	0.2287	0.1869
2hpd_A	0.2073	0.1547	0.1772	1.0	0.182	0.2251	0.1788	0.1816	0.2404
1dt6_A	0.1779	0.1806	0.1771	0.182	1.0	0.1769	0.1542	0.1436	0.2158
1e9x_A	0.1974	0.2173	0.1536	0.2251	0.1769	1.0	0.1733	0.1662	0.2044
1izo_A	0.1717	0.1671	0.1755	0.1788	0.1542	0.1733	1.0	0.1685	0.2012
1n40_A	0.2438	0.2608	0.2287	0.1816	0.1436	0.1662	0.1685	1.0	0.1831
1n97_A	0.1959	0.2105	0.1869	0.2404	0.2158	0.2044	0.2012	0.1831	1.0
