	1zip_	2ak2_	2ak3_A	1zak_A	1qf9_A	3adk_	1uky_
1zip_	1.0	0.4293	0.3786	0.4058	0.2983	0.3681	0.3207
2ak2_	0.4293	1.0	0.4244	0.3447	0.2935	0.3405	0.2973
2ak3_A	0.3786	0.4244	1.0	0.3519	0.2919	0.2811	0.266
1zak_A	0.4058	0.3447	0.3519	1.0	0.2802	0.4044	0.3118
1qf9_A	0.2983	0.2935	0.2919	0.2802	1.0	0.4171	0.5401
3adk_	0.3681	0.3405	0.2811	0.4044	0.4171	1.0	0.4474
1uky_	0.3207	0.2973	0.266	0.3118	0.5401	0.4474	1.0
