	1gow_A	BGLA_ERWHE	1pbg_A	1cbg_	1bga_A	ABGA_CLOLO	BGL2_BACSU
1gow_A	1.0	0.2558	0.2727	0.2676	0.2732	0.2471	0.2721
BGLA_ERWHE	0.2558	1.0	0.3273	0.3018	0.3455	0.2803	0.3103
1pbg_A	0.2727	0.3273	1.0	0.3447	0.3517	0.3525	0.3581
1cbg_	0.2676	0.3018	0.3447	1.0	0.373	0.2918	0.3807
1bga_A	0.2732	0.3455	0.3517	0.373	1.0	0.3438	0.3829
ABGA_CLOLO	0.2471	0.2803	0.3525	0.2918	0.3438	1.0	0.4136
BGL2_BACSU	0.2721	0.3103	0.3581	0.3807	0.3829	0.4136	1.0
