	1ar5_A	1coj_A	1gv3_A	SODF_NICPL	SODM_CANAL	SOD1_HALN1	SODM_CHAFE	SODM_AGABI
1ar5_A	1.0	0.3021	0.3949	0.3594	0.4124	0.4041	0.4645	0.4158
1coj_A	0.3021	1.0	0.2251	0.291	0.2737	0.3316	0.2682	0.2473
1gv3_A	0.3949	0.2251	1.0	0.3927	0.342	0.3906	0.4505	0.381
SODF_NICPL	0.3594	0.291	0.3927	1.0	0.2969	0.3822	0.3464	0.2979
SODM_CANAL	0.4124	0.2737	0.342	0.2969	1.0	0.3057	0.4286	0.4211
SOD1_HALN1	0.4041	0.3316	0.3906	0.3822	0.3057	1.0	0.4	0.3228
SODM_CHAFE	0.4645	0.2682	0.4505	0.3464	0.4286	0.4	1.0	0.4237
SODM_AGABI	0.4158	0.2473	0.381	0.2979	0.4211	0.3228	0.4237	1.0
