	1cpt_	1oxa_	1phd_	2hpd_A	1dt6_A	1izo_A	1n40_A	1n97_A
1cpt_	1.0	0.2659	0.2913	0.2113	0.2208	0.1905	0.2555	0.2138
1oxa_	0.2659	1.0	0.2353	0.1657	0.1983	0.1733	0.2565	0.2557
1phd_	0.2913	0.2353	1.0	0.205	0.2149	0.1905	0.2338	0.2062
2hpd_A	0.2113	0.1657	0.205	1.0	0.2143	0.215	0.1982	0.273
1dt6_A	0.2208	0.1983	0.2149	0.2143	1.0	0.1797	0.1976	0.2481
1izo_A	0.1905	0.1733	0.1905	0.215	0.1797	1.0	0.1783	0.2154
1n40_A	0.2555	0.2565	0.2338	0.1982	0.1976	0.1783	1.0	0.1984
1n97_A	0.2138	0.2557	0.2062	0.273	0.2481	0.2154	0.1984	1.0
