	1ycs_B	1pht_	1bb9_	1hjd_A	1ov3_A	1ue9_A
1ycs_B	1.0	0.2292	0.2917	0.2083	0.3191	0.1778
1pht_	0.2292	1.0	0.3	0.2	0.2222	0.234
1bb9_	0.2917	0.3	1.0	0.283	0.3333	0.24
1hjd_A	0.2083	0.2	0.283	1.0	0.2889	0.26
1ov3_A	0.3191	0.2222	0.3333	0.2889	1.0	0.3111
1ue9_A	0.1778	0.234	0.24	0.26	0.3111	1.0
