	2ak3_A	1zak_A	3adk_	1qf9_A	1uky_	2ak2_	1zip_
2ak3_A	1.0	0.3535	0.2781	0.2872	0.2674	0.4085	0.3714
1zak_A	0.3535	1.0	0.4011	0.2796	0.3102	0.3429	0.4106
3adk_	0.2781	0.4011	1.0	0.4105	0.4381	0.3457	0.3838
1qf9_A	0.2872	0.2796	0.4105	1.0	0.5316	0.2827	0.2926
1uky_	0.2674	0.3102	0.4381	0.5316	1.0	0.2979	0.3243
2ak2_	0.4085	0.3429	0.3457	0.2827	0.2979	1.0	0.4101
1zip_	0.3714	0.4106	0.3838	0.2926	0.3243	0.4101	1.0
