	1cpt_	1oxa_	1phd_	2hpd_A	1e9x_A	1n40_A	1n97_A
1cpt_	1.0	0.2676	0.288	0.2284	0.2114	0.2816	0.2046
1oxa_	0.2676	1.0	0.2315	0.1751	0.2377	0.284	0.254
1phd_	0.288	0.2315	1.0	0.1887	0.1656	0.234	0.2
2hpd_A	0.2284	0.1751	0.1887	1.0	0.2212	0.183	0.2548
1e9x_A	0.2114	0.2377	0.1656	0.2212	1.0	0.181	0.2172
1n40_A	0.2816	0.284	0.234	0.183	0.181	1.0	0.2315
1n97_A	0.2046	0.254	0.2	0.2548	0.2172	0.2315	1.0
