	1cpj_A	TNAG_HUMAN	1jqp_A	CAL2_GIALA	1deu_A	1ppn_	1aim_	CATO_HUMAN
1cpj_A	1.0	0.3665	0.3704	0.3705	0.3091	0.3231	0.3177	0.298
TNAG_HUMAN	0.3665	1.0	0.3318	0.3045	0.285	0.2723	0.2796	0.3096
1jqp_A	0.3704	0.3318	1.0	0.385	0.3756	0.3548	0.3536	0.3367
CAL2_GIALA	0.3705	0.3045	0.385	1.0	0.2673	0.2923	0.3421	0.3198
1deu_A	0.3091	0.285	0.3756	0.2673	1.0	0.2713	0.2649	0.3077
1ppn_	0.3231	0.2723	0.3548	0.2923	0.2713	1.0	0.3784	0.3242
1aim_	0.3177	0.2796	0.3536	0.3421	0.2649	0.3784	1.0	0.3757
CATO_HUMAN	0.298	0.3096	0.3367	0.3198	0.3077	0.3242	0.3757	1.0
