	1wad_	1czj_	1gm4_A	CY3B_DESAF	CY31_DESDN	1gyo_A	3cao_A
1wad_	1.0	0.2708	0.3868	0.2178	0.3333	0.1935	0.2159
1czj_	0.2708	1.0	0.2872	0.3107	0.2737	0.2474	0.2381
1gm4_A	0.3868	0.2872	1.0	0.3131	0.36	0.2903	0.2386
CY3B_DESAF	0.2178	0.3107	0.3131	1.0	0.2376	0.3204	0.2614
CY31_DESDN	0.3333	0.2737	0.36	0.2376	1.0	0.2473	0.2473
1gyo_A	0.1935	0.2474	0.2903	0.3204	0.2473	1.0	0.2195
3cao_A	0.2159	0.2381	0.2386	0.2614	0.2473	0.2195	1.0
