	4enl_	1kcz_A	1jpd_X	1bqg_	1rvk_A	1muc_A	2mnr_
4enl_	1.0	0.1627	0.1698	0.1619	0.1765	0.1696	0.1812
1kcz_A	0.1627	1.0	0.188	0.1404	0.1543	0.2143	0.1443
1jpd_X	0.1698	0.188	1.0	0.1667	0.2375	0.2528	0.2077
1bqg_	0.1619	0.1404	0.1667	1.0	0.1979	0.2143	0.1739
1rvk_A	0.1765	0.1543	0.2375	0.1979	1.0	0.2318	0.2193
1muc_A	0.1696	0.2143	0.2528	0.2143	0.2318	1.0	0.2473
2mnr_	0.1812	0.1443	0.2077	0.1739	0.2193	0.2473	1.0
