	1sbp_	1wod_	1mrp_	1pot_	1a7l_A	1eu8_A
1sbp_	1.0	0.2032	0.2323	0.1815	0.2007	0.1818
1wod_	0.2032	1.0	0.2434	0.1862	0.205	0.1866
1mrp_	0.2323	0.2434	1.0	0.2088	0.2239	0.2288
1pot_	0.1815	0.1862	0.2088	1.0	0.1832	0.1557
1a7l_A	0.2007	0.205	0.2239	0.1832	1.0	0.2879
1eu8_A	0.1818	0.1866	0.2288	0.1557	0.2879	1.0
