	1bgl_A	BGAL_THEMA	BGA2_ECOLI	BGAL_BACHD	BGAL_STAXY	BGAL_ACTPL	BGAL_KLULA	BGAL_ARTSP
1bgl_A	1.0	0.3801	0.3474	0.3501	0.3322	0.3379	0.3271	0.3421
BGAL_THEMA	0.3801	1.0	0.3682	0.3852	0.3153	0.35	0.3537	0.3599
BGA2_ECOLI	0.3474	0.3682	1.0	0.3159	0.3066	0.3351	0.3577	0.3279
BGAL_BACHD	0.3501	0.3852	0.3159	1.0	0.3077	0.3173	0.329	0.3201
BGAL_STAXY	0.3322	0.3153	0.3066	0.3077	1.0	0.3969	0.314	0.3136
BGAL_ACTPL	0.3379	0.35	0.3351	0.3173	0.3969	1.0	0.3473	0.3285
BGAL_KLULA	0.3271	0.3537	0.3577	0.329	0.314	0.3473	1.0	0.3615
BGAL_ARTSP	0.3421	0.3599	0.3279	0.3201	0.3136	0.3285	0.3615	1.0
