	1zip_	2ak2_	2ak3_A	1zak_A	1qf9_A	3adk_	1uky_
1zip_	1.0	0.412	0.3732	0.4078	0.2888	0.373	0.3135
2ak2_	0.412	1.0	0.4163	0.3495	0.2888	0.3405	0.2973
2ak3_A	0.3732	0.4163	1.0	0.3596	0.2967	0.2912	0.2747
1zak_A	0.4078	0.3495	0.3596	1.0	0.2802	0.4076	0.3152
1qf9_A	0.2888	0.2888	0.2967	0.2802	1.0	0.4185	0.5489
3adk_	0.373	0.3405	0.2912	0.4076	0.4185	1.0	0.457
1uky_	0.3135	0.2973	0.2747	0.3152	0.5489	0.457	1.0
