	NXL3_OPHHA	1kba_A	1cb9_A	CADO_BUNCA	1cod_	TXM2_NAJKA	NXSH_BUNMU	1drs_	1fas_
NXL3_OPHHA	1.0	0.3594	0.3667	0.3559	0.3333	0.3729	0.2857	0.2778	0.2963
1kba_A	0.3594	1.0	0.2667	0.3833	0.3684	0.3898	0.2857	0.2963	0.2545
1cb9_A	0.3667	0.2667	1.0	0.3729	0.3333	0.3729	0.375	0.3148	0.3519
CADO_BUNCA	0.3559	0.3833	0.3729	1.0	0.4262	0.3333	0.4237	0.2931	0.339
1cod_	0.3333	0.3684	0.3333	0.4262	1.0	0.377	0.3684	0.3571	0.3276
TXM2_NAJKA	0.3729	0.3898	0.3729	0.3333	0.377	1.0	0.4	0.2931	0.3051
NXSH_BUNMU	0.2857	0.2857	0.375	0.4237	0.3684	0.4	1.0	0.375	0.4
1drs_	0.2778	0.2963	0.3148	0.2931	0.3571	0.2931	0.375	1.0	0.3519
1fas_	0.2963	0.2545	0.3519	0.339	0.3276	0.3051	0.4	0.3519	1.0
