	1uky_	1dvr_A	1gky_	1kgd_A	1e2d_A	4tmk_A	1bif_
1uky_	1.0	0.3006	0.2483	0.1716	0.1895	0.2164	0.1967
1dvr_A	0.3006	1.0	0.2042	0.1667	0.2028	0.2266	0.1292
1gky_	0.2483	0.2042	1.0	0.2966	0.197	0.2137	0.2012
1kgd_A	0.1716	0.1667	0.2966	1.0	0.1679	0.1933	0.1961
1e2d_A	0.1895	0.2028	0.197	0.1679	1.0	0.2953	0.186
4tmk_A	0.2164	0.2266	0.2137	0.1933	0.2953	1.0	0.1948
1bif_	0.1967	0.1292	0.2012	0.1961	0.186	0.1948	1.0
