	1ot5_A	1p8j_A	1dbi_A	ISP_PAEPO	TKSU_PYRKO	PRCA_ANASP	BPRX_BACNO
1ot5_A	1.0	0.4252	0.2833	0.3089	0.2816	0.3491	0.2534
1p8j_A	0.4252	1.0	0.2686	0.252	0.2761	0.2834	0.2678
1dbi_A	0.2833	0.2686	1.0	0.3926	0.459	0.3629	0.4286
ISP_PAEPO	0.3089	0.252	0.3926	1.0	0.4575	0.3083	0.3843
TKSU_PYRKO	0.2816	0.2761	0.459	0.4575	1.0	0.3263	0.4164
PRCA_ANASP	0.3491	0.2834	0.3629	0.3083	0.3263	1.0	0.2867
BPRX_BACNO	0.2534	0.2678	0.4286	0.3843	0.4164	0.2867	1.0
