	1ot5_A	1p8j_A	1dbi_A	ISP_PAEPO	TKSU_PYRKO	PRCA_ANASP	BPRX_BACNO
1ot5_A	1.0	0.3987	0.2348	0.2114	0.2268	0.3068	0.2237
1p8j_A	0.3987	1.0	0.245	0.1953	0.223	0.2525	0.228
1dbi_A	0.2348	0.245	1.0	0.3705	0.4125	0.302	0.3887
ISP_PAEPO	0.2114	0.1953	0.3705	1.0	0.404	0.2285	0.2962
TKSU_PYRKO	0.2268	0.223	0.4125	0.404	1.0	0.2334	0.3358
PRCA_ANASP	0.3068	0.2525	0.302	0.2285	0.2334	1.0	0.2125
BPRX_BACNO	0.2237	0.228	0.3887	0.2962	0.3358	0.2125	1.0
