	1ot5_A	1p8j_A	1dbi_A	ISP_PAEPO	TKSU_PYRKO	PRCA_ANASP	BPRX_BACNO
1ot5_A	1.0	0.4293	0.2625	0.2596	0.25	0.3255	0.254
1p8j_A	0.4293	1.0	0.2731	0.2378	0.2583	0.288	0.2619
1dbi_A	0.2625	0.2731	1.0	0.3722	0.4392	0.3475	0.397
ISP_PAEPO	0.2596	0.2378	0.3722	1.0	0.427	0.2746	0.346
TKSU_PYRKO	0.25	0.2583	0.4392	0.427	1.0	0.3023	0.3753
PRCA_ANASP	0.3255	0.288	0.3475	0.2746	0.3023	1.0	0.2586
BPRX_BACNO	0.254	0.2619	0.397	0.346	0.3753	0.2586	1.0
