	BGAL_STAXY	BGAL_ACTPL	BGAL_ARTSP	BGAL_KLULA	BGA2_ECOLI	1bgl_A	BGAL_THEMA	BGAL_BACHD
BGAL_STAXY	1.0	0.3867	0.3064	0.3056	0.3036	0.329	0.3137	0.2985
BGAL_ACTPL	0.3867	1.0	0.3279	0.3481	0.3274	0.3402	0.353	0.3256
BGAL_ARTSP	0.3064	0.3279	1.0	0.3611	0.3233	0.3341	0.3541	0.3148
BGAL_KLULA	0.3056	0.3481	0.3611	1.0	0.3625	0.3222	0.3497	0.3136
BGA2_ECOLI	0.3036	0.3274	0.3233	0.3625	1.0	0.3487	0.3652	0.3135
1bgl_A	0.329	0.3402	0.3341	0.3222	0.3487	1.0	0.3785	0.3438
BGAL_THEMA	0.3137	0.353	0.3541	0.3497	0.3652	0.3785	1.0	0.3811
BGAL_BACHD	0.2985	0.3256	0.3148	0.3136	0.3135	0.3438	0.3811	1.0
