	4enl_	1fhu_A	1kcz_A	1jpd_X	1bqg_	1rvk_A	1muc_A	2mnr_
4enl_	1.0	0.2255	0.1971	0.2039	0.1705	0.1919	0.1831	0.1931
1fhu_A	0.2255	1.0	0.1909	0.2383	0.2181	0.1925	0.2095	0.1983
1kcz_A	0.1971	0.1909	1.0	0.1977	0.175	0.195	0.2155	0.155
1jpd_X	0.2039	0.2383	0.1977	1.0	0.2015	0.2754	0.2464	0.229
1bqg_	0.1705	0.2181	0.175	0.2015	1.0	0.2638	0.2508	0.2516
1rvk_A	0.1919	0.1925	0.195	0.2754	0.2638	1.0	0.237	0.2564
1muc_A	0.1831	0.2095	0.2155	0.2464	0.2508	0.237	1.0	0.2852
2mnr_	0.1931	0.1983	0.155	0.229	0.2516	0.2564	0.2852	1.0
