	1evu_A	1g0d_A	1l9m_A	TGM5_HUMAN	TGM4_HUMAN	EP42_HUMAN	ANNU_SCHAM	TGMH_TACTR
1evu_A	1.0	0.3558	0.348	0.3536	0.3189	0.2625	0.359	0.377
1g0d_A	0.3558	1.0	0.3613	0.4082	0.3431	0.3313	0.3389	0.3354
1l9m_A	0.348	0.3613	1.0	0.4606	0.3486	0.3162	0.3429	0.3389
TGM5_HUMAN	0.3536	0.4082	0.4606	1.0	0.3343	0.3353	0.3445	0.3372
TGM4_HUMAN	0.3189	0.3431	0.3486	0.3343	1.0	0.2898	0.3556	0.3363
EP42_HUMAN	0.2625	0.3313	0.3162	0.3353	0.2898	1.0	0.2795	0.2594
ANNU_SCHAM	0.359	0.3389	0.3429	0.3445	0.3556	0.2795	1.0	0.3729
TGMH_TACTR	0.377	0.3354	0.3389	0.3372	0.3363	0.2594	0.3729	1.0
