	1ekf_A	Q99w55	P54689	Q9fya6	Q9y885	1a3g_A	P54691
1ekf_A	1.0	0.3981	0.3301	0.3474	0.2452	0.2753	0.2483
Q99w55	0.3981	1.0	0.3961	0.4437	0.276	0.346	0.2979
P54689	0.3301	0.3961	1.0	0.4239	0.3654	0.3056	0.2828
Q9fya6	0.3474	0.4437	0.4239	1.0	0.3214	0.3034	0.2877
Q9y885	0.2452	0.276	0.3654	0.3214	1.0	0.2215	0.2295
1a3g_A	0.2753	0.346	0.3056	0.3034	0.2215	1.0	0.3322
P54691	0.2483	0.2979	0.2828	0.2877	0.2295	0.3322	1.0
