	1aho_	1bmr_	1i6f_A	AEP_MESMA	SCAT_MESMA	SCX6_ANDAU	SCX6_CENLL	BIRT_PARTR
1aho_	1.0	0.3968	0.3621	0.3559	0.322	0.3793	0.3793	0.2941
1bmr_	0.3968	1.0	0.322	0.3667	0.3167	0.4167	0.3167	0.2885
1i6f_A	0.3621	0.322	1.0	0.4237	0.3898	0.3667	0.3833	0.3333
AEP_MESMA	0.3559	0.3667	0.4237	1.0	0.4516	0.3667	0.4	0.4118
SCAT_MESMA	0.322	0.3167	0.3898	0.4516	1.0	0.3279	0.459	0.3269
SCX6_ANDAU	0.3793	0.4167	0.3667	0.3667	0.3279	1.0	0.3594	0.3091
SCX6_CENLL	0.3793	0.3167	0.3833	0.4	0.459	0.3594	1.0	0.4
BIRT_PARTR	0.2941	0.2885	0.3333	0.4118	0.3269	0.3091	0.4	1.0
