	2gsq_	1a0f_A	1b4p_A	1gwc_A	1eem_A	1jlv_A	1nhy_A	1k0m_A	1g6w_A
2gsq_	1.0	0.2557	0.2749	0.2235	0.2229	0.2659	0.162	0.1908	0.1792
1a0f_A	0.2557	1.0	0.2034	0.2366	0.2143	0.2649	0.1657	0.2184	0.2473
1b4p_A	0.2749	0.2034	1.0	0.1978	0.1977	0.2198	0.1429	0.1566	0.1508
1gwc_A	0.2235	0.2366	0.1978	1.0	0.3037	0.2432	0.1658	0.1823	0.2092
1eem_A	0.2229	0.2143	0.1977	0.3037	1.0	0.2198	0.1944	0.1818	0.224
1jlv_A	0.2659	0.2649	0.2198	0.2432	0.2198	1.0	0.185	0.193	0.2593
1nhy_A	0.162	0.1657	0.1429	0.1658	0.1944	0.185	1.0	0.1582	0.1979
1k0m_A	0.1908	0.2184	0.1566	0.1823	0.1818	0.193	0.1582	1.0	0.1917
1g6w_A	0.1792	0.2473	0.1508	0.2092	0.224	0.2593	0.1979	0.1917	1.0
