	1kcz_A	4enl_	1fhu_A	1jpd_X	1rvk_A	1bqg_	1muc_A	2mnr_
1kcz_A	1.0	0.1296	0.1276	0.1978	0.1569	0.1419	0.1755	0.1485
4enl_	0.1296	1.0	0.1637	0.1433	0.1554	0.1102	0.1574	0.1449
1fhu_A	0.1276	0.1637	1.0	0.2143	0.1514	0.1788	0.2014	0.1423
1jpd_X	0.1978	0.1433	0.2143	1.0	0.2053	0.1622	0.1981	0.1848
1rvk_A	0.1569	0.1554	0.1514	0.2053	1.0	0.2018	0.2285	0.2139
1bqg_	0.1419	0.1102	0.1788	0.1622	0.2018	1.0	0.2205	0.2115
1muc_A	0.1755	0.1574	0.2014	0.1981	0.2285	0.2205	1.0	0.2471
2mnr_	0.1485	0.1449	0.1423	0.1848	0.2139	0.2115	0.2471	1.0
