	1lvl_	1mo9_A	1nhp_	1fcd_A	1d7y_A	1gv4_A	1djn_A	1cl0_A
1lvl_	1.0	0.2428	0.2714	0.1693	0.2846	0.2698	0.1801	0.2575
1mo9_A	0.2428	1.0	0.2727	0.1818	0.2806	0.2319	0.23	0.2015
1nhp_	0.2714	0.2727	1.0	0.1839	0.2819	0.2107	0.2146	0.2674
1fcd_A	0.1693	0.1818	0.1839	1.0	0.1975	0.1822	0.2207	0.2181
1d7y_A	0.2846	0.2806	0.2819	0.1975	1.0	0.24	0.1911	0.2169
1gv4_A	0.2698	0.2319	0.2107	0.1822	0.24	1.0	0.1509	0.2311
1djn_A	0.1801	0.23	0.2146	0.2207	0.1911	0.1509	1.0	0.229
1cl0_A	0.2575	0.2015	0.2674	0.2181	0.2169	0.2311	0.229	1.0
