	1ubi_	1gua_B	1dgj_A	1awd_	1i7h_A	1jq4_A	2pia_
1ubi_	1.0	0.1636	0.1774	0.1493	0.1791	0.1618	0.1791
1gua_B	0.1636	1.0	0.1897	0.1194	0.1515	0.1324	0.1818
1dgj_A	0.1774	0.1897	1.0	0.2154	0.2	0.1818	0.2615
1awd_	0.1493	0.1194	0.2154	1.0	0.3125	0.3333	0.3125
1i7h_A	0.1791	0.1515	0.2	0.3125	1.0	0.325	0.2099
1jq4_A	0.1618	0.1324	0.1818	0.3333	0.325	1.0	0.2625
2pia_	0.1791	0.1818	0.2615	0.3125	0.2099	0.2625	1.0
