	1ubi_	1gua_B	1dgj_A	1awd_	1i7h_A	1jq4_A	2pia_
1ubi_	1.0	0.2353	0.1515	0.28	0.2182	0.2414	0.1731
1gua_B	0.2353	1.0	0.3065	0.129	0.2	0.2188	0.35
1dgj_A	0.1515	0.3065	1.0	0.2235	0.1828	0.234	0.3249
1awd_	0.28	0.129	0.2235	1.0	0.3165	0.3294	0.3
1i7h_A	0.2182	0.2	0.1828	0.3165	1.0	0.3256	0.2625
1jq4_A	0.2414	0.2188	0.234	0.3294	0.3256	1.0	0.2706
2pia_	0.1731	0.35	0.3249	0.3	0.2625	0.2706	1.0
