	2pia_	1fnc_	1fdr_	1ndh_	1cqx_A	1krh_A	1qfj_A	1ep1_B
2pia_	1.0	0.1831	0.196	0.2123	0.307	0.2644	0.2113	0.1773
1fnc_	0.1831	1.0	0.217	0.2	0.2008	0.2704	0.2117	0.1749
1fdr_	0.196	0.217	1.0	0.2136	0.2364	0.2591	0.1972	0.15
1ndh_	0.2123	0.2	0.2136	1.0	0.2099	0.2845	0.2237	0.2075
1cqx_A	0.307	0.2008	0.2364	0.2099	1.0	0.2484	0.2136	0.1729
1krh_A	0.2644	0.2704	0.2591	0.2845	0.2484	1.0	0.2488	0.1981
1qfj_A	0.2113	0.2117	0.1972	0.2237	0.2136	0.2488	1.0	0.1809
1ep1_B	0.1773	0.1749	0.15	0.2075	0.1729	0.1981	0.1809	1.0
