	1cpj_A	TNAG_HUMAN	1jqp_A	CAL2_GIALA	1deu_A	1ppn_	1aim_	CATO_HUMAN
1cpj_A	1.0	0.3568	0.3653	0.3705	0.3156	0.3252	0.3137	0.3113
TNAG_HUMAN	0.3568	1.0	0.3318	0.3032	0.285	0.2723	0.2704	0.314
1jqp_A	0.3653	0.3318	1.0	0.3832	0.3843	0.3604	0.356	0.3447
CAL2_GIALA	0.3705	0.3032	0.3832	1.0	0.2673	0.2976	0.34	0.3237
1deu_A	0.3156	0.285	0.3843	0.2673	1.0	0.2772	0.2718	0.3171
1ppn_	0.3252	0.2723	0.3604	0.2976	0.2772	1.0	0.3846	0.3333
1aim_	0.3137	0.2704	0.356	0.34	0.2718	0.3846	1.0	0.3731
CATO_HUMAN	0.3113	0.314	0.3447	0.3237	0.3171	0.3333	0.3731	1.0
