	1hlq_A	2hip_A	1hpi_	HPIS_PARSP	HPIS_THIPF	1hip_
1hlq_A	1.0	0.2836	0.3571	0.3088	0.3239	0.3521
2hip_A	0.2836	1.0	0.3582	0.3438	0.2537	0.2206
1hpi_	0.3571	0.3582	1.0	0.3731	0.3429	0.3521
HPIS_PARSP	0.3088	0.3438	0.3731	1.0	0.3824	0.3676
HPIS_THIPF	0.3239	0.2537	0.3429	0.3824	1.0	0.4211
1hip_	0.3521	0.2206	0.3521	0.3676	0.4211	1.0
