	2gsq_	1a0f_A	1b4p_A	1gwc_A	1eem_A	1jlv_A	1nhy_A	1k0m_A	1g6w_A
2gsq_	1.0	0.2179	0.2568	0.2077	0.1913	0.2568	0.1317	0.1732	0.1497
1a0f_A	0.2179	1.0	0.1848	0.2151	0.2065	0.2593	0.1637	0.2135	0.2
1b4p_A	0.2568	0.1848	1.0	0.1803	0.2033	0.1902	0.1183	0.1371	0.1398
1gwc_A	0.2077	0.2151	0.1803	1.0	0.2694	0.2565	0.1676	0.1818	0.1907
1eem_A	0.1913	0.2065	0.2033	0.2694	1.0	0.2063	0.1871	0.1667	0.2135
1jlv_A	0.2568	0.2593	0.1902	0.2565	0.2063	1.0	0.2011	0.1803	0.232
1nhy_A	0.1317	0.1637	0.1183	0.1676	0.1871	0.2011	1.0	0.1394	0.1818
1k0m_A	0.1732	0.2135	0.1371	0.1818	0.1667	0.1803	0.1394	1.0	0.1559
1g6w_A	0.1497	0.2	0.1398	0.1907	0.2135	0.232	0.1818	0.1559	1.0
