	1bgl_A	BGAL_THEMA	BGA2_ECOLI	BGAL_BACHD	BGAL_STAXY	BGAL_ACTPL	BGAL_KLULA	BGAL_ARTSP
1bgl_A	1.0	0.3904	0.3521	0.3508	0.3381	0.3451	0.3337	0.3456
BGAL_THEMA	0.3904	1.0	0.3866	0.4015	0.3274	0.362	0.3634	0.3697
BGA2_ECOLI	0.3521	0.3866	1.0	0.3237	0.3174	0.3424	0.3677	0.34
BGAL_BACHD	0.3508	0.4015	0.3237	1.0	0.3111	0.3282	0.33	0.3333
BGAL_STAXY	0.3381	0.3274	0.3174	0.3111	1.0	0.4002	0.3161	0.3255
BGAL_ACTPL	0.3451	0.362	0.3424	0.3282	0.4002	1.0	0.3476	0.3378
BGAL_KLULA	0.3337	0.3634	0.3677	0.33	0.3161	0.3476	1.0	0.3716
BGAL_ARTSP	0.3456	0.3697	0.34	0.3333	0.3255	0.3378	0.3716	1.0
