	1mnm_C	1bw5_	1akh_A	1ftz_	1fjl_A	HM05_CAEEL	HM17_APIME	BRX2_HUMAN	1ftt_
1mnm_C	1.0	0.2667	0.2449	0.3051	0.2542	0.2703	0.2424	0.2703	0.3051
1bw5_	0.2667	1.0	0.2653	0.2881	0.3559	0.35	0.2167	0.3	0.2712
1akh_A	0.2449	0.2653	1.0	0.2653	0.3265	0.3061	0.3469	0.3061	0.3265
1ftz_	0.3051	0.2881	0.2653	1.0	0.3559	0.3913	0.4	0.3623	0.3231
1fjl_A	0.2542	0.3559	0.3265	0.3559	1.0	0.3898	0.4068	0.4237	0.3729
HM05_CAEEL	0.2703	0.35	0.3061	0.3913	0.3898	1.0	0.4	0.2585	0.3529
HM17_APIME	0.2424	0.2167	0.3469	0.4	0.4068	0.4	1.0	0.44	0.4265
BRX2_HUMAN	0.2703	0.3	0.3061	0.3623	0.4237	0.2585	0.44	1.0	0.4412
1ftt_	0.3051	0.2712	0.3265	0.3231	0.3729	0.3529	0.4265	0.4412	1.0
