	1ekf_A	Q99w55	P54689	Q9fya6	Q9y885	1a3g_A	P54691
1ekf_A	1.0	0.4047	0.3282	0.3333	0.2462	0.2753	0.2552
Q99w55	0.4047	1.0	0.3926	0.4249	0.2693	0.3483	0.3034
P54689	0.3282	0.3926	1.0	0.4128	0.3583	0.3045	0.2822
Q9fya6	0.3333	0.4249	0.4128	1.0	0.314	0.3069	0.2882
Q9y885	0.2462	0.2693	0.3583	0.314	1.0	0.2241	0.2268
1a3g_A	0.2753	0.3483	0.3045	0.3069	0.2241	1.0	0.3345
P54691	0.2552	0.3034	0.2822	0.2882	0.2268	0.3345	1.0
