	1lci_	1amu_A	1md9_A	1pg3_A	1t5d_X	1ult_A
1lci_	1.0	0.1987	0.2411	0.1918	0.2192	0.2428
1amu_A	0.1987	1.0	0.2052	0.2158	0.1915	0.2158
1md9_A	0.2411	0.2052	1.0	0.2204	0.2552	0.3108
1pg3_A	0.1918	0.2158	0.2204	1.0	0.2284	0.2334
1t5d_X	0.2192	0.1915	0.2552	0.2284	1.0	0.2675
1ult_A	0.2428	0.2158	0.3108	0.2334	0.2675	1.0
