	1aho_	1bmr_	1i6f_A	AEP_MESMA	SCAT_MESMA	SCX6_ANDAU	SCX6_CENLL	BIRT_PARTR
1aho_	1.0	0.4167	0.3684	0.3667	0.3167	0.3729	0.3729	0.3208
1bmr_	0.4167	1.0	0.322	0.3651	0.3016	0.4032	0.3065	0.3148
1i6f_A	0.3684	0.322	1.0	0.4407	0.3898	0.3833	0.4	0.3462
AEP_MESMA	0.3667	0.3651	0.4407	1.0	0.4286	0.371	0.358	0.3585
SCAT_MESMA	0.3167	0.3016	0.3898	0.4286	1.0	0.3226	0.4625	0.3585
SCX6_ANDAU	0.3729	0.4032	0.3833	0.371	0.3226	1.0	0.3651	0.3148
SCX6_CENLL	0.3729	0.3065	0.4	0.358	0.4625	0.3651	1.0	0.3704
BIRT_PARTR	0.3208	0.3148	0.3462	0.3585	0.3585	0.3148	0.3704	1.0
