	1gky_	1kgd_A	1bif_	1uky_	1dvr_A	1e2d_A	4tmk_A
1gky_	1.0	0.2635	0.1148	0.2061	0.1934	0.2062	0.1615
1kgd_A	0.2635	1.0	0.1412	0.1438	0.1353	0.1513	0.1484
1bif_	0.1148	0.1412	1.0	0.2128	0.1912	0.1543	0.1658
1uky_	0.2061	0.1438	0.2128	1.0	0.2447	0.1919	0.1955
1dvr_A	0.1934	0.1353	0.1912	0.2447	1.0	0.209	0.2033
1e2d_A	0.2062	0.1513	0.1543	0.1919	0.209	1.0	0.2784
4tmk_A	0.1615	0.1484	0.1658	0.1955	0.2033	0.2784	1.0
