	1cpt_	1oxa_	1phd_	2hpd_A	1dt6_A	1e9x_A	1izo_A	1n40_A	1n97_A
1cpt_	1.0	0.2548	0.2534	0.2079	0.1784	0.1974	0.1717	0.2472	0.1988
1oxa_	0.2548	1.0	0.2314	0.1547	0.1808	0.2184	0.168	0.2618	0.2143
1phd_	0.2534	0.2314	1.0	0.176	0.1708	0.1536	0.1765	0.2291	0.1843
2hpd_A	0.2079	0.1547	0.176	1.0	0.183	0.2302	0.1795	0.1826	0.243
1dt6_A	0.1784	0.1808	0.1708	0.183	1.0	0.1811	0.1553	0.1445	0.2251
1e9x_A	0.1974	0.2184	0.1536	0.2302	0.1811	1.0	0.1739	0.1676	0.2039
1izo_A	0.1717	0.168	0.1765	0.1795	0.1553	0.1739	1.0	0.1695	0.2018
1n40_A	0.2472	0.2618	0.2291	0.1826	0.1445	0.1676	0.1695	1.0	0.1892
1n97_A	0.1988	0.2143	0.1843	0.243	0.2251	0.2039	0.2018	0.1892	1.0
