	1fjl_A	1ftz_	1ftt_	1mnm_C	1akh_A	1bw5_	HM17_APIME	HM05_CAEEL	BRX2_HUMAN
1fjl_A	1.0	0.3538	0.3651	0.3158	0.3265	0.3281	0.3846	0.3538	0.3846
1ftz_	0.3538	1.0	0.303	0.3333	0.2245	0.2656	0.3623	0.3623	0.3768
1ftt_	0.3651	0.303	1.0	0.3455	0.3265	0.2742	0.4394	0.3788	0.4091
1mnm_C	0.3158	0.3333	0.3455	1.0	0.2245	0.3103	0.3175	0.3056	0.3425
1akh_A	0.3265	0.2245	0.3265	0.2245	1.0	0.2449	0.3469	0.2857	0.2857
1bw5_	0.3281	0.2656	0.2742	0.3103	0.2449	1.0	0.2154	0.3385	0.2769
HM17_APIME	0.3846	0.3623	0.4394	0.3175	0.3469	0.2154	1.0	0.4054	0.4865
HM05_CAEEL	0.3538	0.3623	0.3788	0.3056	0.2857	0.3385	0.4054	1.0	0.3358
BRX2_HUMAN	0.3846	0.3768	0.4091	0.3425	0.2857	0.2769	0.4865	0.3358	1.0
