	1lci_	1amu_A	1md9_A	1pg3_A	1t5d_X	1ult_A
1lci_	1.0	0.203	0.2434	0.1928	0.2197	0.2404
1amu_A	0.203	1.0	0.2072	0.2124	0.1907	0.2143
1md9_A	0.2434	0.2072	1.0	0.2192	0.2578	0.2994
1pg3_A	0.1928	0.2124	0.2192	1.0	0.229	0.2252
1t5d_X	0.2197	0.1907	0.2578	0.229	1.0	0.2658
1ult_A	0.2404	0.2143	0.2994	0.2252	0.2658	1.0
