	3grs_	1bhy_	1mo9_A	1nhp_	1d7y_A	1gv4_A	1fcd_A	2tmd_A
3grs_	1.0	0.3483	0.2821	0.2177	0.2565	0.2226	0.1705	0.2088
1bhy_	0.3483	1.0	0.2542	0.2593	0.347	0.2591	0.2249	0.224
1mo9_A	0.2821	0.2542	1.0	0.2471	0.234	0.2273	0.1462	0.1795
1nhp_	0.2177	0.2593	0.2471	1.0	0.2564	0.2218	0.1623	0.1909
1d7y_A	0.2565	0.347	0.234	0.2564	1.0	0.26	0.2193	0.2048
1gv4_A	0.2226	0.2591	0.2273	0.2218	0.26	1.0	0.2058	0.1897
1fcd_A	0.1705	0.2249	0.1462	0.1623	0.2193	0.2058	1.0	0.2193
2tmd_A	0.2088	0.224	0.1795	0.1909	0.2048	0.1897	0.2193	1.0
