	1aho_	1bmr_	1i6f_A	AEP_MESMA	SCAT_MESMA	SCX6_ANDAU	SCX6_CENLL	BIRT_PARTR
1aho_	1.0	0.4138	0.3684	0.3793	0.3276	0.3793	0.3793	0.3077
1bmr_	0.4138	1.0	0.322	0.377	0.3115	0.4	0.3167	0.3019
1i6f_A	0.3684	0.322	1.0	0.4237	0.3898	0.3833	0.4	0.3462
AEP_MESMA	0.3793	0.377	0.4237	1.0	0.4516	0.3667	0.4	0.4038
SCAT_MESMA	0.3276	0.3115	0.3898	0.4516	1.0	0.35	0.4667	0.3654
SCX6_ANDAU	0.3793	0.4	0.3833	0.3667	0.35	1.0	0.371	0.3148
SCX6_CENLL	0.3793	0.3167	0.4	0.4	0.4667	0.371	1.0	0.3704
BIRT_PARTR	0.3077	0.3019	0.3462	0.4038	0.3654	0.3148	0.3704	1.0
