	1ihv_A	1abo_A	1ue9_A	1pht_	1hjd_A	1ycs_B	1bb9_	1ov3_A
1ihv_A	1.0	0.1429	0.1591	0.125	0.1277	0.225	0.1628	0.1463
1abo_A	0.1429	1.0	0.2745	0.2778	0.2321	0.2075	0.2143	0.24
1ue9_A	0.1591	0.2745	1.0	0.2037	0.2545	0.1667	0.2456	0.2545
1pht_	0.125	0.2778	0.2037	1.0	0.2105	0.1897	0.3065	0.2264
1hjd_A	0.1277	0.2321	0.2545	0.2105	1.0	0.2075	0.2807	0.26
1ycs_B	0.225	0.2075	0.1667	0.1897	0.2075	1.0	0.3103	0.2642
1bb9_	0.1628	0.2143	0.2456	0.3065	0.2807	0.3103	1.0	0.3273
1ov3_A	0.1463	0.24	0.2545	0.2264	0.26	0.2642	0.3273	1.0
