	1evu_A	1g0d_A	1l9m_A	TGM5_HUMAN	TGM4_HUMAN	EP42_HUMAN	ANNU_SCHAM	TGMH_TACTR
1evu_A	1.0	0.3554	0.348	0.3542	0.3204	0.2625	0.359	0.3786
1g0d_A	0.3554	1.0	0.3646	0.4119	0.3431	0.3313	0.3389	0.3354
1l9m_A	0.348	0.3646	1.0	0.4593	0.3486	0.3161	0.3429	0.3389
TGM5_HUMAN	0.3542	0.4119	0.4593	1.0	0.3338	0.3368	0.3432	0.3373
TGM4_HUMAN	0.3204	0.3431	0.3486	0.3338	1.0	0.2916	0.3557	0.3368
EP42_HUMAN	0.2625	0.3313	0.3161	0.3368	0.2916	1.0	0.2795	0.2594
ANNU_SCHAM	0.359	0.3389	0.3429	0.3432	0.3557	0.2795	1.0	0.3734
TGMH_TACTR	0.3786	0.3354	0.3389	0.3373	0.3368	0.2594	0.3734	1.0
