	1zip_	2ak2_	2ak3_A	1zak_A	1qf9_A	3adk_	1uky_
1zip_	1.0	0.4231	0.3756	0.4078	0.2935	0.373	0.3135
2ak2_	0.4231	1.0	0.4195	0.3495	0.288	0.3405	0.2973
2ak3_A	0.3756	0.4195	1.0	0.3596	0.2967	0.2912	0.2747
1zak_A	0.4078	0.3495	0.3596	1.0	0.2802	0.4098	0.3169
1qf9_A	0.2935	0.288	0.2967	0.2802	1.0	0.4185	0.5489
3adk_	0.373	0.3405	0.2912	0.4098	0.4185	1.0	0.4541
1uky_	0.3135	0.2973	0.2747	0.3169	0.5489	0.4541	1.0
