	P54691	1a3g_A	Q9y885	1ekf_A	P54689	Q99w55	Q9fya6
P54691	1.0	0.3264	0.2315	0.2466	0.2789	0.2929	0.2857
1a3g_A	0.3264	1.0	0.2329	0.2847	0.3207	0.3425	0.3138
Q9y885	0.2315	0.2329	1.0	0.2287	0.356	0.2669	0.3009
1ekf_A	0.2466	0.2847	0.2287	1.0	0.315	0.3846	0.3286
P54689	0.2789	0.3207	0.356	0.315	1.0	0.3926	0.4162
Q99w55	0.2929	0.3425	0.2669	0.3846	0.3926	1.0	0.4282
Q9fya6	0.2857	0.3138	0.3009	0.3286	0.4162	0.4282	1.0
