	BPRX_BACNO	ISP_PAEPO	1dbi_A	TKSU_PYRKO	PRCA_ANASP	1ot5_A	1p8j_A
BPRX_BACNO	1.0	0.3596	0.3946	0.4129	0.3071	0.2698	0.2899
ISP_PAEPO	0.3596	1.0	0.3725	0.4356	0.303	0.2772	0.2519
1dbi_A	0.3946	0.3725	1.0	0.4325	0.3625	0.2752	0.2706
TKSU_PYRKO	0.4129	0.4356	0.4325	1.0	0.3154	0.2586	0.2405
PRCA_ANASP	0.3071	0.303	0.3625	0.3154	1.0	0.3745	0.3008
1ot5_A	0.2698	0.2772	0.2752	0.2586	0.3745	1.0	0.4786
1p8j_A	0.2899	0.2519	0.2706	0.2405	0.3008	0.4786	1.0
