	1hpi_	1hip_	2hip_A	1hlq_A	HPIS_THIPF	HPIS_PARSP
1hpi_	1.0	0.3824	0.381	0.3571	0.3529	0.4667
1hip_	0.3824	1.0	0.3065	0.3803	0.4225	0.4237
2hip_A	0.381	0.3065	1.0	0.2969	0.2903	0.377
1hlq_A	0.3571	0.3803	0.2969	1.0	0.3662	0.3443
HPIS_THIPF	0.3529	0.4225	0.2903	0.3662	1.0	0.4068
HPIS_PARSP	0.4667	0.4237	0.377	0.3443	0.4068	1.0
