	1lci_	1amu_A	1md9_A	1pg3_A	1t5d_X	1ult_A
1lci_	1.0	0.2034	0.2434	0.1928	0.2213	0.2404
1amu_A	0.2034	1.0	0.2072	0.2173	0.1907	0.2143
1md9_A	0.2434	0.2072	1.0	0.2188	0.2567	0.2996
1pg3_A	0.1928	0.2173	0.2188	1.0	0.2276	0.2248
1t5d_X	0.2213	0.1907	0.2567	0.2276	1.0	0.2658
1ult_A	0.2404	0.2143	0.2996	0.2248	0.2658	1.0
