	1bbt_ac	1al2_ad	1b35_C	1bbt_ab	1mec_aa	1bbt_aa	1al2_ab	1al2_ac
1bbt_ac	1.0	0.2775	0.1337	0.1284	0.1285	0.1389	0.1667	0.1235
1al2_ad	0.2775	1.0	0.2526	0.1635	0.1598	0.1525	0.1609	0.1486
1b35_C	0.1337	0.2526	1.0	0.1657	0.2069	0.1849	0.1659	0.1724
1bbt_ab	0.1284	0.1635	0.1657	1.0	0.1292	0.1269	0.1311	0.3015
1mec_aa	0.1285	0.1598	0.2069	0.1292	1.0	0.2701	0.1724	0.1869
1bbt_aa	0.1389	0.1525	0.1849	0.1269	0.2701	1.0	0.1973	0.1905
1al2_ab	0.1667	0.1609	0.1659	0.1311	0.1724	0.1973	1.0	0.1626
1al2_ac	0.1235	0.1486	0.1724	0.3015	0.1869	0.1905	0.1626	1.0
