	1amu_A	1lci_	1pg3_A	1t5d_X	1md9_A	1ult_A
1amu_A	1.0	0.1941	0.2036	0.1966	0.2159	0.2158
1lci_	0.1941	1.0	0.198	0.228	0.2464	0.2454
1pg3_A	0.2036	0.198	1.0	0.2292	0.2331	0.2388
1t5d_X	0.1966	0.228	0.2292	1.0	0.2541	0.2772
1md9_A	0.2159	0.2464	0.2331	0.2541	1.0	0.3091
1ult_A	0.2158	0.2454	0.2388	0.2772	0.3091	1.0
