	4enl_	1fhu_A	1kcz_A	1jpd_X	1bqg_	1rvk_A	1muc_A	2mnr_
4enl_	1.0	0.1435	0.1639	0.1697	0.1597	0.1779	0.1706	0.1818
1fhu_A	0.1435	1.0	0.1452	0.2149	0.2069	0.173	0.2033	0.1597
1kcz_A	0.1639	0.1452	1.0	0.1809	0.1433	0.1619	0.2138	0.1456
1jpd_X	0.1697	0.2149	0.1809	1.0	0.171	0.2266	0.2491	0.2218
1bqg_	0.1597	0.2069	0.1433	0.171	1.0	0.2033	0.2138	0.1812
1rvk_A	0.1779	0.173	0.1619	0.2266	0.2033	1.0	0.2282	0.223
1muc_A	0.1706	0.2033	0.2138	0.2491	0.2138	0.2282	1.0	0.2457
2mnr_	0.1818	0.1597	0.1456	0.2218	0.1812	0.223	0.2457	1.0
