	4enl_	1fhu_A	1kcz_A	1jpd_X	1bqg_	1rvk_A	1muc_A	2mnr_
4enl_	1.0	0.148	0.1625	0.1818	0.1474	0.1853	0.1909	0.1859
1fhu_A	0.148	1.0	0.1593	0.217	0.2157	0.1705	0.2117	0.1635
1kcz_A	0.1625	0.1593	1.0	0.2129	0.1637	0.1905	0.2077	0.1429
1jpd_X	0.1818	0.217	0.2129	1.0	0.2082	0.2361	0.2575	0.2289
1bqg_	0.1474	0.2157	0.1637	0.2082	1.0	0.2462	0.2421	0.2105
1rvk_A	0.1853	0.1705	0.1905	0.2361	0.2462	1.0	0.2419	0.2308
1muc_A	0.1909	0.2117	0.2077	0.2575	0.2421	0.2419	1.0	0.2538
2mnr_	0.1859	0.1635	0.1429	0.2289	0.2105	0.2308	0.2538	1.0
