	1mnm_C	1bw5_	1akh_A	1ftz_	1fjl_A	HM05_CAEEL	HM17_APIME	BRX2_HUMAN	1ftt_
1mnm_C	1.0	0.2667	0.2449	0.3051	0.2542	0.2703	0.2424	0.2703	0.3051
1bw5_	0.2667	1.0	0.2653	0.2615	0.3231	0.3333	0.197	0.2727	0.2462
1akh_A	0.2449	0.2653	1.0	0.2653	0.3265	0.3061	0.3469	0.3061	0.3265
1ftz_	0.3051	0.2615	0.2653	1.0	0.3538	0.3913	0.4	0.3623	0.3231
1fjl_A	0.2542	0.3231	0.3265	0.3538	1.0	0.3692	0.3692	0.3846	0.3385
HM05_CAEEL	0.2703	0.3333	0.3061	0.3913	0.3692	1.0	0.3947	0.2635	0.3529
HM17_APIME	0.2424	0.197	0.3469	0.4	0.3692	0.3947	1.0	0.4304	0.4265
BRX2_HUMAN	0.2703	0.2727	0.3061	0.3623	0.3846	0.2635	0.4304	1.0	0.4412
1ftt_	0.3051	0.2462	0.3265	0.3231	0.3385	0.3529	0.4265	0.4412	1.0
