	3grs_	1bhy_	1mo9_A	1nhp_	1d7y_A	1gv4_A	1fcd_A	2tmd_A
3grs_	1.0	0.2967	0.2515	0.2061	0.2036	0.1981	0.172	0.1691
1bhy_	0.2967	1.0	0.2143	0.2169	0.2105	0.1567	0.1882	0.1879
1mo9_A	0.2515	0.2143	1.0	0.2624	0.2086	0.1812	0.1399	0.1491
1nhp_	0.2061	0.2169	0.2624	1.0	0.2278	0.1842	0.1826	0.1659
1d7y_A	0.2036	0.2105	0.2086	0.2278	1.0	0.2525	0.1784	0.1737
1gv4_A	0.1981	0.1567	0.1812	0.1842	0.2525	1.0	0.1886	0.1564
1fcd_A	0.172	0.1882	0.1399	0.1826	0.1784	0.1886	1.0	0.1647
2tmd_A	0.1691	0.1879	0.1491	0.1659	0.1737	0.1564	0.1647	1.0
