	1bbt_ac	1al2_ad	1b35_C	1bbt_ab	1mec_aa	1bbt_aa	1al2_ab	1al2_ac
1bbt_ac	1.0	0.2857	0.1493	0.1131	0.1183	0.1407	0.1611	0.125
1al2_ad	0.2857	1.0	0.1535	0.1461	0.133	0.1293	0.1371	0.1237
1b35_C	0.1493	0.1535	1.0	0.1905	0.1455	0.1218	0.1697	0.1592
1bbt_ab	0.1131	0.1461	0.1905	1.0	0.0984	0.1214	0.1371	0.265
1mec_aa	0.1183	0.133	0.1455	0.0984	1.0	0.1977	0.2156	0.13
1bbt_aa	0.1407	0.1293	0.1218	0.1214	0.1977	1.0	0.1739	0.125
1al2_ab	0.1611	0.1371	0.1697	0.1371	0.2156	0.1739	1.0	0.1099
1al2_ac	0.125	0.1237	0.1592	0.265	0.13	0.125	0.1099	1.0
