	1fcd_A	2tmd_A	1mo9_A	1nhp_	1gv4_A	3grs_	1bhy_	1d7y_A
1fcd_A	1.0	0.1218	0.1575	0.1682	0.1526	0.1768	0.1872	0.1686
2tmd_A	0.1218	1.0	0.1291	0.116	0.1488	0.1499	0.161	0.1403
1mo9_A	0.1575	0.1291	1.0	0.2334	0.1663	0.2466	0.2156	0.2143
1nhp_	0.1682	0.116	0.2334	1.0	0.144	0.1801	0.2133	0.2285
1gv4_A	0.1526	0.1488	0.1663	0.144	1.0	0.1678	0.1862	0.2159
3grs_	0.1768	0.1499	0.2466	0.1801	0.1678	1.0	0.2864	0.2087
1bhy_	0.1872	0.161	0.2156	0.2133	0.1862	0.2864	1.0	0.2568
1d7y_A	0.1686	0.1403	0.2143	0.2285	0.2159	0.2087	0.2568	1.0
