	1uky_	1dvr_A	1gky_	1kgd_A	1e2d_A	4tmk_A	1bif_
1uky_	1.0	0.2896	0.2483	0.1716	0.1895	0.2324	0.1967
1dvr_A	0.2896	1.0	0.2095	0.1567	0.1921	0.2113	0.1243
1gky_	0.2483	0.2095	1.0	0.2966	0.197	0.216	0.2012
1kgd_A	0.1716	0.1567	0.2966	1.0	0.1679	0.189	0.1961
1e2d_A	0.1895	0.1921	0.197	0.1679	1.0	0.3049	0.185
4tmk_A	0.2324	0.2113	0.216	0.189	0.3049	1.0	0.2012
1bif_	0.1967	0.1243	0.2012	0.1961	0.185	0.2012	1.0
