	1jq4_A	1awd_	1dgj_A	2pia_	1gua_B	1i7h_A	1ubi_
1jq4_A	1.0	0.2967	0.1429	0.1889	0.0921	0.2211	0.1067
1awd_	0.2967	1.0	0.1383	0.2353	0.0822	0.2128	0.1667
1dgj_A	0.1429	0.1383	1.0	0.2181	0.0921	0.1468	0.0921
2pia_	0.1889	0.2353	0.2181	1.0	0.1644	0.1889	0.1216
1gua_B	0.0921	0.0822	0.0921	0.1644	1.0	0.1579	0.1471
1i7h_A	0.2211	0.2128	0.1468	0.1889	0.1579	1.0	0.1447
1ubi_	0.1067	0.1667	0.0921	0.1216	0.1471	0.1447	1.0
