	1csn_	1ad5_A	1a9u_	1mq4_A	1how_A	1omw_A	1f3m_C	1b6c_B
1csn_	1.0	0.211	0.1864	0.2588	0.2366	0.1992	0.2176	0.2186
1ad5_A	0.211	1.0	0.2607	0.2545	0.2377	0.2521	0.2468	0.2927
1a9u_	0.1864	0.2607	1.0	0.3	0.3	0.2218	0.2573	0.2426
1mq4_A	0.2588	0.2545	0.3	1.0	0.2689	0.2753	0.2844	0.2579
1how_A	0.2366	0.2377	0.3	0.2689	1.0	0.2463	0.25	0.2364
1omw_A	0.1992	0.2521	0.2218	0.2753	0.2463	1.0	0.2747	0.2679
1f3m_C	0.2176	0.2468	0.2573	0.2844	0.25	0.2747	1.0	0.2398
1b6c_B	0.2186	0.2927	0.2426	0.2579	0.2364	0.2679	0.2398	1.0
