	1wad_	1czj_	1gm4_A	CY3B_DESAF	CY31_DESDN	1gyo_A	3cao_A
1wad_	1.0	0.2947	0.4362	0.3226	0.3626	0.2796	0.3467
1czj_	0.2947	1.0	0.3093	0.3462	0.3564	0.301	0.2771
1gm4_A	0.4362	0.3093	1.0	0.3636	0.3913	0.3404	0.2716
CY3B_DESAF	0.3226	0.3462	0.3636	1.0	0.4	0.4059	0.3678
CY31_DESDN	0.3626	0.3564	0.3913	0.4	1.0	0.3232	0.3253
1gyo_A	0.2796	0.301	0.3404	0.4059	0.3232	1.0	0.3415
3cao_A	0.3467	0.2771	0.2716	0.3678	0.3253	0.3415	1.0
