	1gky_	1kgd_A	1bif_	1uky_	1dvr_A	1e2d_A	4tmk_A
1gky_	1.0	0.2679	0.1243	0.2061	0.1967	0.2062	0.1615
1kgd_A	0.2679	1.0	0.1387	0.1438	0.1353	0.1484	0.1484
1bif_	0.1243	0.1387	1.0	0.2158	0.1927	0.1546	0.165
1uky_	0.2061	0.1438	0.2158	1.0	0.2434	0.1919	0.1955
1dvr_A	0.1967	0.1353	0.1927	0.2434	1.0	0.209	0.2033
1e2d_A	0.2062	0.1484	0.1546	0.1919	0.209	1.0	0.2632
4tmk_A	0.1615	0.1484	0.165	0.1955	0.2033	0.2632	1.0
