	1cb9_A	1kba_A	1fas_	1drs_	1cod_	NXL3_OPHHA	CADO_BUNCA	NXSH_BUNMU	TXM2_NAJKA
1cb9_A	1.0	0.2833	0.2414	0.2857	0.2679	0.3667	0.3167	0.3571	0.3667
1kba_A	0.2833	1.0	0.2203	0.2632	0.3333	0.3443	0.3667	0.3158	0.3279
1fas_	0.2414	0.2203	1.0	0.3276	0.3158	0.2203	0.2542	0.2759	0.2203
1drs_	0.2857	0.2632	0.3276	1.0	0.3091	0.2281	0.2982	0.3036	0.2281
1cod_	0.2679	0.3333	0.3158	0.3091	1.0	0.2456	0.4098	0.3051	0.35
NXL3_OPHHA	0.3667	0.3443	0.2203	0.2281	0.2456	1.0	0.3167	0.2632	0.3607
CADO_BUNCA	0.3167	0.3667	0.2542	0.2982	0.4098	0.3167	1.0	0.4	0.3175
NXSH_BUNMU	0.3571	0.3158	0.2759	0.3036	0.3051	0.2632	0.4	1.0	0.4
TXM2_NAJKA	0.3667	0.3279	0.2203	0.2281	0.35	0.3607	0.3175	0.4	1.0
