	1sbp_	1wod_	1atg_	1mrp_	1pot_	1a7l_A	1eu8_A
1sbp_	1.0	0.1848	0.1762	0.1595	0.1807	0.125	0.1667
1wod_	0.1848	1.0	0.2589	0.205	0.1751	0.1564	0.1584
1atg_	0.1762	0.2589	1.0	0.1407	0.186	0.1327	0.1629
1mrp_	0.1595	0.205	0.1407	1.0	0.185	0.2031	0.179
1pot_	0.1807	0.1751	0.186	0.185	1.0	0.1646	0.1641
1a7l_A	0.125	0.1564	0.1327	0.2031	0.1646	1.0	0.2483
1eu8_A	0.1667	0.1584	0.1629	0.179	0.1641	0.2483	1.0
