	1abo_A	1ycs_B	1pht_	1ihv_A	1bb9_	1hjd_A	1ov3_A	1ue9_A
1abo_A	1.0	0.2449	0.2245	0.0833	0.2593	0.2692	0.26	0.3137
1ycs_B	0.2449	1.0	0.2364	0.2759	0.3103	0.2407	0.2778	0.2037
1pht_	0.2245	0.2364	1.0	0.1333	0.2881	0.2407	0.2549	0.1923
1ihv_A	0.0833	0.2759	0.1333	1.0	0.1714	0.1562	0.2333	0.1562
1bb9_	0.2593	0.3103	0.2881	0.1714	1.0	0.2542	0.3148	0.2727
1hjd_A	0.2692	0.2407	0.2407	0.1562	0.2542	1.0	0.2745	0.2885
1ov3_A	0.26	0.2778	0.2549	0.2333	0.3148	0.2745	1.0	0.2727
1ue9_A	0.3137	0.2037	0.1923	0.1562	0.2727	0.2885	0.2727	1.0
