	2gsq_	1a0f_A	1b4p_A	1gwc_A	1eem_A	1jlv_A	1nhy_A	1k0m_A	1g6w_A
2gsq_	1.0	0.1714	0.2429	0.191	0.1792	0.2011	0.1364	0.1579	0.1639
1a0f_A	0.1714	1.0	0.1564	0.1979	0.1989	0.2181	0.1807	0.1517	0.2199
1b4p_A	0.2429	0.1564	1.0	0.1593	0.1808	0.1685	0.1646	0.1543	0.139
1gwc_A	0.191	0.1979	0.1593	1.0	0.2723	0.2011	0.1512	0.1702	0.1717
1eem_A	0.1792	0.1989	0.1808	0.2723	1.0	0.1858	0.1687	0.1858	0.2031
1jlv_A	0.2011	0.2181	0.1685	0.2011	0.1858	1.0	0.1856	0.1657	0.2487
1nhy_A	0.1364	0.1807	0.1646	0.1512	0.1687	0.1856	1.0	0.122	0.1724
1k0m_A	0.1579	0.1517	0.1543	0.1702	0.1858	0.1657	0.122	1.0	0.1368
1g6w_A	0.1639	0.2199	0.139	0.1717	0.2031	0.2487	0.1724	0.1368	1.0
