	1evu_A	1g0d_A	1l9m_A	TGM5_HUMAN	TGM4_HUMAN	EP42_HUMAN	ANNU_SCHAM	TGMH_TACTR
1evu_A	1.0	0.3605	0.3481	0.3548	0.3308	0.2698	0.3568	0.3936
1g0d_A	0.3605	1.0	0.3677	0.411	0.3536	0.3328	0.3421	0.3455
1l9m_A	0.3481	0.3677	1.0	0.465	0.3501	0.3182	0.3424	0.3472
TGM5_HUMAN	0.3548	0.411	0.465	1.0	0.3418	0.3442	0.3446	0.3428
TGM4_HUMAN	0.3308	0.3536	0.3501	0.3418	1.0	0.2961	0.3632	0.3548
EP42_HUMAN	0.2698	0.3328	0.3182	0.3442	0.2961	1.0	0.2823	0.2637
ANNU_SCHAM	0.3568	0.3421	0.3424	0.3446	0.3632	0.2823	1.0	0.377
TGMH_TACTR	0.3936	0.3455	0.3472	0.3428	0.3548	0.2637	0.377	1.0
