	1zip_	2ak2_	2ak3_A	1zak_A	1qf9_A	3adk_	1uky_
1zip_	1.0	0.4186	0.3798	0.4126	0.2941	0.373	0.3135
2ak2_	0.4186	1.0	0.4115	0.3592	0.2941	0.3514	0.3027
2ak3_A	0.3798	0.4115	1.0	0.3596	0.3077	0.3077	0.2857
1zak_A	0.4126	0.3592	0.3596	1.0	0.2802	0.4076	0.3152
1qf9_A	0.2941	0.2941	0.3077	0.2802	1.0	0.4185	0.538
3adk_	0.373	0.3514	0.3077	0.4076	0.4185	1.0	0.457
1uky_	0.3135	0.3027	0.2857	0.3152	0.538	0.457	1.0
