	1sbp_	1wod_	1atg_	1mrp_	1pot_	1a7l_A	1eu8_A
1sbp_	1.0	0.1704	0.1486	0.1811	0.1808	0.1304	0.1345
1wod_	0.1704	1.0	0.2589	0.2212	0.1767	0.1476	0.1382
1atg_	0.1486	0.2589	1.0	0.1797	0.1831	0.1429	0.1336
1mrp_	0.1811	0.2212	0.1797	1.0	0.1885	0.2113	0.1895
1pot_	0.1808	0.1767	0.1831	0.1885	1.0	0.1752	0.1324
1a7l_A	0.1304	0.1476	0.1429	0.2113	0.1752	1.0	0.2672
1eu8_A	0.1345	0.1382	0.1336	0.1895	0.1324	0.2672	1.0
