	1wad_	1czj_	1gm4_A	CY3B_DESAF	CY31_DESDN	1gyo_A	3cao_A
1wad_	1.0	0.2959	0.4356	0.3191	0.3542	0.2766	0.3421
1czj_	0.2959	1.0	0.303	0.3462	0.3495	0.301	0.2738
1gm4_A	0.4356	0.303	1.0	0.3636	0.3913	0.3368	0.2716
CY3B_DESAF	0.3191	0.3462	0.3636	1.0	0.3962	0.3981	0.3478
CY31_DESDN	0.3542	0.3495	0.3913	0.3962	1.0	0.3168	0.3371
1gyo_A	0.2766	0.301	0.3368	0.3981	0.3168	1.0	0.3415
3cao_A	0.3421	0.2738	0.2716	0.3478	0.3371	0.3415	1.0
