	1kcz_A	4enl_	1fhu_A	1rvk_A	1jpd_X	2mnr_	1bqg_	1muc_A
1kcz_A	1.0	0.1502	0.1496	0.1546	0.1882	0.1526	0.1561	0.1928
4enl_	0.1502	1.0	0.1614	0.1487	0.1458	0.1759	0.1406	0.1639
1fhu_A	0.1496	0.1614	1.0	0.1411	0.2017	0.1632	0.1903	0.1984
1rvk_A	0.1546	0.1487	0.1411	1.0	0.1935	0.2373	0.1689	0.2
1jpd_X	0.1882	0.1458	0.2017	0.1935	1.0	0.1871	0.1716	0.2384
2mnr_	0.1526	0.1759	0.1632	0.2373	0.1871	1.0	0.1552	0.2551
1bqg_	0.1561	0.1406	0.1903	0.1689	0.1716	0.1552	1.0	0.2292
1muc_A	0.1928	0.1639	0.1984	0.2	0.2384	0.2551	0.2292	1.0
