	1bbt_aa	1al2_ac	1mec_aa	1bbt_ab	1al2_ab	1b35_C	1al2_ad	1bbt_ac
1bbt_aa	1.0	0.1481	0.1812	0.1515	0.1667	0.1429	0.1556	0.1295
1al2_ac	0.1481	1.0	0.1629	0.2184	0.1145	0.1311	0.1512	0.1436
1mec_aa	0.1812	0.1629	1.0	0.1561	0.1768	0.1538	0.1421	0.1398
1bbt_ab	0.1515	0.2184	0.1561	1.0	0.1534	0.1404	0.1716	0.1124
1al2_ab	0.1667	0.1145	0.1768	0.1534	1.0	0.1311	0.1215	0.1534
1b35_C	0.1429	0.1311	0.1538	0.1404	0.1311	1.0	0.1649	0.1316
1al2_ad	0.1556	0.1512	0.1421	0.1716	0.1215	0.1649	1.0	0.2541
1bbt_ac	0.1295	0.1436	0.1398	0.1124	0.1534	0.1316	0.2541	1.0
