	1bgl_A	BGAL_THEMA	BGA2_ECOLI	BGAL_BACHD	BGAL_STAXY	BGAL_ACTPL	BGAL_KLULA	BGAL_ARTSP
1bgl_A	1.0	0.3762	0.3389	0.3392	0.3251	0.3341	0.3202	0.3202
BGAL_THEMA	0.3762	1.0	0.3576	0.379	0.3062	0.3506	0.3455	0.355
BGA2_ECOLI	0.3389	0.3576	1.0	0.3133	0.2912	0.3215	0.348	0.3134
BGAL_BACHD	0.3392	0.379	0.3133	1.0	0.2935	0.312	0.3096	0.2978
BGAL_STAXY	0.3251	0.3062	0.2912	0.2935	1.0	0.3947	0.3025	0.3015
BGAL_ACTPL	0.3341	0.3506	0.3215	0.312	0.3947	1.0	0.3316	0.3259
BGAL_KLULA	0.3202	0.3455	0.348	0.3096	0.3025	0.3316	1.0	0.3495
BGAL_ARTSP	0.3202	0.355	0.3134	0.2978	0.3015	0.3259	0.3495	1.0
