	4enl_	1fhu_A	1kcz_A	1jpd_X	1bqg_	1rvk_A	1muc_A	2mnr_
4enl_	1.0	0.162	0.1604	0.1703	0.1359	0.1802	0.1888	0.1606
1fhu_A	0.162	1.0	0.1274	0.2414	0.1859	0.1613	0.1826	0.1374
1kcz_A	0.1604	0.1274	1.0	0.1799	0.1189	0.1538	0.2	0.1606
1jpd_X	0.1703	0.2414	0.1799	1.0	0.1628	0.2099	0.2425	0.179
1bqg_	0.1359	0.1859	0.1189	0.1628	1.0	0.1805	0.2022	0.1661
1rvk_A	0.1802	0.1613	0.1538	0.2099	0.1805	1.0	0.2299	0.227
1muc_A	0.1888	0.1826	0.2	0.2425	0.2022	0.2299	1.0	0.2669
2mnr_	0.1606	0.1374	0.1606	0.179	0.1661	0.227	0.2669	1.0
