	1lvl_	1mo9_A	1nhp_	1fcd_A	1d7y_A	1gv4_A	1djn_A	1cl0_A
1lvl_	1.0	0.25	0.2356	0.194	0.2493	0.2066	0.1922	0.2332
1mo9_A	0.25	1.0	0.2233	0.1894	0.2234	0.2254	0.1899	0.189
1nhp_	0.2356	0.2233	1.0	0.1949	0.2289	0.1796	0.206	0.2518
1fcd_A	0.194	0.1894	0.1949	1.0	0.1781	0.1713	0.1673	0.1449
1d7y_A	0.2493	0.2234	0.2289	0.1781	1.0	0.2237	0.1739	0.1875
1gv4_A	0.2066	0.2254	0.1796	0.1713	0.2237	1.0	0.1821	0.2113
1djn_A	0.1922	0.1899	0.206	0.1673	0.1739	0.1821	1.0	0.2074
1cl0_A	0.2332	0.189	0.2518	0.1449	0.1875	0.2113	0.2074	1.0
