	1wad_	1czj_	1gm4_A	CY3B_DESAF	CY31_DESDN	1gyo_A	3cao_A
1wad_	1.0	0.2762	0.4059	0.2885	0.34	0.2549	0.2556
1czj_	0.2762	1.0	0.2929	0.3271	0.3398	0.2952	0.2581
1gm4_A	0.4059	0.2929	1.0	0.36	0.375	0.3368	0.2651
CY3B_DESAF	0.2885	0.3271	0.36	1.0	0.3565	0.375	0.2755
CY31_DESDN	0.34	0.3398	0.375	0.3565	1.0	0.28	0.2947
1gyo_A	0.2549	0.2952	0.3368	0.375	0.28	1.0	0.2637
3cao_A	0.2556	0.2581	0.2651	0.2755	0.2947	0.2637	1.0
