	1ar5_A	1coj_A	1gv3_A	SODF_NICPL	SODM_ALCEU	SODM_CANAL	SOD1_HALN1	SODM_CHAFE	SODM_AGABI
1ar5_A	1.0	0.3061	0.3949	0.3452	0.2642	0.4112	0.3909	0.4416	0.4072
1coj_A	0.3061	1.0	0.2172	0.2714	0.342	0.2708	0.3299	0.2376	0.2371
1gv3_A	0.3949	0.2172	1.0	0.399	0.2031	0.3317	0.399	0.3775	0.3842
SODF_NICPL	0.3452	0.2714	0.399	1.0	0.2423	0.3041	0.3692	0.3128	0.2969
SODM_ALCEU	0.2642	0.342	0.2031	0.2423	1.0	0.2222	0.3403	0.2251	0.2394
SODM_CANAL	0.4112	0.2708	0.3317	0.3041	0.2222	1.0	0.3161	0.3632	0.4145
SOD1_HALN1	0.3909	0.3299	0.399	0.3692	0.3403	0.3161	1.0	0.3604	0.3144
SODM_CHAFE	0.4416	0.2376	0.3775	0.3128	0.2251	0.3632	0.3604	1.0	0.359
SODM_AGABI	0.4072	0.2371	0.3842	0.2969	0.2394	0.4145	0.3144	0.359	1.0
