	3adk_	1qf9_A	1uky_	1zak_A	2ak3_A	2ak2_	1zip_
3adk_	1.0	0.4239	0.4516	0.4098	0.2928	0.3459	0.3838
1qf9_A	0.4239	1.0	0.5435	0.2818	0.2983	0.2727	0.2888
1uky_	0.4516	0.5435	1.0	0.3224	0.2707	0.2973	0.3189
1zak_A	0.4098	0.2818	0.3224	1.0	0.3645	0.3544	0.4078
2ak3_A	0.2928	0.2983	0.2707	0.3645	1.0	0.4115	0.3732
2ak2_	0.3459	0.2727	0.2973	0.3544	0.4115	1.0	0.412
1zip_	0.3838	0.2888	0.3189	0.4078	0.3732	0.412	1.0
