	1amu_A	1lci_	1pg3_A	1t5d_X	1md9_A	1ult_A
1amu_A	1.0	0.1978	0.2077	0.2013	0.2253	0.2227
1lci_	0.1978	1.0	0.1898	0.2271	0.2396	0.2423
1pg3_A	0.2077	0.1898	1.0	0.2279	0.2378	0.251
1t5d_X	0.2013	0.2271	0.2279	1.0	0.2567	0.2701
1md9_A	0.2253	0.2396	0.2378	0.2567	1.0	0.3083
1ult_A	0.2227	0.2423	0.251	0.2701	0.3083	1.0
