	1cb9_A	1kba_A	1fas_	1drs_	1cod_	NXL3_OPHHA	CADO_BUNCA	NXSH_BUNMU	TXM2_NAJKA
1cb9_A	1.0	0.2857	0.2407	0.2885	0.2778	0.3571	0.3214	0.3846	0.3571
1kba_A	0.2857	1.0	0.2182	0.2453	0.3455	0.3509	0.375	0.3019	0.3509
1fas_	0.2407	0.2182	1.0	0.3148	0.3273	0.1818	0.2545	0.2963	0.2364
1drs_	0.2885	0.2453	0.3148	1.0	0.3208	0.2075	0.283	0.3077	0.2453
1cod_	0.2778	0.3455	0.3273	0.3208	1.0	0.2545	0.4211	0.3091	0.3393
NXL3_OPHHA	0.3571	0.3509	0.1818	0.2075	0.2545	1.0	0.3214	0.283	0.3684
CADO_BUNCA	0.3214	0.375	0.2545	0.283	0.4211	0.3214	1.0	0.4	0.3175
NXSH_BUNMU	0.3846	0.3019	0.2963	0.3077	0.3091	0.283	0.4	1.0	0.4
TXM2_NAJKA	0.3571	0.3509	0.2364	0.2453	0.3393	0.3684	0.3175	0.4	1.0
