	EP42_HUMAN	1g0d_A	1l9m_A	TGM5_HUMAN	TGM4_HUMAN	ANNU_SCHAM	1evu_A	TGMH_TACTR
EP42_HUMAN	1.0	0.3297	0.3147	0.3358	0.2885	0.2764	0.2643	0.2567
1g0d_A	0.3297	1.0	0.3578	0.4106	0.3441	0.3374	0.3507	0.3313
1l9m_A	0.3147	0.3578	1.0	0.4575	0.351	0.3389	0.3469	0.3328
TGM5_HUMAN	0.3358	0.4106	0.4575	1.0	0.3358	0.3446	0.3522	0.3348
TGM4_HUMAN	0.2885	0.3441	0.351	0.3358	1.0	0.3527	0.3228	0.3358
ANNU_SCHAM	0.2764	0.3374	0.3389	0.3446	0.3527	1.0	0.3592	0.3755
1evu_A	0.2643	0.3507	0.3469	0.3522	0.3228	0.3592	1.0	0.3789
TGMH_TACTR	0.2567	0.3313	0.3328	0.3348	0.3358	0.3755	0.3789	1.0
