	4enl_	1fhu_A	1kcz_A	1jpd_X	1bqg_	1rvk_A	1muc_A	2mnr_
4enl_	1.0	0.1435	0.1627	0.1698	0.1619	0.1765	0.1696	0.1812
1fhu_A	0.1435	1.0	0.1452	0.2149	0.2069	0.173	0.2033	0.1597
1kcz_A	0.1627	0.1452	1.0	0.1815	0.1386	0.1543	0.2143	0.1443
1jpd_X	0.1698	0.2149	0.1815	1.0	0.1716	0.2274	0.2509	0.2226
1bqg_	0.1619	0.2069	0.1386	0.1716	1.0	0.196	0.2143	0.1735
1rvk_A	0.1765	0.173	0.1543	0.2274	0.196	1.0	0.2318	0.2193
1muc_A	0.1696	0.2033	0.2143	0.2509	0.2143	0.2318	1.0	0.2473
2mnr_	0.1812	0.1597	0.1443	0.2226	0.1735	0.2193	0.2473	1.0
