	BIRT_PARTR	1i6f_A	SCX6_ANDAU	1aho_	1bmr_	SCAT_MESMA	SCX6_CENLL	AEP_MESMA
BIRT_PARTR	1.0	0.3462	0.3148	0.3462	0.3148	0.3091	0.375	0.3455
1i6f_A	0.3462	1.0	0.3833	0.3846	0.322	0.3729	0.3833	0.4237
SCX6_ANDAU	0.3148	0.3833	1.0	0.4151	0.4355	0.3387	0.3651	0.371
1aho_	0.3462	0.3846	0.4151	1.0	0.4528	0.3462	0.3962	0.4038
1bmr_	0.3148	0.322	0.4355	0.4528	1.0	0.2951	0.3387	0.377
SCAT_MESMA	0.3091	0.3729	0.3387	0.3462	0.2951	1.0	0.4074	0.378
SCX6_CENLL	0.375	0.3833	0.3651	0.3962	0.3387	0.4074	1.0	0.4198
AEP_MESMA	0.3455	0.4237	0.371	0.4038	0.377	0.378	0.4198	1.0
