	1fjl_A	1ftz_	1ftt_	1mnm_C	1akh_A	1bw5_	HM17_APIME	HM05_CAEEL	BRX2_HUMAN
1fjl_A	1.0	0.3469	0.4082	0.3061	0.3265	0.3265	0.4286	0.3878	0.3673
1ftz_	0.3469	1.0	0.3673	0.3469	0.2245	0.2653	0.4694	0.4082	0.4286
1ftt_	0.4082	0.3673	1.0	0.3265	0.3265	0.2857	0.4898	0.4286	0.4898
1mnm_C	0.3061	0.3469	0.3265	1.0	0.2245	0.3061	0.3061	0.3673	0.3673
1akh_A	0.3265	0.2245	0.3265	0.2245	1.0	0.2449	0.3469	0.2857	0.2857
1bw5_	0.3265	0.2653	0.2857	0.3061	0.2449	1.0	0.2041	0.3061	0.2449
HM17_APIME	0.4286	0.4694	0.4898	0.3061	0.3469	0.2041	1.0	0.4898	0.5102
HM05_CAEEL	0.3878	0.4082	0.4286	0.3673	0.2857	0.3061	0.4898	1.0	0.5306
BRX2_HUMAN	0.3673	0.4286	0.4898	0.3673	0.2857	0.2449	0.5102	0.5306	1.0
