	1lvl_	1mo9_A	1nhp_	1fcd_A	1d7y_A	1gv4_A	1djn_A	1cl0_A
1lvl_	1.0	0.2361	0.2121	0.1433	0.2047	0.1979	0.1741	0.2256
1mo9_A	0.2361	1.0	0.217	0.1546	0.196	0.165	0.1516	0.1895
1nhp_	0.2121	0.217	1.0	0.1312	0.1932	0.1769	0.1627	0.2604
1fcd_A	0.1433	0.1546	0.1312	1.0	0.1983	0.2005	0.1284	0.1585
1d7y_A	0.2047	0.196	0.1932	0.1983	1.0	0.241	0.1611	0.1794
1gv4_A	0.1979	0.165	0.1769	0.2005	0.241	1.0	0.1576	0.1803
1djn_A	0.1741	0.1516	0.1627	0.1284	0.1611	0.1576	1.0	0.1712
1cl0_A	0.2256	0.1895	0.2604	0.1585	0.1794	0.1803	0.1712	1.0
