	1hlq_A	2hip_A	1hpi_	HPIS_PARSP	HPIS_THIPF	1hip_
1hlq_A	1.0	0.2903	0.3571	0.3188	0.3014	0.3562
2hip_A	0.2903	1.0	0.377	0.3559	0.2581	0.2381
1hpi_	0.3571	0.377	1.0	0.3636	0.3429	0.3521
HPIS_PARSP	0.3188	0.3559	0.3636	1.0	0.3803	0.3521
HPIS_THIPF	0.3014	0.2581	0.3429	0.3803	1.0	0.3816
1hip_	0.3562	0.2381	0.3521	0.3521	0.3816	1.0
