	1izo_A	1e9x_A	1dt6_A	2hpd_A	1n97_A	1oxa_	1n40_A	1cpt_	1phd_
1izo_A	1.0	0.155	0.1505	0.1658	0.163	0.1395	0.1622	0.1631	0.1413
1e9x_A	0.155	1.0	0.1495	0.204	0.1711	0.1985	0.1662	0.1896	0.1648
1dt6_A	0.1505	0.1495	1.0	0.1792	0.1833	0.1698	0.1801	0.1989	0.2017
2hpd_A	0.1658	0.204	0.1792	1.0	0.1887	0.1487	0.1741	0.2119	0.1752
1n97_A	0.163	0.1711	0.1833	0.1887	1.0	0.2616	0.2244	0.1846	0.1556
1oxa_	0.1395	0.1985	0.1698	0.1487	0.2616	1.0	0.2447	0.2338	0.2238
1n40_A	0.1622	0.1662	0.1801	0.1741	0.2244	0.2447	1.0	0.231	0.2188
1cpt_	0.1631	0.1896	0.1989	0.2119	0.1846	0.2338	0.231	1.0	0.263
1phd_	0.1413	0.1648	0.2017	0.1752	0.1556	0.2238	0.2188	0.263	1.0
