	1ar5_A	1coj_A	1gv3_A	SODF_NICPL	SODM_ALCEU	SODM_CANAL	SOD1_HALN1	SODM_CHAFE	SODM_AGABI
1ar5_A	1.0	0.3021	0.3949	0.3594	0.25	0.4124	0.4041	0.4485	0.4158
1coj_A	0.3021	1.0	0.2251	0.291	0.3457	0.2737	0.3316	0.2526	0.2473
1gv3_A	0.3949	0.2251	1.0	0.3927	0.2094	0.342	0.3906	0.4301	0.381
SODF_NICPL	0.3594	0.291	0.3927	1.0	0.25	0.2984	0.3789	0.3316	0.2995
SODM_ALCEU	0.25	0.3457	0.2094	0.25	1.0	0.2263	0.3439	0.2263	0.2419
SODM_CANAL	0.4124	0.2737	0.342	0.2984	0.2263	1.0	0.3073	0.4062	0.4233
SOD1_HALN1	0.4041	0.3316	0.3906	0.3789	0.3439	0.3073	1.0	0.377	0.3245
SODM_CHAFE	0.4485	0.2526	0.4301	0.3316	0.2263	0.4062	0.377	1.0	0.3989
SODM_AGABI	0.4158	0.2473	0.381	0.2995	0.2419	0.4233	0.3245	0.3989	1.0
