	1ar5_A	1coj_A	1gv3_A	SODF_NICPL	SODM_ALCEU	SODM_CANAL	SOD1_HALN1	SODM_CHAFE	SODM_AGABI
1ar5_A	1.0	0.3189	0.4103	0.3571	0.2732	0.4103	0.3959	0.4365	0.4633
1coj_A	0.3189	1.0	0.232	0.306	0.3536	0.2873	0.3583	0.291	0.2892
1gv3_A	0.4103	0.232	1.0	0.4145	0.2291	0.3586	0.3938	0.4293	0.4451
SODF_NICPL	0.3571	0.306	0.4145	1.0	0.2818	0.3264	0.366	0.3454	0.3543
SODM_ALCEU	0.2732	0.3536	0.2291	0.2818	1.0	0.2346	0.3591	0.2582	0.2733
SODM_CANAL	0.4103	0.2873	0.3586	0.3264	0.2346	1.0	0.3161	0.3962	0.4798
SOD1_HALN1	0.3959	0.3583	0.3938	0.366	0.3591	0.3161	1.0	0.3909	0.3333
SODM_CHAFE	0.4365	0.291	0.4293	0.3454	0.2582	0.3962	0.3909	1.0	0.4607
SODM_AGABI	0.4633	0.2892	0.4451	0.3543	0.2733	0.4798	0.3333	0.4607	1.0
