	1ubi_	1gua_B	1dgj_A	1awd_	1i7h_A	1jq4_A	2pia_
1ubi_	1.0	0.1633	0.1964	0.1639	0.1791	0.1452	0.1791
1gua_B	0.1633	1.0	0.2391	0.1311	0.1333	0.129	0.15
1dgj_A	0.1964	0.2391	1.0	0.1887	0.1864	0.2037	0.2712
1awd_	0.1639	0.1311	0.1887	1.0	0.3243	0.3333	0.3378
1i7h_A	0.1791	0.1333	0.1864	0.3243	1.0	0.3108	0.2099
1jq4_A	0.1452	0.129	0.2037	0.3333	0.3108	1.0	0.2568
2pia_	0.1791	0.15	0.2712	0.3378	0.2099	0.2568	1.0
