	1sbp_	1wod_	1atg_	1mrp_	1pot_	1a7l_A	1eu8_A
1sbp_	1.0	0.194	0.2103	0.2217	0.2233	0.1923	0.1597
1wod_	0.194	1.0	0.2615	0.236	0.2268	0.177	0.1682
1atg_	0.2103	0.2615	1.0	0.1943	0.2113	0.1498	0.1659
1mrp_	0.2217	0.236	0.1943	1.0	0.2741	0.2488	0.2212
1pot_	0.2233	0.2268	0.2113	0.2741	1.0	0.2227	0.188
1a7l_A	0.1923	0.177	0.1498	0.2488	0.2227	1.0	0.2984
1eu8_A	0.1597	0.1682	0.1659	0.2212	0.188	0.2984	1.0
