	1bbt_ac	1al2_ad	1b35_C	1bbt_ab	1mec_aa	1bbt_aa	1al2_ab	1al2_ac
1bbt_ac	1.0	0.2857	0.1493	0.1131	0.1047	0.1496	0.1611	0.125
1al2_ad	0.2857	1.0	0.1535	0.1461	0.1323	0.1295	0.1371	0.1237
1b35_C	0.1493	0.1535	1.0	0.1905	0.1407	0.1241	0.1697	0.1592
1bbt_ab	0.1131	0.1461	0.1905	1.0	0.1029	0.1181	0.1371	0.265
1mec_aa	0.1047	0.1323	0.1407	0.1029	1.0	0.1879	0.2108	0.1217
1bbt_aa	0.1496	0.1295	0.1241	0.1181	0.1879	1.0	0.1757	0.1079
1al2_ab	0.1611	0.1371	0.1697	0.1371	0.2108	0.1757	1.0	0.1099
1al2_ac	0.125	0.1237	0.1592	0.265	0.1217	0.1079	0.1099	1.0
