	1zip_	2ak2_	2ak3_A	1zak_A	1qf9_A	3adk_	1uky_
1zip_	1.0	0.4231	0.3775	0.4078	0.288	0.3804	0.3135
2ak2_	0.4231	1.0	0.402	0.3544	0.2717	0.3478	0.2973
2ak3_A	0.3775	0.402	1.0	0.3663	0.3	0.3056	0.2818
1zak_A	0.4078	0.3544	0.3663	1.0	0.2857	0.4121	0.3224
1qf9_A	0.288	0.2717	0.3	0.2857	1.0	0.4239	0.5435
3adk_	0.3804	0.3478	0.3056	0.4121	0.4239	1.0	0.4511
1uky_	0.3135	0.2973	0.2818	0.3224	0.5435	0.4511	1.0
