	1fnc_	1fdr_	1qfj_A	1krh_A	1ndh_	2pia_	1cqx_A	1ep1_B
1fnc_	1.0	0.2044	0.1784	0.2085	0.2188	0.1442	0.1762	0.1611
1fdr_	0.2044	1.0	0.1857	0.2488	0.2115	0.1719	0.1957	0.1598
1qfj_A	0.1784	0.1857	1.0	0.2344	0.2284	0.198	0.2	0.1616
1krh_A	0.2085	0.2488	0.2344	1.0	0.2723	0.2115	0.1938	0.1872
1ndh_	0.2188	0.2115	0.2284	0.2723	1.0	0.201	0.2009	0.1959
2pia_	0.1442	0.1719	0.198	0.2115	0.201	1.0	0.1991	0.225
1cqx_A	0.1762	0.1957	0.2	0.1938	0.2009	0.1991	1.0	0.1518
1ep1_B	0.1611	0.1598	0.1616	0.1872	0.1959	0.225	0.1518	1.0
