	1lvl_	1mo9_A	1nhp_	1fcd_A	1d7y_A	1gv4_A	1djn_A	1cl0_A
1lvl_	1.0	0.2508	0.2549	0.1667	0.25	0.204	0.1909	0.218
1mo9_A	0.2508	1.0	0.2595	0.155	0.1986	0.1765	0.1633	0.2014
1nhp_	0.2549	0.2595	1.0	0.1905	0.2236	0.2008	0.1579	0.2431
1fcd_A	0.1667	0.155	0.1905	1.0	0.1579	0.187	0.1713	0.1718
1d7y_A	0.25	0.1986	0.2236	0.1579	1.0	0.2381	0.1646	0.179
1gv4_A	0.204	0.1765	0.2008	0.187	0.2381	1.0	0.1627	0.2113
1djn_A	0.1909	0.1633	0.1579	0.1713	0.1646	0.1627	1.0	0.1967
1cl0_A	0.218	0.2014	0.2431	0.1718	0.179	0.2113	0.1967	1.0
