	4enl_	1fhu_A	1kcz_A	1jpd_X	1bqg_	1rvk_A	1muc_A	2mnr_
4enl_	1.0	0.1544	0.1491	0.1753	0.1469	0.1651	0.1728	0.1873
1fhu_A	0.1544	1.0	0.1348	0.2292	0.1749	0.1434	0.1913	0.1471
1kcz_A	0.1491	0.1348	1.0	0.1821	0.1337	0.1721	0.1975	0.1569
1jpd_X	0.1753	0.2292	0.1821	1.0	0.1424	0.2034	0.2367	0.1791
1bqg_	0.1469	0.1749	0.1337	0.1424	1.0	0.1829	0.2091	0.1637
1rvk_A	0.1651	0.1434	0.1721	0.2034	0.1829	1.0	0.2216	0.2287
1muc_A	0.1728	0.1913	0.1975	0.2367	0.2091	0.2216	1.0	0.2478
2mnr_	0.1873	0.1471	0.1569	0.1791	0.1637	0.2287	0.2478	1.0
