	1bif_	4tmk_A	1e2d_A	1gky_	1kgd_A	1uky_	1dvr_A
1bif_	1.0	0.1967	0.1854	0.1322	0.1288	0.1582	0.1333
4tmk_A	0.1967	1.0	0.2762	0.1582	0.1905	0.1611	0.153
1e2d_A	0.1854	0.2762	1.0	0.1813	0.1366	0.2069	0.191
1gky_	0.1322	0.1582	0.1813	1.0	0.2469	0.2	0.1864
1kgd_A	0.1288	0.1905	0.1366	0.2469	1.0	0.1273	0.1166
1uky_	0.1582	0.1611	0.2069	0.2	0.1273	1.0	0.2655
1dvr_A	0.1333	0.153	0.191	0.1864	0.1166	0.2655	1.0
