	1cb9_A	1kba_A	1fas_	1drs_	1cod_	NXL3_OPHHA	CADO_BUNCA	NXSH_BUNMU	TXM2_NAJKA
1cb9_A	1.0	0.2712	0.2679	0.2963	0.2632	0.3729	0.3051	0.3704	0.3793
1kba_A	0.2712	1.0	0.1964	0.2778	0.3333	0.3559	0.3559	0.2963	0.3448
1fas_	0.2679	0.1964	1.0	0.3148	0.3273	0.1786	0.2857	0.3462	0.2679
1drs_	0.2963	0.2778	0.3148	1.0	0.3774	0.2593	0.3148	0.36	0.2963
1cod_	0.2632	0.3333	0.3273	0.3774	1.0	0.2456	0.4211	0.3148	0.3333
NXL3_OPHHA	0.3729	0.3559	0.1786	0.2593	0.2456	1.0	0.3051	0.2778	0.3793
CADO_BUNCA	0.3051	0.3559	0.2857	0.3148	0.4211	0.3051	1.0	0.4259	0.3276
NXSH_BUNMU	0.3704	0.2963	0.3462	0.36	0.3148	0.2778	0.4259	1.0	0.4259
TXM2_NAJKA	0.3793	0.3448	0.2679	0.2963	0.3333	0.3793	0.3276	0.4259	1.0
