	1hpi_	1hip_	2hip_A	1hlq_A	HPIS_THIPF	HPIS_PARSP
1hpi_	1.0	0.3824	0.3881	0.3429	0.3788	0.4062
1hip_	0.3824	1.0	0.303	0.3699	0.4051	0.3881
2hip_A	0.3881	0.303	1.0	0.2941	0.2812	0.3846
1hlq_A	0.3429	0.3699	0.2941	1.0	0.3239	0.3284
HPIS_THIPF	0.3788	0.4051	0.2812	0.3239	1.0	0.4179
HPIS_PARSP	0.4062	0.3881	0.3846	0.3284	0.4179	1.0
