	2pia_	1fnc_	1fdr_	1ndh_	1cqx_A	1krh_A	1qfj_A	1ep1_B
2pia_	1.0	0.2094	0.2139	0.2241	0.2565	0.2444	0.22	0.2408
1fnc_	0.2094	1.0	0.2767	0.2327	0.2081	0.2512	0.2253	0.1989
1fdr_	0.2139	0.2767	1.0	0.2567	0.2129	0.3041	0.1919	0.1784
1ndh_	0.2241	0.2327	0.2567	1.0	0.2153	0.2941	0.2216	0.2229
1cqx_A	0.2565	0.2081	0.2129	0.2153	1.0	0.2479	0.2278	0.2308
1krh_A	0.2444	0.2512	0.3041	0.2941	0.2479	1.0	0.2611	0.2308
1qfj_A	0.22	0.2253	0.1919	0.2216	0.2278	0.2611	1.0	0.2192
1ep1_B	0.2408	0.1989	0.1784	0.2229	0.2308	0.2308	0.2192	1.0
