	1uky_	1dvr_A	1gky_	1kgd_A	1e2d_A	4tmk_A	1bif_
1uky_	1.0	0.2443	0.1852	0.1111	0.205	0.1325	0.1965
1dvr_A	0.2443	1.0	0.1905	0.144	0.2024	0.1771	0.1878
1gky_	0.1852	0.1905	1.0	0.2587	0.1607	0.15	0.2042
1kgd_A	0.1111	0.144	0.2587	1.0	0.115	0.1624	0.1799
1e2d_A	0.205	0.2024	0.1607	0.115	1.0	0.267	0.1368
4tmk_A	0.1325	0.1771	0.15	0.1624	0.267	1.0	0.1777
1bif_	0.1965	0.1878	0.2042	0.1799	0.1368	0.1777	1.0
