	2gsq_	1a0f_A	1b4p_A	1gwc_A	1eem_A	1jlv_A	1nhy_A	1k0m_A	1g6w_A
2gsq_	1.0	0.1771	0.234	0.1702	0.1676	0.1844	0.1271	0.1371	0.164
1a0f_A	0.1771	1.0	0.1522	0.2063	0.1967	0.2147	0.1676	0.1734	0.2063
1b4p_A	0.234	0.1522	1.0	0.1436	0.1546	0.1579	0.1311	0.1525	0.1361
1gwc_A	0.1702	0.2063	0.1436	1.0	0.2584	0.2021	0.1173	0.1737	0.1733
1eem_A	0.1676	0.1967	0.1546	0.2584	1.0	0.1809	0.1465	0.1744	0.1875
1jlv_A	0.1844	0.2147	0.1579	0.2021	0.1809	1.0	0.1713	0.1582	0.2474
1nhy_A	0.1271	0.1676	0.1311	0.1173	0.1465	0.1713	1.0	0.1123	0.16
1k0m_A	0.1371	0.1734	0.1525	0.1737	0.1744	0.1582	0.1123	1.0	0.1465
1g6w_A	0.164	0.2063	0.1361	0.1733	0.1875	0.2474	0.16	0.1465	1.0
