	1bbt_ac	1al2_ad	1b35_C	1bbt_ab	1mec_aa	1bbt_aa	1al2_ab	1al2_ac
1bbt_ac	1.0	0.276	0.1218	0.1241	0.1146	0.1333	0.162	0.1208
1al2_ad	0.276	1.0	0.2412	0.1565	0.1579	0.1565	0.1538	0.1321
1b35_C	0.1218	0.2412	1.0	0.1695	0.2069	0.1849	0.1659	0.1649
1bbt_ab	0.1241	0.1565	0.1695	1.0	0.1264	0.1269	0.1285	0.2984
1mec_aa	0.1146	0.1579	0.2069	0.1264	1.0	0.2701	0.1724	0.1828
1bbt_aa	0.1333	0.1565	0.1849	0.1269	0.2701	1.0	0.1973	0.1905
1al2_ab	0.162	0.1538	0.1659	0.1285	0.1724	0.1973	1.0	0.1632
1al2_ac	0.1208	0.1321	0.1649	0.2984	0.1828	0.1905	0.1632	1.0
