	1cpt_	1oxa_	1phd_	2hpd_A	1dt6_A	1e9x_A	1izo_A	1n40_A	1n97_A
1cpt_	1.0	0.2378	0.2768	0.1873	0.1831	0.175	0.1715	0.2297	0.1827
1oxa_	0.2378	1.0	0.2066	0.1543	0.1758	0.2016	0.1705	0.246	0.2018
1phd_	0.2768	0.2066	1.0	0.1566	0.1765	0.1497	0.1722	0.1994	0.1741
2hpd_A	0.1873	0.1543	0.1566	1.0	0.2124	0.2051	0.1771	0.1503	0.2678
1dt6_A	0.1831	0.1758	0.1765	0.2124	1.0	0.1789	0.1691	0.1695	0.2093
1e9x_A	0.175	0.2016	0.1497	0.2051	0.1789	1.0	0.1457	0.1547	0.1829
1izo_A	0.1715	0.1705	0.1722	0.1771	0.1691	0.1457	1.0	0.1504	0.1911
1n40_A	0.2297	0.246	0.1994	0.1503	0.1695	0.1547	0.1504	1.0	0.1754
1n97_A	0.1827	0.2018	0.1741	0.2678	0.2093	0.1829	0.1911	0.1754	1.0
