	1nhy_A	1k0m_A	1b4p_A	1g6w_A	1gwc_A	1eem_A	2gsq_	1jlv_A	1a0f_A
1nhy_A	1.0	0.1337	0.1337	0.1741	0.1554	0.1885	0.1413	0.1813	0.1675
1k0m_A	0.1337	1.0	0.1304	0.1608	0.1907	0.1693	0.1398	0.1882	0.1946
1b4p_A	0.1337	0.1304	1.0	0.1146	0.1946	0.1838	0.2353	0.1832	0.1809
1g6w_A	0.1741	0.1608	0.1146	1.0	0.2081	0.1959	0.1451	0.2374	0.2041
1gwc_A	0.1554	0.1907	0.1946	0.2081	1.0	0.2798	0.1979	0.2565	0.2304
1eem_A	0.1885	0.1693	0.1838	0.1959	0.2798	1.0	0.1892	0.2053	0.1842
2gsq_	0.1413	0.1398	0.2353	0.1451	0.1979	0.1892	1.0	0.2181	0.1935
1jlv_A	0.1813	0.1882	0.1832	0.2374	0.2565	0.2053	0.2181	1.0	0.2268
1a0f_A	0.1675	0.1946	0.1809	0.2041	0.2304	0.1842	0.1935	0.2268	1.0
