	1coj_A	SODM_ALCEU	1gv3_A	SODF_NICPL	SOD1_HALN1	SODM_CANAL	SODM_AGABI	1ar5_A	SODM_CHAFE
1coj_A	1.0	0.342	0.2398	0.2828	0.3503	0.2932	0.2565	0.3128	0.2915
SODM_ALCEU	0.342	1.0	0.2199	0.2708	0.3472	0.2251	0.2169	0.2615	0.2526
1gv3_A	0.2398	0.2199	1.0	0.4141	0.399	0.3268	0.383	0.3897	0.4264
SODF_NICPL	0.2828	0.2708	0.4141	1.0	0.3763	0.3109	0.3105	0.3622	0.3557
SOD1_HALN1	0.3503	0.3472	0.399	0.3763	1.0	0.3109	0.3177	0.3959	0.3858
SODM_CANAL	0.2932	0.2251	0.3268	0.3109	0.3109	1.0	0.3927	0.4061	0.3803
SODM_AGABI	0.2565	0.2169	0.383	0.3105	0.3177	0.3927	1.0	0.4175	0.4249
1ar5_A	0.3128	0.2615	0.3897	0.3622	0.3959	0.4061	0.4175	1.0	0.4315
SODM_CHAFE	0.2915	0.2526	0.4264	0.3557	0.3858	0.3803	0.4249	0.4315	1.0
