	1zip_	2ak2_	2ak3_A	1zak_A	1qf9_A	3adk_	1uky_
1zip_	1.0	0.4293	0.3786	0.4058	0.2919	0.3676	0.3207
2ak2_	0.4293	1.0	0.4244	0.3447	0.2935	0.3405	0.2973
2ak3_A	0.3786	0.4244	1.0	0.3519	0.2857	0.2819	0.266
1zak_A	0.4058	0.3447	0.3519	1.0	0.2742	0.4032	0.3118
1qf9_A	0.2919	0.2935	0.2857	0.2742	1.0	0.4105	0.5397
3adk_	0.3676	0.3405	0.2819	0.4032	0.4105	1.0	0.4479
1uky_	0.3207	0.2973	0.266	0.3118	0.5397	0.4479	1.0
