	1ep1_B	1qfj_A	1fnc_	1ndh_	2pia_	1cqx_A	1fdr_	1krh_A
1ep1_B	1.0	0.1282	0.2029	0.1787	0.1947	0.1546	0.1337	0.1765
1qfj_A	0.1282	1.0	0.1831	0.2286	0.1795	0.2057	0.1792	0.2266
1fnc_	0.2029	0.1831	1.0	0.2103	0.1845	0.1579	0.2183	0.2406
1ndh_	0.1787	0.2286	0.2103	1.0	0.1827	0.2054	0.2074	0.2664
2pia_	0.1947	0.1795	0.1845	0.1827	1.0	0.3005	0.1773	0.2284
1cqx_A	0.1546	0.2057	0.1579	0.2054	0.3005	1.0	0.2176	0.2512
1fdr_	0.1337	0.1792	0.2183	0.2074	0.1773	0.2176	1.0	0.2548
1krh_A	0.1765	0.2266	0.2406	0.2664	0.2284	0.2512	0.2548	1.0
