	1sbp_	1wod_	1atg_	1mrp_	1pot_	1a7l_A	1eu8_A
1sbp_	1.0	0.2032	0.2094	0.2264	0.1829	0.1969	0.1835
1wod_	0.2032	1.0	0.2449	0.2434	0.1862	0.2041	0.1756
1atg_	0.2094	0.2449	1.0	0.1897	0.1813	0.1592	0.1333
1mrp_	0.2264	0.2434	0.1897	1.0	0.2039	0.2285	0.2226
1pot_	0.1829	0.1862	0.1813	0.2039	1.0	0.1815	0.159
1a7l_A	0.1969	0.2041	0.1592	0.2285	0.1815	1.0	0.2947
1eu8_A	0.1835	0.1756	0.1333	0.2226	0.159	0.2947	1.0
