	3grs_	1bhy_	1mo9_A	1nhp_	1d7y_A	1gv4_A	1fcd_A	2tmd_A
3grs_	1.0	0.2884	0.27	0.1949	0.2	0.2041	0.1794	0.2271
1bhy_	0.2884	1.0	0.2368	0.232	0.2353	0.1948	0.1929	0.213
1mo9_A	0.27	0.2368	1.0	0.2514	0.2404	0.2172	0.1873	0.2014
1nhp_	0.1949	0.232	0.2514	1.0	0.241	0.1903	0.1792	0.216
1d7y_A	0.2	0.2353	0.2404	0.241	1.0	0.2256	0.1894	0.2033
1gv4_A	0.2041	0.1948	0.2172	0.1903	0.2256	1.0	0.1615	0.1654
1fcd_A	0.1794	0.1929	0.1873	0.1792	0.1894	0.1615	1.0	0.168
2tmd_A	0.2271	0.213	0.2014	0.216	0.2033	0.1654	0.168	1.0
