	1csn_	1ad5_A	1a9u_	1mq4_A	1how_A	1omw_A	1f3m_C	1b6c_B
1csn_	1.0	0.1581	0.1667	0.2064	0.1967	0.1982	0.1927	0.1762
1ad5_A	0.1581	1.0	0.2547	0.2238	0.2464	0.2075	0.2244	0.2417
1a9u_	0.1667	0.2547	1.0	0.2489	0.2741	0.252	0.281	0.2317
1mq4_A	0.2064	0.2238	0.2489	1.0	0.2136	0.2634	0.2651	0.214
1how_A	0.1967	0.2464	0.2741	0.2136	1.0	0.2209	0.2301	0.2122
1omw_A	0.1982	0.2075	0.252	0.2634	0.2209	1.0	0.251	0.2589
1f3m_C	0.1927	0.2244	0.281	0.2651	0.2301	0.251	1.0	0.2383
1b6c_B	0.1762	0.2417	0.2317	0.214	0.2122	0.2589	0.2383	1.0
