	1mzp_A	1cjs_A	RL1_HALVO	R10A_ENTHI	R10A_TRYBR	RL1_BUCAP
1mzp_A	1.0	0.3583	0.2842	0.2667	0.2366	0.2697
1cjs_A	0.3583	1.0	0.3552	0.2182	0.2258	0.264
RL1_HALVO	0.2842	0.3552	1.0	0.2236	0.2198	0.2701
R10A_ENTHI	0.2667	0.2182	0.2236	1.0	0.4121	0.2166
R10A_TRYBR	0.2366	0.2258	0.2198	0.4121	1.0	0.209
RL1_BUCAP	0.2697	0.264	0.2701	0.2166	0.209	1.0
