	1k0m_A	1b4p_A	1nhy_A	2gsq_	1a0f_A	1g6w_A	1jlv_A	1gwc_A	1eem_A
1k0m_A	1.0	0.1465	0.148	0.1675	0.1667	0.1442	0.1804	0.1787	0.184
1b4p_A	0.1465	1.0	0.1156	0.2216	0.1895	0.127	0.1667	0.1709	0.1626
1nhy_A	0.148	0.1156	1.0	0.1323	0.1615	0.1888	0.1733	0.1408	0.1841
2gsq_	0.1675	0.2216	0.1323	1.0	0.1935	0.1711	0.1895	0.2113	0.1979
1a0f_A	0.1667	0.1895	0.1615	0.1935	1.0	0.2116	0.2073	0.2113	0.1842
1g6w_A	0.1442	0.127	0.1888	0.1711	0.2116	1.0	0.2368	0.2161	0.2071
1jlv_A	0.1804	0.1667	0.1733	0.1895	0.2073	0.2368	1.0	0.2624	0.1929
1gwc_A	0.1787	0.1709	0.1408	0.2113	0.2113	0.2161	0.2624	1.0	0.2857
1eem_A	0.184	0.1626	0.1841	0.1979	0.1842	0.2071	0.1929	0.2857	1.0
