	1kcz_A	4enl_	1fhu_A	1jpd_X	1rvk_A	1bqg_	1muc_A	2mnr_
1kcz_A	1.0	0.1296	0.1348	0.1978	0.1569	0.1419	0.1777	0.1485
4enl_	0.1296	1.0	0.1707	0.1433	0.1554	0.1102	0.1555	0.1449
1fhu_A	0.1348	0.1707	1.0	0.2212	0.1526	0.1925	0.2056	0.1423
1jpd_X	0.1978	0.1433	0.2212	1.0	0.2053	0.1622	0.2041	0.1848
1rvk_A	0.1569	0.1554	0.1526	0.2053	1.0	0.2018	0.2391	0.2139
1bqg_	0.1419	0.1102	0.1925	0.1622	0.2018	1.0	0.2247	0.2115
1muc_A	0.1777	0.1555	0.2056	0.2041	0.2391	0.2247	1.0	0.2462
2mnr_	0.1485	0.1449	0.1423	0.1848	0.2139	0.2115	0.2462	1.0
