	1bbt_ac	1al2_ad	1b35_C	1bbt_ab	1mec_aa	1bbt_aa	1al2_ab	1al2_ac
1bbt_ac	1.0	0.2817	0.1421	0.1284	0.1285	0.1389	0.1657	0.1235
1al2_ad	0.2817	1.0	0.2404	0.1677	0.1598	0.1513	0.1639	0.1469
1b35_C	0.1421	0.2404	1.0	0.1639	0.1973	0.18	0.1639	0.1707
1bbt_ab	0.1284	0.1677	0.1639	1.0	0.1271	0.1269	0.129	0.2927
1mec_aa	0.1285	0.1598	0.1973	0.1271	1.0	0.2645	0.183	0.1832
1bbt_aa	0.1389	0.1513	0.18	0.1269	0.2645	1.0	0.1988	0.1892
1al2_ab	0.1657	0.1639	0.1639	0.129	0.183	0.1988	1.0	0.165
1al2_ac	0.1235	0.1469	0.1707	0.2927	0.1832	0.1892	0.165	1.0
