	1abo_A	1ycs_B	1pht_	1bb9_	1hjd_A	1ov3_A	1ue9_A
1abo_A	1.0	0.2281	0.2586	0.2105	0.2069	0.2281	0.2632
1ycs_B	0.2281	1.0	0.2203	0.2687	0.1774	0.2344	0.1607
1pht_	0.2586	0.2203	1.0	0.3115	0.2258	0.2807	0.2034
1bb9_	0.2105	0.2687	0.3115	1.0	0.2581	0.3226	0.2069
1hjd_A	0.2069	0.1774	0.2258	0.2581	1.0	0.2286	0.2344
1ov3_A	0.2281	0.2344	0.2807	0.3226	0.2286	1.0	0.25
1ue9_A	0.2632	0.1607	0.2034	0.2069	0.2344	0.25	1.0
