	1hpi_	1hip_	2hip_A	1hlq_A	HPIS_THIPF	HPIS_PARSP
1hpi_	1.0	0.3662	0.375	0.3676	0.3623	0.4194
1hip_	0.3662	1.0	0.2273	0.3286	0.4167	0.3906
2hip_A	0.375	0.2273	1.0	0.2923	0.2615	0.3387
1hlq_A	0.3676	0.3286	0.2923	1.0	0.3143	0.3281
HPIS_THIPF	0.3623	0.4167	0.2615	0.3143	1.0	0.375
HPIS_PARSP	0.4194	0.3906	0.3387	0.3281	0.375	1.0
