	1cbg_	1bga_A	1gow_A	1pbg_A	BGL2_BACSU	ABGA_CLOLO	BGLA_ERWHE
1cbg_	1.0	0.3761	0.2679	0.352	0.382	0.3035	0.2998
1bga_A	0.3761	1.0	0.283	0.3638	0.3891	0.3658	0.3425
1gow_A	0.2679	0.283	1.0	0.2741	0.2749	0.2643	0.2648
1pbg_A	0.352	0.3638	0.2741	1.0	0.3681	0.3634	0.3295
BGL2_BACSU	0.382	0.3891	0.2749	0.3681	1.0	0.4326	0.3167
ABGA_CLOLO	0.3035	0.3658	0.2643	0.3634	0.4326	1.0	0.2921
BGLA_ERWHE	0.2998	0.3425	0.2648	0.3295	0.3167	0.2921	1.0
