	1csn_	1ad5_A	1a9u_	1mq4_A	1how_A	1omw_A	1f3m_C	1b6c_B
1csn_	1.0	0.1762	0.2	0.2194	0.2154	0.2122	0.1818	0.2227
1ad5_A	0.1762	1.0	0.2479	0.2383	0.2246	0.2085	0.2391	0.2831
1a9u_	0.2	0.2479	1.0	0.2642	0.3123	0.2351	0.2678	0.239
1mq4_A	0.2194	0.2383	0.2642	1.0	0.2418	0.2713	0.2658	0.2345
1how_A	0.2154	0.2246	0.3123	0.2418	1.0	0.2298	0.2468	0.1992
1omw_A	0.2122	0.2085	0.2351	0.2713	0.2298	1.0	0.2571	0.2638
1f3m_C	0.1818	0.2391	0.2678	0.2658	0.2468	0.2571	1.0	0.2611
1b6c_B	0.2227	0.2831	0.239	0.2345	0.1992	0.2638	0.2611	1.0
