	1ubi_	1gua_B	1dgj_A	1awd_	1i7h_A	1jq4_A	2pia_
1ubi_	1.0	0.1	0.125	0.1231	0.1449	0.1176	0.1515
1gua_B	0.1	1.0	0.1667	0.0984	0.1129	0.129	0.1017
1dgj_A	0.125	0.1667	1.0	0.1515	0.1471	0.1618	0.1562
1awd_	0.1231	0.0984	0.1515	1.0	0.2184	0.2759	0.2824
1i7h_A	0.1449	0.1129	0.1471	0.2184	1.0	0.2222	0.1744
1jq4_A	0.1176	0.129	0.1618	0.2759	0.2222	1.0	0.2
2pia_	0.1515	0.1017	0.1562	0.2824	0.1744	0.2	1.0
