	1csn_	1ad5_A	1a9u_	1mq4_A	1how_A	1omw_A	1f3m_C	1b6c_B
1csn_	1.0	0.1826	0.2025	0.2128	0.2194	0.2324	0.1948	0.2193
1ad5_A	0.1826	1.0	0.2579	0.2317	0.2213	0.1979	0.2169	0.2241
1a9u_	0.2025	0.2579	1.0	0.2539	0.3	0.2373	0.2482	0.232
1mq4_A	0.2128	0.2317	0.2539	1.0	0.2222	0.2644	0.2569	0.2149
1how_A	0.2194	0.2213	0.3	0.2222	1.0	0.2189	0.2362	0.2122
1omw_A	0.2324	0.1979	0.2373	0.2644	0.2189	1.0	0.2456	0.2364
1f3m_C	0.1948	0.2169	0.2482	0.2569	0.2362	0.2456	1.0	0.2245
1b6c_B	0.2193	0.2241	0.232	0.2149	0.2122	0.2364	0.2245	1.0
