	1ar5_A	1coj_A	1gv3_A	SODF_NICPL	SODM_ALCEU	SODM_CANAL	SOD1_HALN1	SODM_CHAFE	SODM_AGABI
1ar5_A	1.0	0.3229	0.4	0.3604	0.2775	0.4205	0.401	0.4365	0.4072
1coj_A	0.3229	1.0	0.2447	0.299	0.3455	0.2872	0.3557	0.3109	0.2526
1gv3_A	0.4	0.2447	1.0	0.4051	0.2181	0.3268	0.4041	0.4138	0.3895
SODF_NICPL	0.3604	0.299	0.4051	1.0	0.2593	0.299	0.3692	0.3641	0.3073
SODM_ALCEU	0.2775	0.3455	0.2181	0.2593	1.0	0.2299	0.3598	0.2593	0.2366
SODM_CANAL	0.4205	0.2872	0.3268	0.299	0.2299	1.0	0.3212	0.4057	0.4093
SOD1_HALN1	0.401	0.3557	0.4041	0.3692	0.3598	0.3212	1.0	0.3909	0.3093
SODM_CHAFE	0.4365	0.3109	0.4138	0.3641	0.2593	0.4057	0.3909	1.0	0.4256
SODM_AGABI	0.4072	0.2526	0.3895	0.3073	0.2366	0.4093	0.3093	0.4256	1.0
