	2pia_	1fnc_	1fdr_	1ndh_	1cqx_A	1krh_A	1qfj_A	1ep1_B
2pia_	1.0	0.1893	0.1675	0.1884	0.2644	0.2289	0.199	0.2124
1fnc_	0.1893	1.0	0.1974	0.2018	0.1762	0.2254	0.244	0.165
1fdr_	0.1675	0.1974	1.0	0.2056	0.212	0.2667	0.1731	0.155
1ndh_	0.1884	0.2018	0.2056	1.0	0.183	0.2723	0.2077	0.1912
1cqx_A	0.2644	0.1762	0.212	0.183	1.0	0.2535	0.2057	0.1805
1krh_A	0.2289	0.2254	0.2667	0.2723	0.2535	1.0	0.2451	0.2092
1qfj_A	0.199	0.244	0.1731	0.2077	0.2057	0.2451	1.0	0.1543
1ep1_B	0.2124	0.165	0.155	0.1912	0.1805	0.2092	0.1543	1.0
