	1cbg_	1bga_A	1gow_A	1pbg_A	BGL2_BACSU	ABGA_CLOLO	BGLA_ERWHE
1cbg_	1.0	0.3638	0.2584	0.3449	0.3831	0.2919	0.2918
1bga_A	0.3638	1.0	0.2734	0.3486	0.3843	0.3455	0.3356
1gow_A	0.2584	0.2734	1.0	0.2714	0.2759	0.2554	0.2482
1pbg_A	0.3449	0.3486	0.2714	1.0	0.3584	0.3611	0.3189
BGL2_BACSU	0.3831	0.3843	0.2759	0.3584	1.0	0.4129	0.3038
ABGA_CLOLO	0.2919	0.3455	0.2554	0.3611	0.4129	1.0	0.2725
BGLA_ERWHE	0.2918	0.3356	0.2482	0.3189	0.3038	0.2725	1.0
