	1bbt_ac	1al2_ad	1b35_C	1bbt_ab	1mec_aa	1bbt_aa	1al2_ab	1al2_ac
1bbt_ac	1.0	0.2831	0.1307	0.1364	0.1242	0.1473	0.1862	0.15
1al2_ad	0.2831	1.0	0.1951	0.1429	0.1125	0.1168	0.1457	0.1554
1b35_C	0.1307	0.1951	1.0	0.1714	0.1491	0.1216	0.1656	0.1867
1bbt_ab	0.1364	0.1429	0.1714	1.0	0.1507	0.0992	0.1528	0.2857
1mec_aa	0.1242	0.1125	0.1491	0.1507	1.0	0.1905	0.2606	0.1711
1bbt_aa	0.1473	0.1168	0.1216	0.0992	0.1905	1.0	0.1797	0.1298
1al2_ab	0.1862	0.1457	0.1656	0.1528	0.2606	0.1797	1.0	0.1507
1al2_ac	0.15	0.1554	0.1867	0.2857	0.1711	0.1298	0.1507	1.0
