	1hpi_	1hip_	2hip_A	1hlq_A	HPIS_THIPF	HPIS_PARSP
1hpi_	1.0	0.3881	0.375	0.3636	0.3788	0.4333
1hip_	0.3881	1.0	0.2462	0.2985	0.4478	0.4098
2hip_A	0.375	0.2462	1.0	0.2969	0.2656	0.3443
1hlq_A	0.3636	0.2985	0.2969	1.0	0.3284	0.3443
HPIS_THIPF	0.3788	0.4478	0.2656	0.3284	1.0	0.3934
HPIS_PARSP	0.4333	0.4098	0.3443	0.3443	0.3934	1.0
