	1hpi_	1hip_	2hip_A	1hlq_A	HPIS_THIPF	HPIS_PARSP
1hpi_	1.0	0.4062	0.381	0.3788	0.375	0.4667
1hip_	0.4062	1.0	0.3065	0.3731	0.4328	0.4237
2hip_A	0.381	0.3065	1.0	0.2969	0.2903	0.377
1hlq_A	0.3788	0.3731	0.2969	1.0	0.3582	0.3443
HPIS_THIPF	0.375	0.4328	0.2903	0.3582	1.0	0.4068
HPIS_PARSP	0.4667	0.4237	0.377	0.3443	0.4068	1.0
