	1bgl_A	BGAL_THEMA	BGA2_ECOLI	BGAL_BACHD	BGAL_STAXY	BGAL_ACTPL	BGAL_KLULA	BGAL_ARTSP
1bgl_A	1.0	0.3892	0.351	0.3486	0.3366	0.344	0.329	0.3422
BGAL_THEMA	0.3892	1.0	0.3886	0.397	0.327	0.362	0.3631	0.3685
BGA2_ECOLI	0.351	0.3886	1.0	0.3233	0.3174	0.3417	0.366	0.3396
BGAL_BACHD	0.3486	0.397	0.3233	1.0	0.3109	0.3271	0.3296	0.3333
BGAL_STAXY	0.3366	0.327	0.3174	0.3109	1.0	0.3964	0.32	0.3241
BGAL_ACTPL	0.344	0.362	0.3417	0.3271	0.3964	1.0	0.3443	0.3378
BGAL_KLULA	0.329	0.3631	0.366	0.3296	0.32	0.3443	1.0	0.3681
BGAL_ARTSP	0.3422	0.3685	0.3396	0.3333	0.3241	0.3378	0.3681	1.0
