	1mzp_A	1cjs_A	RL1_HALVO	R10A_ENTHI	R10A_TRYBR	RL1_BUCAP
1mzp_A	1.0	0.3714	0.2885	0.2667	0.2488	0.2687
1cjs_A	0.3714	1.0	0.3702	0.2182	0.2381	0.26
RL1_HALVO	0.2885	0.3702	1.0	0.2222	0.2415	0.2677
R10A_ENTHI	0.2667	0.2182	0.2222	1.0	0.4121	0.2166
R10A_TRYBR	0.2488	0.2381	0.2415	0.4121	1.0	0.2312
RL1_BUCAP	0.2687	0.26	0.2677	0.2166	0.2312	1.0
