	A1	A2	A3	A4	A5	A6	A7	A8
A1	1.0	0.8924	0.7238	0.7267	0.3983	0.3343	0.3547	0.3866
A2	0.8924	1.0	0.7529	0.7558	0.4273	0.3634	0.4012	0.4215
A3	0.7238	0.7529	1.0	0.8314	0.4215	0.3663	0.3953	0.4244
A4	0.7267	0.7558	0.8314	1.0	0.4448	0.3779	0.4157	0.4302
A5	0.3983	0.4273	0.4215	0.4448	1.0	0.7965	0.6017	0.6134
A6	0.3343	0.3634	0.3663	0.3779	0.7965	1.0	0.4913	0.5087
A7	0.3547	0.4012	0.3953	0.4157	0.6017	0.4913	1.0	0.7006
A8	0.3866	0.4215	0.4244	0.4302	0.6134	0.5087	0.7006	1.0
