	A1	A3	A4	A5	A6	A7	A8
A1	1.0	0.6413	0.6413	0.4134	0.4681	0.4954	0.4863
A3	0.6413	1.0	0.845	0.4073	0.462	0.4742	0.459
A4	0.6413	0.845	1.0	0.4255	0.4772	0.4772	0.459
A5	0.4134	0.4073	0.4255	1.0	0.8906	0.6018	0.5805
A6	0.4681	0.462	0.4772	0.8906	1.0	0.6748	0.6596
A7	0.4954	0.4742	0.4772	0.6018	0.6748	1.0	0.8815
A8	0.4863	0.459	0.459	0.5805	0.6596	0.8815	1.0
