	A1	A3	A4	A5	A6	A7	A8
A1	1.0	0.6505	0.6505	0.4195	0.4833	0.5228	0.5137
A3	0.6505	1.0	0.845	0.4103	0.4802	0.4924	0.4742
A4	0.6505	0.845	1.0	0.4316	0.4985	0.4985	0.4772
A5	0.4195	0.4103	0.4316	1.0	0.8723	0.6201	0.5988
A6	0.4833	0.4802	0.4985	0.8723	1.0	0.7173	0.6991
A7	0.5228	0.4924	0.4985	0.6201	0.7173	1.0	0.8784
A8	0.5137	0.4742	0.4772	0.5988	0.6991	0.8784	1.0
