	A1	A2	A3	A4	A5	A6	A7	A8
A1	1.0	0.7647	0.6912	0.6235	0.5676	0.5471	0.4882	0.4941
A2	0.7647	1.0	0.6912	0.6118	0.5706	0.5412	0.4971	0.5059
A3	0.6912	0.6912	1.0	0.7294	0.5294	0.5265	0.4471	0.4471
A4	0.6235	0.6118	0.7294	1.0	0.4853	0.4794	0.4265	0.4147
A5	0.5676	0.5706	0.5294	0.4853	1.0	0.8235	0.6412	0.6676
A6	0.5471	0.5412	0.5265	0.4794	0.8235	1.0	0.6441	0.6529
A7	0.4882	0.4971	0.4471	0.4265	0.6412	0.6441	1.0	0.7676
A8	0.4941	0.5059	0.4471	0.4147	0.6676	0.6529	0.7676	1.0
