	A1	A2	A3	A4	A5	A6	A7	A8
A1	1.0	0.6428	0.6084	0.6103	0.4756	0.4642	0.4776	0.4565
A2	0.6428	1.0	0.6581	0.6437	0.5244	0.5119	0.5167	0.5177
A3	0.6084	0.6581	1.0	0.7173	0.5559	0.532	0.51	0.5282
A4	0.6103	0.6437	0.7173	1.0	0.574	0.532	0.5158	0.5349
A5	0.4756	0.5244	0.5559	0.574	1.0	0.7393	0.5798	0.6256
A6	0.4642	0.5119	0.532	0.532	0.7393	1.0	0.5435	0.6027
A7	0.4776	0.5167	0.51	0.5158	0.5798	0.5435	1.0	0.6533
A8	0.4565	0.5177	0.5282	0.5349	0.6256	0.6027	0.6533	1.0
