	A1	A2	A3	A4	A5	A6
A1	1.0	0.8131	0.6677	0.7151	0.5193	0.5994
A2	0.8131	1.0	0.6409	0.7122	0.5252	0.5964
A3	0.6677	0.6409	1.0	0.7596	0.4748	0.549
A4	0.7151	0.7122	0.7596	1.0	0.4985	0.5727
A5	0.5193	0.5252	0.4748	0.4985	1.0	0.8605
A6	0.5994	0.5964	0.549	0.5727	0.8605	1.0
