	A1	A2	A3	A4	A5	A6	A7	A8
A1	1.0	0.8119	0.6716	0.7104	0.5284	0.609	0.4806	0.4776
A2	0.8119	1.0	0.6448	0.7075	0.5343	0.606	0.5015	0.5104
A3	0.6716	0.6448	1.0	0.7701	0.4657	0.5403	0.4597	0.4507
A4	0.7104	0.7075	0.7701	1.0	0.5015	0.5761	0.4627	0.4567
A5	0.5284	0.5343	0.4657	0.5015	1.0	0.8597	0.5522	0.5194
A6	0.609	0.606	0.5403	0.5761	0.8597	1.0	0.6448	0.6149
A7	0.4806	0.5015	0.4597	0.4627	0.5522	0.6448	1.0	0.6567
A8	0.4776	0.5104	0.4507	0.4567	0.5194	0.6149	0.6567	1.0
