	A1	A2	A5	A3	A4	A6	A8	A7
A1	1.0	0.7318	0.5493	0.6282	0.6045	0.5631	0.5394	0.5602
A2	0.7318	1.0	0.5444	0.6499	0.6233	0.5888	0.5641	0.572
A5	0.5493	0.5444	1.0	0.6469	0.6548	0.7219	0.7022	0.6893
A3	0.6282	0.6499	0.6469	1.0	0.7929	0.7091	0.6607	0.6864
A4	0.6045	0.6233	0.6548	0.7929	1.0	0.6677	0.6292	0.6607
A6	0.5631	0.5888	0.7219	0.7091	0.6677	1.0	0.7337	0.7673
A8	0.5394	0.5641	0.7022	0.6607	0.6292	0.7337	1.0	0.7564
A7	0.5602	0.572	0.6893	0.6864	0.6607	0.7673	0.7564	1.0
