	A1	A2	A3	A4	A5	A6	A7	A8
A1	1.0	0.764	0.6195	0.472	0.5605	0.6136	0.6283	0.649
A2	0.764	1.0	0.6962	0.5398	0.6431	0.705	0.7198	0.7375
A3	0.6195	0.6962	1.0	0.7581	0.5605	0.6283	0.6283	0.6313
A4	0.472	0.5398	0.7581	1.0	0.5457	0.4926	0.5192	0.472
A5	0.5605	0.6431	0.5605	0.5457	1.0	0.7994	0.6903	0.6903
A6	0.6136	0.705	0.6283	0.4926	0.7994	1.0	0.7286	0.7552
A7	0.6283	0.7198	0.6283	0.5192	0.6903	0.7286	1.0	0.8319
A8	0.649	0.7375	0.6313	0.472	0.6903	0.7552	0.8319	1.0
