	A1	A2	A3	A4	A5	A6	A7	A8
A1	1.0	0.7442	0.6512	0.6773	0.5116	0.564	0.5378	0.5174
A2	0.7442	1.0	0.7122	0.7267	0.5581	0.593	0.6134	0.5727
A3	0.6512	0.7122	1.0	0.7326	0.5523	0.593	0.5552	0.5203
A4	0.6773	0.7267	0.7326	1.0	0.5349	0.5727	0.5581	0.5494
A5	0.5116	0.5581	0.5523	0.5349	1.0	0.8343	0.6366	0.625
A6	0.564	0.593	0.593	0.5727	0.8343	1.0	0.6686	0.6628
A7	0.5378	0.6134	0.5552	0.5581	0.6366	0.6686	1.0	0.7558
A8	0.5174	0.5727	0.5203	0.5494	0.625	0.6628	0.7558	1.0
