	A1	A2	A3	A4	A5	A6	A7	A8
A1	1.0	0.7562	0.663	0.6795	0.5123	0.5616	0.5342	0.5205
A2	0.7562	1.0	0.7041	0.7151	0.5452	0.5781	0.5918	0.5616
A3	0.663	0.7041	1.0	0.726	0.5562	0.5945	0.5534	0.5288
A4	0.6795	0.7151	0.726	1.0	0.5342	0.5699	0.5507	0.5507
A5	0.5123	0.5452	0.5562	0.5342	1.0	0.8438	0.6301	0.6219
A6	0.5616	0.5781	0.5945	0.5699	0.8438	1.0	0.6603	0.6575
A7	0.5342	0.5918	0.5534	0.5507	0.6301	0.6603	1.0	0.7507
A8	0.5205	0.5616	0.5288	0.5507	0.6219	0.6575	0.7507	1.0
