	A1	A2	A3	A4	A5	A6	A7	A8
A1	1.0	0.7928	0.7376	0.6768	0.5939	0.6878	0.616	0.6077
A2	0.7928	1.0	0.6685	0.5912	0.5083	0.6105	0.5663	0.5663
A3	0.7376	0.6685	1.0	0.7652	0.6492	0.7486	0.6796	0.6713
A4	0.6768	0.5912	0.7652	1.0	0.6105	0.6989	0.6298	0.6243
A5	0.5939	0.5083	0.6492	0.6105	1.0	0.8591	0.779	0.7597
A6	0.6878	0.6105	0.7486	0.6989	0.8591	1.0	0.8757	0.8646
A7	0.616	0.5663	0.6796	0.6298	0.779	0.8757	1.0	0.9337
A8	0.6077	0.5663	0.6713	0.6243	0.7597	0.8646	0.9337	1.0
