	A1	A2	A3	A4	A5	A6	A7	A8
A1	1.0	0.7928	0.7376	0.6768	0.5939	0.6878	0.616	0.6077
A2	0.7928	1.0	0.6685	0.5884	0.5083	0.6105	0.5663	0.5663
A3	0.7376	0.6685	1.0	0.7652	0.6519	0.7514	0.6823	0.674
A4	0.6768	0.5884	0.7652	1.0	0.6133	0.7017	0.6326	0.6271
A5	0.5939	0.5083	0.6519	0.6133	1.0	0.8591	0.779	0.7597
A6	0.6878	0.6105	0.7514	0.7017	0.8591	1.0	0.8757	0.8646
A7	0.616	0.5663	0.6823	0.6326	0.779	0.8757	1.0	0.9337
A8	0.6077	0.5663	0.674	0.6271	0.7597	0.8646	0.9337	1.0
