	A5	A6	A7	A8	A1	A2	A3	A4
A5	1.0	0.4125	0.3102	0.3201	0.1188	0.1221	0.2343	0.2277
A6	0.4125	1.0	0.3003	0.363	0.1683	0.1749	0.2772	0.2277
A7	0.3102	0.3003	1.0	0.4422	0.1452	0.1716	0.2574	0.2343
A8	0.3201	0.363	0.4422	1.0	0.198	0.2112	0.2673	0.2541
A1	0.1188	0.1683	0.1452	0.198	1.0	0.3531	0.1848	0.1914
A2	0.1221	0.1749	0.1716	0.2112	0.3531	1.0	0.2112	0.198
A3	0.2343	0.2772	0.2574	0.2673	0.1848	0.2112	1.0	0.4752
A4	0.2277	0.2277	0.2343	0.2541	0.1914	0.198	0.4752	1.0
