	A5	A6	A7	A8	A1	A2	A3	A4
A5	1.0	0.4026	0.3201	0.3531	0.1518	0.1584	0.2706	0.2673
A6	0.4026	1.0	0.3135	0.3993	0.1749	0.2013	0.3036	0.2772
A7	0.3201	0.3135	1.0	0.4851	0.1584	0.2079	0.2904	0.2838
A8	0.3531	0.3993	0.4851	1.0	0.1947	0.231	0.3102	0.3102
A1	0.1518	0.1749	0.1584	0.1947	1.0	0.3762	0.1782	0.1881
A2	0.1584	0.2013	0.2079	0.231	0.3762	1.0	0.231	0.2046
A3	0.2706	0.3036	0.2904	0.3102	0.1782	0.231	1.0	0.4818
A4	0.2673	0.2772	0.2838	0.3102	0.1881	0.2046	0.4818	1.0
