	A1	A2	A3	A4	A5	A6	A7	A8
A1	1.0	0.7709	0.6397	0.6257	0.5084	0.4972	0.5168	0.5168
A2	0.7709	1.0	0.648	0.6257	0.5112	0.5112	0.5223	0.5
A3	0.6397	0.648	1.0	0.7402	0.5838	0.581	0.5838	0.5838
A4	0.6257	0.6257	0.7402	1.0	0.5698	0.5615	0.5726	0.5587
A5	0.5084	0.5112	0.5838	0.5698	1.0	0.8659	0.6676	0.6732
A6	0.4972	0.5112	0.581	0.5615	0.8659	1.0	0.6788	0.6564
A7	0.5168	0.5223	0.5838	0.5726	0.6676	0.6788	1.0	0.7737
A8	0.5168	0.5	0.5838	0.5587	0.6732	0.6564	0.7737	1.0
