	A5	A6	A7	A8	A1	A2	A3	A4
A5	1.0	0.6017	0.4841	0.556	0.3956	0.3997	0.4385	0.4163
A6	0.6017	1.0	0.4827	0.5367	0.408	0.4066	0.4606	0.4066
A7	0.4841	0.4827	1.0	0.6777	0.4053	0.3997	0.4495	0.4302
A8	0.556	0.5367	0.6777	1.0	0.4232	0.4288	0.4786	0.4509
A1	0.3956	0.408	0.4053	0.4232	1.0	0.6528	0.444	0.4246
A2	0.3997	0.4066	0.3997	0.4288	0.6528	1.0	0.4633	0.4315
A3	0.4385	0.4606	0.4495	0.4786	0.444	0.4633	1.0	0.6943
A4	0.4163	0.4066	0.4302	0.4509	0.4246	0.4315	0.6943	1.0
