	A7	A8	A5	A6	A1	A2	A3	A4
A7	1.0	0.9345	0.6696	0.5863	0.4851	0.5536	0.5744	0.5923
A8	0.9345	1.0	0.7113	0.6161	0.5149	0.5923	0.6101	0.6339
A5	0.6696	0.7113	1.0	0.8512	0.5446	0.631	0.625	0.6488
A6	0.5863	0.6161	0.8512	1.0	0.4911	0.5625	0.5476	0.5595
A1	0.4851	0.5149	0.5446	0.4911	1.0	0.8214	0.6042	0.6101
A2	0.5536	0.5923	0.631	0.5625	0.8214	1.0	0.6756	0.6935
A3	0.5744	0.6101	0.625	0.5476	0.6042	0.6756	1.0	0.744
A4	0.5923	0.6339	0.6488	0.5595	0.6101	0.6935	0.744	1.0
