	A1	A2	A3	A4	A5	A6	A7	A8
A1	1.0	0.7781	0.6802	0.6705	0.4583	0.4302	0.4506	0.4641
A2	0.7781	1.0	0.7074	0.688	0.4864	0.4564	0.4583	0.4952
A3	0.6802	0.7074	1.0	0.7481	0.5097	0.4777	0.4932	0.5184
A4	0.6705	0.688	0.7481	1.0	0.5019	0.468	0.4826	0.5078
A5	0.4583	0.4864	0.5097	0.5019	1.0	0.7219	0.6076	0.6279
A6	0.4302	0.4564	0.4777	0.468	0.7219	1.0	0.5601	0.5833
A7	0.4506	0.4583	0.4932	0.4826	0.6076	0.5601	1.0	0.6851
A8	0.4641	0.4952	0.5184	0.5078	0.6279	0.5833	0.6851	1.0
