	A1	A2	A3	A4	A7	A8	A5	A6
A1	1.0	0.7145	0.5109	0.4727	0.4003	0.4467	0.3279	0.3907
A2	0.7145	1.0	0.5068	0.4727	0.4057	0.4467	0.3415	0.3825
A3	0.5109	0.5068	1.0	0.7036	0.4112	0.4645	0.3784	0.4194
A4	0.4727	0.4727	0.7036	1.0	0.4098	0.4372	0.3648	0.388
A7	0.4003	0.4057	0.4112	0.4098	1.0	0.6612	0.4973	0.5014
A8	0.4467	0.4467	0.4645	0.4372	0.6612	1.0	0.5205	0.5601
A5	0.3279	0.3415	0.3784	0.3648	0.4973	0.5205	1.0	0.5888
A6	0.3907	0.3825	0.4194	0.388	0.5014	0.5601	0.5888	1.0
