	A1	A2	A3	A4	A5	A6	A7	A8
A1	1.0	0.9238	0.7566	0.6979	0.5924	0.5982	0.6217	0.6129
A2	0.9238	1.0	0.7097	0.654	0.5513	0.563	0.5748	0.5689
A3	0.7566	0.7097	1.0	0.8944	0.5836	0.566	0.5572	0.5543
A4	0.6979	0.654	0.8944	1.0	0.5543	0.5396	0.522	0.5191
A5	0.5924	0.5513	0.5836	0.5543	1.0	0.7537	0.6364	0.6217
A6	0.5982	0.563	0.566	0.5396	0.7537	1.0	0.6276	0.6129
A7	0.6217	0.5748	0.5572	0.522	0.6364	0.6276	1.0	0.7918
A8	0.6129	0.5689	0.5543	0.5191	0.6217	0.6129	0.7918	1.0
