	A5	A6	A7	A8	A1	A2	A3	A4
A5	1.0	0.4253	0.4483	0.4368	0.4061	0.387	0.3563	0.5019
A6	0.4253	1.0	0.4406	0.4674	0.4406	0.3946	0.3218	0.3793
A7	0.4483	0.4406	1.0	0.5287	0.4368	0.4521	0.3525	0.41
A8	0.4368	0.4674	0.5287	1.0	0.3985	0.4061	0.3142	0.3755
A1	0.4061	0.4406	0.4368	0.3985	1.0	0.5364	0.4061	0.41
A2	0.387	0.3946	0.4521	0.4061	0.5364	1.0	0.3716	0.3908
A3	0.3563	0.3218	0.3525	0.3142	0.4061	0.3716	1.0	0.4559
A4	0.5019	0.3793	0.41	0.3755	0.41	0.3908	0.4559	1.0
