	A1	A2	A3	A4	A5	A6	A7	A8
A1	1.0	0.7864	0.7122	0.7507	0.6825	0.6588	0.7092	0.7567
A2	0.7864	1.0	0.6706	0.6944	0.6113	0.5816	0.6409	0.6795
A3	0.7122	0.6706	1.0	0.8813	0.5994	0.5846	0.6469	0.6855
A4	0.7507	0.6944	0.8813	1.0	0.6439	0.6231	0.6766	0.7181
A5	0.6825	0.6113	0.5994	0.6439	1.0	0.7389	0.724	0.7834
A6	0.6588	0.5816	0.5846	0.6231	0.7389	1.0	0.724	0.7596
A7	0.7092	0.6409	0.6469	0.6766	0.724	0.724	1.0	0.8368
A8	0.7567	0.6795	0.6855	0.7181	0.7834	0.7596	0.8368	1.0
