	A1	A2	A3	A4	A6	A5	A7	A8
A1	1.0	0.7262	0.6002	0.5853	0.5794	0.6002	0.5645	0.5675
A2	0.7262	1.0	0.5933	0.6042	0.5615	0.6161	0.5704	0.5704
A3	0.6002	0.5933	1.0	0.6974	0.6438	0.6647	0.6359	0.6339
A4	0.5853	0.6042	0.6974	1.0	0.6022	0.6468	0.6141	0.6141
A6	0.5794	0.5615	0.6438	0.6022	1.0	0.6984	0.6607	0.6488
A5	0.6002	0.6161	0.6647	0.6468	0.6984	1.0	0.7014	0.7024
A7	0.5645	0.5704	0.6359	0.6141	0.6607	0.7014	1.0	0.7579
A8	0.5675	0.5704	0.6339	0.6141	0.6488	0.7024	0.7579	1.0
