	A1	A2	A3	A4	A5	A6	A7	A8
A1	1.0	0.8529	0.6787	0.6486	0.5856	0.5856	0.6126	0.5345
A2	0.8529	1.0	0.6186	0.5856	0.5345	0.5405	0.5616	0.4895
A3	0.6787	0.6186	1.0	0.8619	0.5135	0.5165	0.5465	0.4685
A4	0.6486	0.5856	0.8619	1.0	0.4865	0.4925	0.5135	0.4414
A5	0.5856	0.5345	0.5135	0.4865	1.0	0.9039	0.7958	0.7087
A6	0.5856	0.5405	0.5165	0.4925	0.9039	1.0	0.7928	0.6967
A7	0.6126	0.5616	0.5465	0.5135	0.7958	0.7928	1.0	0.7868
A8	0.5345	0.4895	0.4685	0.4414	0.7087	0.6967	0.7868	1.0
