	A1	A2	A3	A5	A7	A8
A1	1.0	0.7495	0.553	0.5434	0.6252	0.6397
A2	0.7495	1.0	0.5751	0.5501	0.659	0.6638
A3	0.553	0.5751	1.0	0.4624	0.5645	0.5568
A5	0.5434	0.5501	0.4624	1.0	0.6166	0.6349
A7	0.6252	0.659	0.5645	0.6166	1.0	0.8449
A8	0.6397	0.6638	0.5568	0.6349	0.8449	1.0
