	A1	A2	A3	A4	A5	A6	A7	A8
A1	1.0	0.7498	0.5525	0.538	0.5428	0.5043	0.6256	0.64
A2	0.7498	1.0	0.5746	0.5476	0.5496	0.5091	0.6593	0.6641
A3	0.5525	0.5746	1.0	0.6314	0.4629	0.4504	0.564	0.5563
A4	0.538	0.5476	0.6314	1.0	0.4832	0.4735	0.5342	0.5255
A5	0.5428	0.5496	0.4629	0.4832	1.0	0.7238	0.616	0.6343
A6	0.5043	0.5091	0.4504	0.4735	0.7238	1.0	0.5659	0.5727
A7	0.6256	0.6593	0.564	0.5342	0.616	0.5659	1.0	0.845
A8	0.64	0.6641	0.5563	0.5255	0.6343	0.5727	0.845	1.0
