	A1	A2	A3	A4	A5	A6	A7	A8
A1	1.0	0.7485	0.4734	0.4911	0.6183	0.5533	0.5473	0.5473
A2	0.7485	1.0	0.5473	0.5621	0.6686	0.6124	0.642	0.645
A3	0.4734	0.5473	1.0	0.7101	0.6213	0.5917	0.5917	0.5917
A4	0.4911	0.5621	0.7101	1.0	0.6183	0.5621	0.6006	0.5947
A5	0.6183	0.6686	0.6213	0.6183	1.0	0.8284	0.7811	0.7781
A6	0.5533	0.6124	0.5917	0.5621	0.8284	1.0	0.7189	0.7189
A7	0.5473	0.642	0.5917	0.6006	0.7811	0.7189	1.0	0.9734
A8	0.5473	0.645	0.5917	0.5947	0.7781	0.7189	0.9734	1.0
