	A3	A4	A1	A2	A5	A6	A7	A8
A3	1.0	0.861	0.594	0.6376	0.6485	0.5967	0.4605	0.4986
A4	0.861	1.0	0.6158	0.6594	0.6676	0.6267	0.4659	0.5095
A1	0.594	0.6158	1.0	0.6839	0.5586	0.5395	0.3924	0.4033
A2	0.6376	0.6594	0.6839	1.0	0.5858	0.545	0.406	0.4251
A5	0.6485	0.6676	0.5586	0.5858	1.0	0.8937	0.6676	0.6975
A6	0.5967	0.6267	0.5395	0.545	0.8937	1.0	0.6294	0.6621
A7	0.4605	0.4659	0.3924	0.406	0.6676	0.6294	1.0	0.8065
A8	0.4986	0.5095	0.4033	0.4251	0.6975	0.6621	0.8065	1.0
