	A5	A6	A7	A8	A1	A2	A3	A4
A5	1.0	0.5737	0.4701	0.5511	0.3878	0.3865	0.4382	0.3785
A6	0.5737	1.0	0.4847	0.5591	0.3851	0.3997	0.4714	0.421
A7	0.4701	0.4847	1.0	0.6255	0.336	0.3625	0.4263	0.3665
A8	0.5511	0.5591	0.6255	1.0	0.413	0.4064	0.5325	0.4489
A1	0.3878	0.3851	0.336	0.413	1.0	0.6547	0.4316	0.4077
A2	0.3865	0.3997	0.3625	0.4064	0.6547	1.0	0.4157	0.3918
A3	0.4382	0.4714	0.4263	0.5325	0.4316	0.4157	1.0	0.7012
A4	0.3785	0.421	0.3665	0.4489	0.4077	0.3918	0.7012	1.0
