	A1	A2	A3	A4	A5	A6	A7	A8
A1	1.0	0.7602	0.6594	0.5531	0.6458	0.5586	0.5586	0.5341
A2	0.7602	1.0	0.5804	0.4823	0.5913	0.5041	0.5204	0.4768
A3	0.6594	0.5804	1.0	0.7439	0.594	0.515	0.4877	0.455
A4	0.5531	0.4823	0.7439	1.0	0.5095	0.4441	0.4469	0.4087
A5	0.6458	0.5913	0.594	0.5095	1.0	0.8256	0.6621	0.6376
A6	0.5586	0.5041	0.515	0.4441	0.8256	1.0	0.5804	0.5613
A7	0.5586	0.5204	0.4877	0.4469	0.6621	0.5804	1.0	0.812
A8	0.5341	0.4768	0.455	0.4087	0.6376	0.5613	0.812	1.0
