	A1	A2	A3	A4	A5	A6	A7	A8
A1	1.0	0.7602	0.6567	0.5613	0.6458	0.5586	0.5586	0.5341
A2	0.7602	1.0	0.5804	0.485	0.594	0.5068	0.5204	0.4768
A3	0.6567	0.5804	1.0	0.752	0.5886	0.5095	0.4823	0.4523
A4	0.5613	0.485	0.752	1.0	0.5123	0.4469	0.4523	0.4114
A5	0.6458	0.594	0.5886	0.5123	1.0	0.8256	0.6621	0.6376
A6	0.5586	0.5068	0.5095	0.4469	0.8256	1.0	0.5804	0.5613
A7	0.5586	0.5204	0.4823	0.4523	0.6621	0.5804	1.0	0.812
A8	0.5341	0.4768	0.4523	0.4114	0.6376	0.5613	0.812	1.0
