	A1	A2	A3	A4	A5	A6	A7	A8
A1	1.0	0.9224	0.7015	0.7313	0.5731	0.6448	0.7642	0.6925
A2	0.9224	1.0	0.6776	0.7015	0.5522	0.6179	0.7343	0.6657
A3	0.7015	0.6776	1.0	0.7552	0.5791	0.6507	0.6597	0.603
A4	0.7313	0.7015	0.7552	1.0	0.5284	0.597	0.6955	0.6507
A5	0.5731	0.5522	0.5791	0.5284	1.0	0.7075	0.6149	0.5821
A6	0.6448	0.6179	0.6507	0.597	0.7075	1.0	0.7015	0.6627
A7	0.7642	0.7343	0.6597	0.6955	0.6149	0.7015	1.0	0.806
A8	0.6925	0.6657	0.603	0.6507	0.5821	0.6627	0.806	1.0
