	A1	A2	A3	A4	A5	A6	A7	A8
A1	1.0	0.9465	0.6986	0.7211	0.6085	0.5493	0.6676	0.6761
A2	0.9465	1.0	0.7296	0.7521	0.6394	0.5718	0.6958	0.7014
A3	0.6986	0.7296	1.0	0.8169	0.569	0.5127	0.631	0.6366
A4	0.7211	0.7521	0.8169	1.0	0.6141	0.5662	0.6648	0.6732
A5	0.6085	0.6394	0.569	0.6141	1.0	0.8535	0.707	0.7211
A6	0.5493	0.5718	0.5127	0.5662	0.8535	1.0	0.6338	0.6507
A7	0.6676	0.6958	0.631	0.6648	0.707	0.6338	1.0	0.7803
A8	0.6761	0.7014	0.6366	0.6732	0.7211	0.6507	0.7803	1.0
