	A1	A2	A3	A4	A5	A6	A7	A8
A1	1.0	0.9438	0.6982	0.716	0.6154	0.5444	0.6657	0.6686
A2	0.9438	1.0	0.7308	0.7485	0.6479	0.568	0.6953	0.6953
A3	0.6982	0.7308	1.0	0.8195	0.574	0.5059	0.6331	0.6302
A4	0.716	0.7485	0.8195	1.0	0.6124	0.5533	0.6598	0.6627
A5	0.6154	0.6479	0.574	0.6124	1.0	0.858	0.716	0.7249
A6	0.5444	0.568	0.5059	0.5533	0.858	1.0	0.6302	0.642
A7	0.6657	0.6953	0.6331	0.6598	0.716	0.6302	1.0	0.7811
A8	0.6686	0.6953	0.6302	0.6627	0.7249	0.642	0.7811	1.0
