	A7	A8	A3	A4	A1	A2	A6	A5
A7	1.0	0.739	0.6393	0.6041	0.5572	0.5689	0.5924	0.6481
A8	0.739	1.0	0.651	0.6041	0.5865	0.6041	0.6364	0.6774
A3	0.6393	0.651	1.0	0.9032	0.7302	0.7419	0.5982	0.6774
A4	0.6041	0.6041	0.9032	1.0	0.695	0.6921	0.5865	0.6686
A1	0.5572	0.5865	0.7302	0.695	1.0	0.8006	0.5455	0.6276
A2	0.5689	0.6041	0.7419	0.6921	0.8006	1.0	0.5513	0.6364
A6	0.5924	0.6364	0.5982	0.5865	0.5455	0.5513	1.0	0.7126
A5	0.6481	0.6774	0.6774	0.6686	0.6276	0.6364	0.7126	1.0
