	A1	A2	A3	A4	A7	A8
A1	1.0	0.9137	0.6577	0.7798	0.5089	0.4583
A2	0.9137	1.0	0.6845	0.8185	0.5387	0.4821
A3	0.6577	0.6845	1.0	0.7768	0.4732	0.4167
A4	0.7798	0.8185	0.7768	1.0	0.5714	0.506
A7	0.5089	0.5387	0.4732	0.5714	1.0	0.8363
A8	0.4583	0.4821	0.4167	0.506	0.8363	1.0
