	A5	A6	A7	A8	A1	A2	A3	A4
A5	1.0	0.5118	0.4094	0.4331	0.3583	0.4134	0.3701	0.4252
A6	0.5118	1.0	0.4449	0.5354	0.3425	0.3898	0.3858	0.4094
A7	0.4094	0.4449	1.0	0.4646	0.3622	0.3465	0.315	0.3819
A8	0.4331	0.5354	0.4646	1.0	0.3228	0.3504	0.3937	0.3937
A1	0.3583	0.3425	0.3622	0.3228	1.0	0.5276	0.3189	0.3701
A2	0.4134	0.3898	0.3465	0.3504	0.5276	1.0	0.3425	0.378
A3	0.3701	0.3858	0.315	0.3937	0.3189	0.3425	1.0	0.5433
A4	0.4252	0.4094	0.3819	0.3937	0.3701	0.378	0.5433	1.0
