	A1	A2	A3	A4	A5	A6	A7	A8
A1	1.0	0.7573	0.686	0.6623	0.5383	0.5013	0.467	0.4987
A2	0.7573	1.0	0.7441	0.7256	0.5963	0.5488	0.5224	0.5462
A3	0.686	0.7441	1.0	0.8285	0.6227	0.5673	0.5251	0.5699
A4	0.6623	0.7256	0.8285	1.0	0.6121	0.562	0.5277	0.5594
A5	0.5383	0.5963	0.6227	0.6121	1.0	0.8813	0.6042	0.6491
A6	0.5013	0.5488	0.5673	0.562	0.8813	1.0	0.5435	0.5963
A7	0.467	0.5224	0.5251	0.5277	0.6042	0.5435	1.0	0.752
A8	0.4987	0.5462	0.5699	0.5594	0.6491	0.5963	0.752	1.0
