	A1	A2	A3	A4	A5	A6	A8
A1	1.0	0.7394	0.6606	0.6485	0.5394	0.5121	0.5152
A2	0.7394	1.0	0.7212	0.7091	0.5939	0.5515	0.5576
A3	0.6606	0.7212	1.0	0.8333	0.6303	0.5818	0.5939
A4	0.6485	0.7091	0.8333	1.0	0.6182	0.5788	0.5818
A5	0.5394	0.5939	0.6303	0.6182	1.0	0.9091	0.6424
A6	0.5121	0.5515	0.5818	0.5788	0.9091	1.0	0.603
A8	0.5152	0.5576	0.5939	0.5818	0.6424	0.603	1.0
