	A1	A2	A3	A4	A5	A6	A7	A8
A1	1.0	0.7806	0.6158	0.6271	0.6262	0.6704	0.6403	0.6601
A2	0.7806	1.0	0.6234	0.6083	0.6092	0.6591	0.6177	0.646
A3	0.6158	0.6234	1.0	0.6883	0.5913	0.6422	0.6055	0.6318
A4	0.6271	0.6083	0.6883	1.0	0.5979	0.6394	0.5951	0.6205
A5	0.6262	0.6092	0.5913	0.5979	1.0	0.7034	0.6158	0.6507
A6	0.6704	0.6591	0.6422	0.6394	0.7034	1.0	0.6685	0.7043
A7	0.6403	0.6177	0.6055	0.5951	0.6158	0.6685	1.0	0.7034
A8	0.6601	0.646	0.6318	0.6205	0.6507	0.7043	0.7034	1.0
