	A7	A4	A5	A3	A8	A2	A6	A1
A7	1.0	0.4427	0.419	0.3715	0.4111	0.4269	0.415	0.4032
A4	0.4427	1.0	0.419	0.4585	0.4506	0.4308	0.4308	0.4743
A5	0.419	0.419	1.0	0.5257	0.4269	0.4664	0.4901	0.4032
A3	0.3715	0.4585	0.5257	1.0	0.4111	0.4269	0.4585	0.3913
A8	0.4111	0.4506	0.4269	0.4111	1.0	0.4387	0.5059	0.4071
A2	0.4269	0.4308	0.4664	0.4269	0.4387	1.0	0.4229	0.4783
A6	0.415	0.4308	0.4901	0.4585	0.5059	0.4229	1.0	0.4348
A1	0.4032	0.4743	0.4032	0.3913	0.4071	0.4783	0.4348	1.0
