	A1	A2	A3	A4	A5	A6	A7	A8
A1	1.0	0.8747	0.6294	0.6431	0.6294	0.6594	0.6866	0.6948
A2	0.8747	1.0	0.6485	0.6703	0.6431	0.6757	0.7112	0.7221
A3	0.6294	0.6485	1.0	0.733	0.5422	0.5722	0.6131	0.6185
A4	0.6431	0.6703	0.733	1.0	0.5777	0.5831	0.6267	0.6267
A5	0.6294	0.6431	0.5422	0.5777	1.0	0.812	0.6948	0.703
A6	0.6594	0.6757	0.5722	0.5831	0.812	1.0	0.7302	0.7411
A7	0.6866	0.7112	0.6131	0.6267	0.6948	0.7302	1.0	0.9755
A8	0.6948	0.7221	0.6185	0.6267	0.703	0.7411	0.9755	1.0
