	A1	A2	A3	A4	A5	A6	A7	A8
A1	1.0	0.878	0.6206	0.6396	0.6098	0.6206	0.523	0.5528
A2	0.878	1.0	0.6016	0.6233	0.5827	0.5962	0.4986	0.542
A3	0.6206	0.6016	1.0	0.9187	0.5881	0.5935	0.4959	0.5339
A4	0.6396	0.6233	0.9187	1.0	0.626	0.6396	0.5393	0.5691
A5	0.6098	0.5827	0.5881	0.626	1.0	0.8753	0.6369	0.6721
A6	0.6206	0.5962	0.5935	0.6396	0.8753	1.0	0.6287	0.6802
A7	0.523	0.4986	0.4959	0.5393	0.6369	0.6287	1.0	0.7995
A8	0.5528	0.542	0.5339	0.5691	0.6721	0.6802	0.7995	1.0
