	A1	A2	A3	A4	A5	A6	A7	A8
A1	1.0	0.8761	0.6224	0.6342	0.6077	0.6136	0.4985	0.5428
A2	0.8761	1.0	0.6106	0.6254	0.587	0.5959	0.4808	0.5398
A3	0.6224	0.6106	1.0	0.9204	0.6018	0.6018	0.4838	0.5369
A4	0.6342	0.6254	0.9204	1.0	0.6342	0.6431	0.5251	0.5693
A5	0.6077	0.587	0.6018	0.6342	1.0	0.8791	0.6372	0.6873
A6	0.6136	0.5959	0.6018	0.6431	0.8791	1.0	0.6224	0.6903
A7	0.4985	0.4808	0.4838	0.5251	0.6372	0.6224	1.0	0.7935
A8	0.5428	0.5398	0.5369	0.5693	0.6873	0.6903	0.7935	1.0
