	A5	A6	A7	A8	A2	A3
A5	1.0	0.3187	0.1873	0.2191	0.1514	0.1394
A6	0.3187	1.0	0.2072	0.2231	0.1355	0.1554
A7	0.1873	0.2072	1.0	0.3227	0.1355	0.1753
A8	0.2191	0.2231	0.3227	1.0	0.1195	0.1594
A2	0.1514	0.1355	0.1355	0.1195	1.0	0.1594
A3	0.1394	0.1554	0.1753	0.1594	0.1594	1.0
