	A1	A2	A3	A4	A5	A6	A7	A8
A1	1.0	0.7139	0.6378	0.7638	0.601	0.7218	0.706	0.6955
A2	0.7139	1.0	0.5328	0.6273	0.4908	0.5958	0.5748	0.5696
A3	0.6378	0.5328	1.0	0.8136	0.4882	0.5906	0.5643	0.5564
A4	0.7638	0.6273	0.8136	1.0	0.5906	0.7008	0.6719	0.6667
A5	0.601	0.4908	0.4882	0.5906	1.0	0.8241	0.6457	0.643
A6	0.7218	0.5958	0.5906	0.7008	0.8241	1.0	0.7848	0.7795
A7	0.706	0.5748	0.5643	0.6719	0.6457	0.7848	1.0	0.9134
A8	0.6955	0.5696	0.5564	0.6667	0.643	0.7795	0.9134	1.0
