	A7	A5	A8	A1	A6	A2	A4	A3
A7	1.0	0.4084	0.5153	0.3321	0.4771	0.4695	0.374	0.3664
A5	0.4084	1.0	0.4313	0.5115	0.4122	0.3855	0.4733	0.4924
A8	0.5153	0.4313	1.0	0.3511	0.4885	0.4275	0.3435	0.4008
A1	0.3321	0.5115	0.3511	1.0	0.4046	0.4885	0.5115	0.5153
A6	0.4771	0.4122	0.4885	0.4046	1.0	0.5954	0.3511	0.374
A2	0.4695	0.3855	0.4275	0.4885	0.5954	1.0	0.3435	0.4084
A4	0.374	0.4733	0.3435	0.5115	0.3511	0.3435	1.0	0.5611
A3	0.3664	0.4924	0.4008	0.5153	0.374	0.4084	0.5611	1.0
