	A1	A2	A3	A4	A5	A6	A7	A8
A1	1.0	0.9	0.7	0.6676	0.4441	0.4588	0.5176	0.5647
A2	0.9	1.0	0.65	0.6059	0.4147	0.4147	0.4794	0.5176
A3	0.7	0.65	1.0	0.7559	0.4559	0.4676	0.5029	0.5235
A4	0.6676	0.6059	0.7559	1.0	0.4	0.3941	0.4206	0.4471
A5	0.4441	0.4147	0.4559	0.4	1.0	0.7118	0.6706	0.7088
A6	0.4588	0.4147	0.4676	0.3941	0.7118	1.0	0.6529	0.7118
A7	0.5176	0.4794	0.5029	0.4206	0.6706	0.6529	1.0	0.8941
A8	0.5647	0.5176	0.5235	0.4471	0.7088	0.7118	0.8941	1.0
