	A1	A2	A3	A4	A5	A6	A7	A8
A1	1.0	0.888	0.616	0.5787	0.5253	0.536	0.5893	0.6533
A2	0.888	1.0	0.568	0.5227	0.4987	0.4933	0.552	0.608
A3	0.616	0.568	1.0	0.7867	0.4987	0.52	0.5573	0.5973
A4	0.5787	0.5227	0.7867	1.0	0.4827	0.48	0.5147	0.5573
A5	0.5253	0.4987	0.4987	0.4827	1.0	0.7147	0.68	0.728
A6	0.536	0.4933	0.52	0.48	0.7147	1.0	0.664	0.7227
A7	0.5893	0.552	0.5573	0.5147	0.68	0.664	1.0	0.8773
A8	0.6533	0.608	0.5973	0.5573	0.728	0.7227	0.8773	1.0
