	A7	A8	A1	A2	A3	A4	A5	A6
A7	1.0	0.7804	0.5846	0.6053	0.6142	0.635	0.635	0.6024
A8	0.7804	1.0	0.5727	0.5994	0.6231	0.6409	0.6499	0.5994
A1	0.5846	0.5727	1.0	0.8042	0.7953	0.8131	0.6706	0.635
A2	0.6053	0.5994	0.8042	1.0	0.8279	0.8516	0.6825	0.638
A3	0.6142	0.6231	0.7953	0.8279	1.0	0.9674	0.7151	0.6736
A4	0.635	0.6409	0.8131	0.8516	0.9674	1.0	0.7389	0.6944
A5	0.635	0.6499	0.6706	0.6825	0.7151	0.7389	1.0	0.8457
A6	0.6024	0.5994	0.635	0.638	0.6736	0.6944	0.8457	1.0
