	A1	A2	A3	A4	A5	A6	A7	A8
A1	1.0	0.8314	0.6982	0.6864	0.4822	0.5237	0.5325	0.4793
A2	0.8314	1.0	0.7041	0.6893	0.4911	0.5385	0.5562	0.4911
A3	0.6982	0.7041	1.0	0.9024	0.5	0.5385	0.5414	0.4852
A4	0.6864	0.6893	0.9024	1.0	0.4852	0.5207	0.5325	0.4822
A5	0.4822	0.4911	0.5	0.4852	1.0	0.9172	0.6953	0.6213
A6	0.5237	0.5385	0.5385	0.5207	0.9172	1.0	0.7692	0.6893
A7	0.5325	0.5562	0.5414	0.5325	0.6953	0.7692	1.0	0.8432
A8	0.4793	0.4911	0.4852	0.4822	0.6213	0.6893	0.8432	1.0
