	A1	A2	A3	A5	A6	A7	A8
A1	1.0	0.9048	0.6518	0.5595	0.5476	0.5565	0.5119
A2	0.9048	1.0	0.5982	0.5357	0.5149	0.5208	0.4821
A3	0.6518	0.5982	1.0	0.506	0.4851	0.4732	0.4405
A5	0.5595	0.5357	0.506	1.0	0.875	0.6696	0.622
A6	0.5476	0.5149	0.4851	0.875	1.0	0.6577	0.6071
A7	0.5565	0.5208	0.4732	0.6696	0.6577	1.0	0.9167
A8	0.5119	0.4821	0.4405	0.622	0.6071	0.9167	1.0
