	A1	A2	A3	A4	A5	A6	A7	A8
A1	1.0	0.9072	0.713	0.6551	0.5449	0.5333	0.5391	0.4957
A2	0.9072	1.0	0.6609	0.6087	0.5217	0.5014	0.5043	0.4667
A3	0.713	0.6609	1.0	0.7478	0.5333	0.5072	0.4957	0.4609
A4	0.6551	0.6087	0.7478	1.0	0.4812	0.458	0.4522	0.4087
A5	0.5449	0.5217	0.5333	0.4812	1.0	0.8783	0.6754	0.629
A6	0.5333	0.5014	0.5072	0.458	0.8783	1.0	0.6638	0.6145
A7	0.5391	0.5043	0.4957	0.4522	0.6754	0.6638	1.0	0.9188
A8	0.4957	0.4667	0.4609	0.4087	0.629	0.6145	0.9188	1.0
