	A1	A2	A3	A4	A5	A6	A7	A8
A1	1.0	0.8981	0.7212	0.6676	0.5469	0.5308	0.5576	0.5121
A2	0.8981	1.0	0.6729	0.6247	0.5255	0.5013	0.5255	0.4853
A3	0.7212	0.6729	1.0	0.756	0.5389	0.5094	0.5201	0.4826
A4	0.6676	0.6247	0.756	1.0	0.4906	0.4638	0.4799	0.4343
A5	0.5469	0.5255	0.5389	0.4906	1.0	0.8713	0.6676	0.6193
A6	0.5308	0.5013	0.5094	0.4638	0.8713	1.0	0.6515	0.6005
A7	0.5576	0.5255	0.5201	0.4799	0.6676	0.6515	1.0	0.9169
A8	0.5121	0.4853	0.4826	0.4343	0.6193	0.6005	0.9169	1.0
