	A5	A6	A7	A8	A1	A2	A3	A4
A5	1.0	0.4153	0.1694	0.2558	0.2691	0.2857	0.2724	0.2924
A6	0.4153	1.0	0.1894	0.2492	0.2558	0.2691	0.289	0.2957
A7	0.1694	0.1894	1.0	0.3256	0.1429	0.1163	0.103	0.113
A8	0.2558	0.2492	0.3256	1.0	0.1694	0.186	0.1728	0.1628
A1	0.2691	0.2558	0.1429	0.1694	1.0	0.4485	0.2724	0.2625
A2	0.2857	0.2691	0.1163	0.186	0.4485	1.0	0.2591	0.2658
A3	0.2724	0.289	0.103	0.1728	0.2724	0.2591	1.0	0.5017
A4	0.2924	0.2957	0.113	0.1628	0.2625	0.2658	0.5017	1.0
