	A1	A2	A3	A4	A5	A6	A7	A8
A1	1.0	0.7939	0.5794	0.5153	0.4903	0.4652	0.429	0.3983
A2	0.7939	1.0	0.6769	0.5877	0.5571	0.5209	0.4847	0.4401
A3	0.5794	0.6769	1.0	0.7883	0.6769	0.6212	0.5877	0.5181
A4	0.5153	0.5877	0.7883	1.0	0.5877	0.5404	0.4903	0.4457
A5	0.4903	0.5571	0.6769	0.5877	1.0	0.8552	0.8022	0.7159
A6	0.4652	0.5209	0.6212	0.5404	0.8552	1.0	0.7354	0.663
A7	0.429	0.4847	0.5877	0.4903	0.8022	0.7354	1.0	0.7967
A8	0.3983	0.4401	0.5181	0.4457	0.7159	0.663	0.7967	1.0
