	A5	A6	A7	A8	A1	A2	A3	A4
A5	1.0	0.2941	0.1843	0.2118	0.1176	0.0863	0.1647	0.1412
A6	0.2941	1.0	0.2353	0.2471	0.0941	0.1137	0.1059	0.0824
A7	0.1843	0.2353	1.0	0.3412	0.0902	0.0784	0.1098	0.1216
A8	0.2118	0.2471	0.3412	1.0	0.1176	0.1059	0.1333	0.1176
A1	0.1176	0.0941	0.0902	0.1176	1.0	0.2902	0.1176	0.1176
A2	0.0863	0.1137	0.0784	0.1059	0.2902	1.0	0.102	0.1333
A3	0.1647	0.1059	0.1098	0.1333	0.1176	0.102	1.0	0.4039
A4	0.1412	0.0824	0.1216	0.1176	0.1176	0.1333	0.4039	1.0
