	A6	A5	A8	A1	A3	A4	A7	A2
A6	1.0	0.41	0.4406	0.3487	0.3985	0.3602	0.387	0.3487
A5	0.41	1.0	0.4943	0.3372	0.4023	0.3716	0.4291	0.3793
A8	0.4406	0.4943	1.0	0.3103	0.3525	0.3678	0.4598	0.3793
A1	0.3487	0.3372	0.3103	1.0	0.4828	0.4559	0.3755	0.41
A3	0.3985	0.4023	0.3525	0.4828	1.0	0.4636	0.341	0.41
A4	0.3602	0.3716	0.3678	0.4559	0.4636	1.0	0.3716	0.3831
A7	0.387	0.4291	0.4598	0.3755	0.341	0.3716	1.0	0.3908
A2	0.3487	0.3793	0.3793	0.41	0.41	0.3831	0.3908	1.0
