	A1	A2	A3	A4	A5	A6	A7	A8
A1	1.0	0.6759	0.6704	0.6759	0.5983	0.6648	0.6454	0.5817
A2	0.6759	1.0	0.6427	0.6759	0.5512	0.6122	0.5679	0.5042
A3	0.6704	0.6427	1.0	0.759	0.5817	0.662	0.6371	0.5623
A4	0.6759	0.6759	0.759	1.0	0.5789	0.6593	0.6399	0.5762
A5	0.5983	0.5512	0.5817	0.5789	1.0	0.7812	0.7064	0.6565
A6	0.6648	0.6122	0.662	0.6593	0.7812	1.0	0.7756	0.7119
A7	0.6454	0.5679	0.6371	0.6399	0.7064	0.7756	1.0	0.7285
A8	0.5817	0.5042	0.5623	0.5762	0.6565	0.7119	0.7285	1.0
