	A5	A6	A7	A8	A3	A4	A1	A2
A5	1.0	0.8012	0.6325	0.7139	0.5241	0.5211	0.5873	0.491
A6	0.8012	1.0	0.5873	0.6566	0.506	0.497	0.5452	0.4608
A7	0.6325	0.5873	1.0	0.7771	0.4849	0.4729	0.5211	0.4488
A8	0.7139	0.6566	0.7771	1.0	0.5602	0.5482	0.5994	0.5301
A3	0.5241	0.506	0.4849	0.5602	1.0	0.8976	0.6867	0.6205
A4	0.5211	0.497	0.4729	0.5482	0.8976	1.0	0.6657	0.5964
A1	0.5873	0.5452	0.5211	0.5994	0.6867	0.6657	1.0	0.756
A2	0.491	0.4608	0.4488	0.5301	0.6205	0.5964	0.756	1.0
