	A5	A6	A7	A8	A1	A2	A3	A4
A5	1.0	0.6759	0.6254	0.6918	0.5005	0.5045	0.6026	0.4727
A6	0.6759	1.0	0.5481	0.6165	0.4727	0.4559	0.5391	0.4143
A7	0.6254	0.5481	1.0	0.7027	0.4311	0.443	0.5649	0.4281
A8	0.6918	0.6165	0.7027	1.0	0.4658	0.4787	0.6283	0.4668
A1	0.5005	0.4727	0.4311	0.4658	1.0	0.6759	0.4569	0.3399
A2	0.5045	0.4559	0.443	0.4787	0.6759	1.0	0.4827	0.3647
A3	0.6026	0.5391	0.5649	0.6283	0.4569	0.4827	1.0	0.6799
A4	0.4727	0.4143	0.4281	0.4668	0.3399	0.3647	0.6799	1.0
