	A1	A2	A3	A4	A7	A8	A5	A6
A1	1.0	0.6806	0.4806	0.5087	0.5155	0.4437	0.5097	0.5291
A2	0.6806	1.0	0.4816	0.5388	0.5233	0.4942	0.5272	0.5699
A3	0.4806	0.4816	1.0	0.6796	0.4883	0.4204	0.4738	0.5097
A4	0.5087	0.5388	0.6796	1.0	0.5553	0.4699	0.5282	0.5621
A7	0.5155	0.5233	0.4883	0.5553	1.0	0.5699	0.5981	0.6136
A8	0.4437	0.4942	0.4204	0.4699	0.5699	1.0	0.532	0.5524
A5	0.5097	0.5272	0.4738	0.5282	0.5981	0.532	1.0	0.6718
A6	0.5291	0.5699	0.5097	0.5621	0.6136	0.5524	0.6718	1.0
