	A1	A2	A3	A4	A7	A8	A5	A6
A1	1.0	0.7983	0.7262	0.7291	0.4957	0.5476	0.5274	0.5187
A2	0.7983	1.0	0.8357	0.8329	0.5677	0.6196	0.585	0.5908
A3	0.7262	0.8357	1.0	0.9481	0.6311	0.6859	0.6744	0.6628
A4	0.7291	0.8329	0.9481	1.0	0.6282	0.6859	0.6686	0.6599
A7	0.4957	0.5677	0.6311	0.6282	1.0	0.879	0.6311	0.6398
A8	0.5476	0.6196	0.6859	0.6859	0.879	1.0	0.6916	0.6859
A5	0.5274	0.585	0.6744	0.6686	0.6311	0.6916	1.0	0.7435
A6	0.5187	0.5908	0.6628	0.6599	0.6398	0.6859	0.7435	1.0
