	A3	A7	A1	A2	A5	A6	A8	A4
A3	1.0	0.2884	0.412	0.3558	0.4382	0.3933	0.4757	0.5581
A7	0.2884	1.0	0.3146	0.382	0.4195	0.4532	0.427	0.4157
A1	0.412	0.3146	1.0	0.4794	0.4157	0.3483	0.397	0.3408
A2	0.3558	0.382	0.4794	1.0	0.3783	0.4045	0.3596	0.4232
A5	0.4382	0.4195	0.4157	0.3783	1.0	0.4906	0.5094	0.3596
A6	0.3933	0.4532	0.3483	0.4045	0.4906	1.0	0.5506	0.427
A8	0.4757	0.427	0.397	0.3596	0.5094	0.5506	1.0	0.412
A4	0.5581	0.4157	0.3408	0.4232	0.3596	0.427	0.412	1.0
