	A5	A6	A7	A8	A1	A2	A3	A4
A5	1.0	0.3097	0.2425	0.25	0.1381	0.1194	0.1716	0.1903
A6	0.3097	1.0	0.2761	0.291	0.1343	0.1493	0.153	0.1306
A7	0.2425	0.2761	1.0	0.3918	0.1194	0.1194	0.1642	0.153
A8	0.25	0.291	0.3918	1.0	0.1642	0.1231	0.1716	0.1642
A1	0.1381	0.1343	0.1194	0.1642	1.0	0.2724	0.1045	0.1231
A2	0.1194	0.1493	0.1194	0.1231	0.2724	1.0	0.1306	0.1381
A3	0.1716	0.153	0.1642	0.1716	0.1045	0.1306	1.0	0.4254
A4	0.1903	0.1306	0.153	0.1642	0.1231	0.1381	0.4254	1.0
