	A1	A2	A3	A4	A5	A6	A7	A8
A1	1.0	0.7733	0.6715	0.7006	0.5494	0.5872	0.5552	0.5291
A2	0.7733	1.0	0.7151	0.7326	0.5814	0.6076	0.6134	0.5727
A3	0.6715	0.7151	1.0	0.7326	0.5756	0.6047	0.5581	0.5262
A4	0.7006	0.7326	0.7326	1.0	0.561	0.5872	0.564	0.5581
A5	0.5494	0.5814	0.5756	0.561	1.0	0.8488	0.6512	0.6512
A6	0.5872	0.6076	0.6047	0.5872	0.8488	1.0	0.6744	0.6773
A7	0.5552	0.6134	0.5581	0.564	0.6512	0.6744	1.0	0.75
A8	0.5291	0.5727	0.5262	0.5581	0.6512	0.6773	0.75	1.0
