	A5	A6	A7	A8	A1	A2	A3	A4
A5	1.0	0.8529	0.7412	0.7176	0.5529	0.4853	0.6382	0.5824
A6	0.8529	1.0	0.8382	0.8235	0.6441	0.5853	0.7412	0.6765
A7	0.7412	0.8382	1.0	0.9324	0.5559	0.5235	0.6471	0.5912
A8	0.7176	0.8235	0.9324	1.0	0.5441	0.5235	0.6353	0.5824
A1	0.5529	0.6441	0.5559	0.5441	1.0	0.8235	0.6941	0.6412
A2	0.4853	0.5853	0.5235	0.5235	0.8235	1.0	0.6412	0.5676
A3	0.6382	0.7412	0.6471	0.6353	0.6941	0.6412	1.0	0.7735
A4	0.5824	0.6765	0.5912	0.5824	0.6412	0.5676	0.7735	1.0
