	A5	A6	A7	A8	A1	A2	A3	A4
A5	1.0	0.8529	0.7706	0.75	0.5765	0.5176	0.6382	0.5824
A6	0.8529	1.0	0.8706	0.8588	0.6735	0.6235	0.7412	0.6765
A7	0.7706	0.8706	1.0	0.9294	0.6059	0.5853	0.6765	0.6088
A8	0.75	0.8588	0.9294	1.0	0.5971	0.5853	0.6676	0.6029
A1	0.5765	0.6735	0.6059	0.5971	1.0	0.8059	0.7471	0.6765
A2	0.5176	0.6235	0.5853	0.5853	0.8059	1.0	0.6971	0.6088
A3	0.6382	0.7412	0.6765	0.6676	0.7471	0.6971	1.0	0.7735
A4	0.5824	0.6765	0.6088	0.6029	0.6765	0.6088	0.7735	1.0
