	A1	A2	A3	A4	A5	A6	A7	A8
A1	1.0	0.6979	0.5543	0.5806	0.4604	0.4897	0.4839	0.5073
A2	0.6979	1.0	0.4897	0.5249	0.4076	0.4428	0.4633	0.4897
A3	0.5543	0.4897	1.0	0.7654	0.5924	0.6305	0.4633	0.4985
A4	0.5806	0.5249	0.7654	1.0	0.6129	0.6481	0.4956	0.522
A5	0.4604	0.4076	0.5924	0.6129	1.0	0.8827	0.6364	0.6686
A6	0.4897	0.4428	0.6305	0.6481	0.8827	1.0	0.6774	0.7097
A7	0.4839	0.4633	0.4633	0.4956	0.6364	0.6774	1.0	0.9443
A8	0.5073	0.4897	0.4985	0.522	0.6686	0.7097	0.9443	1.0
