	A1	A2	A3	A4	A5	A6	A7	A8
A1	1.0	0.735	0.5792	0.623	0.4891	0.5273	0.4781	0.5
A2	0.735	1.0	0.6066	0.6667	0.5164	0.5656	0.5301	0.5546
A3	0.5792	0.6066	1.0	0.7623	0.5519	0.5956	0.5301	0.5628
A4	0.623	0.6667	0.7623	1.0	0.5956	0.6366	0.5847	0.6093
A5	0.4891	0.5164	0.5519	0.5956	1.0	0.8798	0.7158	0.7459
A6	0.5273	0.5656	0.5956	0.6366	0.8798	1.0	0.765	0.7951
A7	0.4781	0.5301	0.5301	0.5847	0.7158	0.765	1.0	0.9481
A8	0.5	0.5546	0.5628	0.6093	0.7459	0.7951	0.9481	1.0
