	A1	A2	A3	A4	A7	A8	A5	A6
A1	1.0	0.6845	0.4348	0.4294	0.4225	0.4431	0.4184	0.4294
A2	0.6845	1.0	0.4582	0.465	0.4115	0.4568	0.4335	0.4211
A3	0.4348	0.4582	1.0	0.727	0.4294	0.4829	0.4362	0.4294
A4	0.4294	0.465	0.727	1.0	0.4362	0.4774	0.4417	0.4431
A7	0.4225	0.4115	0.4294	0.4362	1.0	0.6392	0.4691	0.5021
A8	0.4431	0.4568	0.4829	0.4774	0.6392	1.0	0.5556	0.5981
A5	0.4184	0.4335	0.4362	0.4417	0.4691	0.5556	1.0	0.631
A6	0.4294	0.4211	0.4294	0.4431	0.5021	0.5981	0.631	1.0
