	A5	A6	A7	A8	A1	A2	A3	A4
A5	1.0	0.6952	0.5063	0.5901	0.5034	0.4479	0.4284	0.4469
A6	0.6952	1.0	0.5122	0.629	0.4956	0.4635	0.4314	0.445
A7	0.5063	0.5122	1.0	0.6835	0.4995	0.4703	0.4129	0.4109
A8	0.5901	0.629	0.6835	1.0	0.5677	0.5219	0.4927	0.5073
A1	0.5034	0.4956	0.4995	0.5677	1.0	0.6855	0.4391	0.4499
A2	0.4479	0.4635	0.4703	0.5219	0.6855	1.0	0.4119	0.4236
A3	0.4284	0.4314	0.4129	0.4927	0.4391	0.4119	1.0	0.7225
A4	0.4469	0.445	0.4109	0.5073	0.4499	0.4236	0.7225	1.0
