	A1	A2	A3	A4	A5	A6	A7	A8
A1	1.0	0.7971	0.6238	0.613	0.5433	0.5541	0.5889	0.5317
A2	0.7971	1.0	0.6291	0.6309	0.5299	0.5639	0.6086	0.5487
A3	0.6238	0.6291	1.0	0.7534	0.5451	0.5675	0.622	0.563
A4	0.613	0.6309	0.7534	1.0	0.5442	0.58	0.6005	0.563
A5	0.5433	0.5299	0.5451	0.5442	1.0	0.7292	0.6631	0.5987
A6	0.5541	0.5639	0.5675	0.58	0.7292	1.0	0.6979	0.6559
A7	0.5889	0.6086	0.622	0.6005	0.6631	0.6979	1.0	0.7605
A8	0.5317	0.5487	0.563	0.563	0.5987	0.6559	0.7605	1.0
