	A1	A2	A3	A4	A5	A6	A7	A8
A1	1.0	0.8876	0.634	0.6801	0.5908	0.562	0.5447	0.4899
A2	0.8876	1.0	0.6513	0.7032	0.5994	0.5706	0.5591	0.5101
A3	0.634	0.6513	1.0	0.8732	0.415	0.3948	0.4121	0.366
A4	0.6801	0.7032	0.8732	1.0	0.4582	0.4409	0.4323	0.3948
A5	0.5908	0.5994	0.415	0.4582	1.0	0.9597	0.7378	0.6772
A6	0.562	0.5706	0.3948	0.4409	0.9597	1.0	0.7118	0.6542
A7	0.5447	0.5591	0.4121	0.4323	0.7378	0.7118	1.0	0.8415
A8	0.4899	0.5101	0.366	0.3948	0.6772	0.6542	0.8415	1.0
