	A1	A2	A3	A4	A5	A6	A7	A8
A1	1.0	0.8876	0.6859	0.7435	0.5879	0.5562	0.5389	0.4841
A2	0.8876	1.0	0.7032	0.7666	0.5965	0.5648	0.5533	0.5043
A3	0.6859	0.7032	1.0	0.853	0.4524	0.4294	0.4438	0.3919
A4	0.7435	0.7666	0.853	1.0	0.5072	0.487	0.4784	0.4352
A5	0.5879	0.5965	0.4524	0.5072	1.0	0.9597	0.7291	0.6599
A6	0.5562	0.5648	0.4294	0.487	0.9597	1.0	0.7032	0.6369
A7	0.5389	0.5533	0.4438	0.4784	0.7291	0.7032	1.0	0.8329
A8	0.4841	0.5043	0.3919	0.4352	0.6599	0.6369	0.8329	1.0
