	A1	A2	A3	A4	A5	A6	A7	A8
A1	1.0	0.8876	0.6859	0.7378	0.5937	0.5648	0.5476	0.4928
A2	0.8876	1.0	0.7032	0.7637	0.6023	0.5735	0.562	0.513
A3	0.6859	0.7032	1.0	0.8588	0.4582	0.438	0.4524	0.4006
A4	0.7378	0.7637	0.8588	1.0	0.5101	0.4928	0.4841	0.4409
A5	0.5937	0.6023	0.4582	0.5101	1.0	0.9597	0.7378	0.6772
A6	0.5648	0.5735	0.438	0.4928	0.9597	1.0	0.7118	0.6542
A7	0.5476	0.562	0.4524	0.4841	0.7378	0.7118	1.0	0.8415
A8	0.4928	0.513	0.4006	0.4409	0.6772	0.6542	0.8415	1.0
