	A5	A6	A7	A8	A1	A2	A3	A4
A5	1.0	0.2473	0.1828	0.2652	0.1577	0.1254	0.1398	0.1398
A6	0.2473	1.0	0.2437	0.3584	0.2401	0.2079	0.2581	0.2186
A7	0.1828	0.2437	1.0	0.3692	0.2186	0.2115	0.2258	0.2616
A8	0.2652	0.3584	0.3692	1.0	0.2688	0.233	0.2724	0.2688
A1	0.1577	0.2401	0.2186	0.2688	1.0	0.3513	0.233	0.2079
A2	0.1254	0.2079	0.2115	0.233	0.3513	1.0	0.2222	0.2258
A3	0.1398	0.2581	0.2258	0.2724	0.233	0.2222	1.0	0.3943
A4	0.1398	0.2186	0.2616	0.2688	0.2079	0.2258	0.3943	1.0
