	A1	A2	A3	A4	A5	A6	A7	A8
A1	1.0	0.9708	0.6676	0.6239	0.586	0.6093	0.5102	0.4606
A2	0.9708	1.0	0.6764	0.6297	0.5948	0.621	0.516	0.4665
A3	0.6676	0.6764	1.0	0.8134	0.5219	0.5452	0.4286	0.4227
A4	0.6239	0.6297	0.8134	1.0	0.4781	0.4985	0.4052	0.3907
A5	0.586	0.5948	0.5219	0.4781	1.0	0.9504	0.7434	0.7114
A6	0.6093	0.621	0.5452	0.4985	0.9504	1.0	0.7755	0.7464
A7	0.5102	0.516	0.4286	0.4052	0.7434	0.7755	1.0	0.723
A8	0.4606	0.4665	0.4227	0.3907	0.7114	0.7464	0.723	1.0
