	A1	A2	A3	A4	A5	A6	A7	A8
A1	1.0	0.9579	0.7191	0.7022	0.6404	0.6601	0.5449	0.5112
A2	0.9579	1.0	0.7331	0.7135	0.6573	0.6798	0.559	0.5225
A3	0.7191	0.7331	1.0	0.8287	0.5253	0.5449	0.427	0.4298
A4	0.7022	0.7135	0.8287	1.0	0.5028	0.5197	0.4213	0.4157
A5	0.6404	0.6573	0.5253	0.5028	1.0	0.941	0.736	0.7107
A6	0.6601	0.6798	0.5449	0.5197	0.941	1.0	0.764	0.7416
A7	0.5449	0.559	0.427	0.4213	0.736	0.764	1.0	0.7135
A8	0.5112	0.5225	0.4298	0.4157	0.7107	0.7416	0.7135	1.0
