	A1	A2	A3	A4	A5	A6	A7	A8
A1	1.0	0.9561	0.7193	0.6813	0.6345	0.6579	0.5439	0.5
A2	0.9561	1.0	0.7339	0.693	0.652	0.6784	0.5585	0.5117
A3	0.7193	0.7339	1.0	0.8158	0.5205	0.5439	0.4269	0.4211
A4	0.6813	0.693	0.8158	1.0	0.4795	0.5	0.4064	0.3918
A5	0.6345	0.652	0.5205	0.4795	1.0	0.9532	0.7456	0.7105
A6	0.6579	0.6784	0.5439	0.5	0.9532	1.0	0.7749	0.7427
A7	0.5439	0.5585	0.4269	0.4064	0.7456	0.7749	1.0	0.7164
A8	0.5	0.5117	0.4211	0.3918	0.7105	0.7427	0.7164	1.0
