	A1	A2	A3	A4	A7	A5	A6
A1	1.0	0.8949	0.6006	0.6727	0.4925	0.3784	0.4835
A2	0.8949	1.0	0.6577	0.7357	0.5315	0.4234	0.5315
A3	0.6006	0.6577	1.0	0.8408	0.5015	0.3964	0.4955
A4	0.6727	0.7357	0.8408	1.0	0.5616	0.4294	0.5465
A7	0.4925	0.5315	0.5015	0.5616	1.0	0.5015	0.6396
A5	0.3784	0.4234	0.3964	0.4294	0.5015	1.0	0.7087
A6	0.4835	0.5315	0.4955	0.5465	0.6396	0.7087	1.0
