	A1	A2	A3	A4	A7	A8	A5	A6
A1	1.0	0.8964	0.6065	0.6775	0.4852	0.4379	0.3728	0.4763
A2	0.8964	1.0	0.6627	0.7396	0.5237	0.4763	0.4172	0.5237
A3	0.6065	0.6627	1.0	0.8432	0.4941	0.4675	0.3905	0.4882
A4	0.6775	0.7396	0.8432	1.0	0.5533	0.5089	0.4231	0.5385
A7	0.4852	0.5237	0.4941	0.5533	1.0	0.8018	0.5059	0.642
A8	0.4379	0.4763	0.4675	0.5089	0.8018	1.0	0.4911	0.6213
A5	0.3728	0.4172	0.3905	0.4231	0.5059	0.4911	1.0	0.713
A6	0.4763	0.5237	0.4882	0.5385	0.642	0.6213	0.713	1.0
