	A1	A2	A3	A4	A5	A6	A7	A8
A1	1.0	0.7054	0.6042	0.631	0.5595	0.5417	0.3958	0.4107
A2	0.7054	1.0	0.6637	0.6905	0.6012	0.5625	0.4226	0.4405
A3	0.6042	0.6637	1.0	0.8542	0.619	0.5714	0.4375	0.4702
A4	0.631	0.6905	0.8542	1.0	0.6429	0.6071	0.4435	0.4792
A5	0.5595	0.6012	0.619	0.6429	1.0	0.8929	0.6577	0.6875
A6	0.5417	0.5625	0.5714	0.6071	0.8929	1.0	0.619	0.6458
A7	0.3958	0.4226	0.4375	0.4435	0.6577	0.619	1.0	0.7946
A8	0.4107	0.4405	0.4702	0.4792	0.6875	0.6458	0.7946	1.0
