	A1	A2	A3	A4	A5	A6	A7	A8
A1	1.0	0.6507	0.6337	0.6038	0.5359	0.5319	0.4212	0.4222
A2	0.6507	1.0	0.6347	0.6627	0.5569	0.5339	0.4451	0.4581
A3	0.6337	0.6347	1.0	0.7036	0.5599	0.5369	0.4251	0.4441
A4	0.6038	0.6627	0.7036	1.0	0.5479	0.5339	0.503	0.523
A5	0.5359	0.5569	0.5599	0.5479	1.0	0.7894	0.6277	0.6477
A6	0.5319	0.5339	0.5369	0.5339	0.7894	1.0	0.6018	0.6277
A7	0.4212	0.4451	0.4251	0.503	0.6277	0.6018	1.0	0.7695
A8	0.4222	0.4581	0.4441	0.523	0.6477	0.6277	0.7695	1.0
