	A1	A2	A3	A4	A5	A6	A7	A8
A1	1.0	0.7631	0.6612	0.5592	0.6171	0.5289	0.5124	0.4931
A2	0.7631	1.0	0.5702	0.4766	0.5427	0.4656	0.4518	0.4187
A3	0.6612	0.5702	1.0	0.7383	0.573	0.4931	0.4463	0.4242
A4	0.5592	0.4766	0.7383	1.0	0.5014	0.427	0.4105	0.3802
A5	0.6171	0.5427	0.573	0.5014	1.0	0.8182	0.6336	0.6226
A6	0.5289	0.4656	0.4931	0.427	0.8182	1.0	0.551	0.5399
A7	0.5124	0.4518	0.4463	0.4105	0.6336	0.551	1.0	0.8044
A8	0.4931	0.4187	0.4242	0.3802	0.6226	0.5399	0.8044	1.0
