	A3	A4	A1	A2	A5	A6	A7	A8
A3	1.0	0.8909	0.6018	0.6047	0.4513	0.4307	0.4425	0.5015
A4	0.8909	1.0	0.6696	0.6667	0.4926	0.4867	0.4956	0.5516
A1	0.6018	0.6696	1.0	0.826	0.528	0.5044	0.5162	0.59
A2	0.6047	0.6667	0.826	1.0	0.5398	0.5162	0.5428	0.6077
A5	0.4513	0.4926	0.528	0.5398	1.0	0.7552	0.5192	0.5988
A6	0.4307	0.4867	0.5044	0.5162	0.7552	1.0	0.4779	0.5516
A7	0.4425	0.4956	0.5162	0.5428	0.5192	0.4779	1.0	0.764
A8	0.5015	0.5516	0.59	0.6077	0.5988	0.5516	0.764	1.0
