	A3	A4	A1	A2	A5	A6	A7	A8
A3	1.0	0.7345	0.6726	0.6903	0.5221	0.4897	0.4572	0.4838
A4	0.7345	1.0	0.5398	0.5398	0.4218	0.3982	0.3835	0.4012
A1	0.6726	0.5398	1.0	0.7109	0.4631	0.4631	0.4425	0.4454
A2	0.6903	0.5398	0.7109	1.0	0.4956	0.4749	0.4395	0.4572
A5	0.5221	0.4218	0.4631	0.4956	1.0	0.8289	0.6637	0.7109
A6	0.4897	0.3982	0.4631	0.4749	0.8289	1.0	0.6372	0.6667
A7	0.4572	0.3835	0.4425	0.4395	0.6637	0.6372	1.0	0.7227
A8	0.4838	0.4012	0.4454	0.4572	0.7109	0.6667	0.7227	1.0
