	A5	A6	A7	A8	A1	A2	A3	A4
A5	1.0	0.6207	0.4898	0.5839	0.4038	0.4065	0.4093	0.3847
A6	0.6207	1.0	0.487	0.5689	0.4188	0.3929	0.4038	0.4093
A7	0.4898	0.487	1.0	0.6548	0.3902	0.3915	0.3929	0.3697
A8	0.5839	0.5689	0.6548	1.0	0.457	0.4434	0.4652	0.4352
A1	0.4038	0.4188	0.3902	0.457	1.0	0.7067	0.3956	0.3793
A2	0.4065	0.3929	0.3915	0.4434	0.7067	1.0	0.3997	0.3806
A3	0.4093	0.4038	0.3929	0.4652	0.3956	0.3997	1.0	0.5894
A4	0.3847	0.4093	0.3697	0.4352	0.3793	0.3806	0.5894	1.0
