	A1	A2	A3	A4	A5	A6	A7	A8
A1	1.0	0.7256	0.6685	0.7044	0.6538	0.6971	0.6519	0.7219
A2	0.7256	1.0	0.6243	0.6676	0.605	0.6427	0.6041	0.6685
A3	0.6685	0.6243	1.0	0.6492	0.5783	0.6243	0.5727	0.6142
A4	0.7044	0.6676	0.6492	1.0	0.6151	0.6593	0.6169	0.6648
A5	0.6538	0.605	0.5783	0.6151	1.0	0.6786	0.6225	0.6934
A6	0.6971	0.6427	0.6243	0.6593	0.6786	1.0	0.6915	0.7449
A7	0.6519	0.6041	0.5727	0.6169	0.6225	0.6915	1.0	0.7422
A8	0.7219	0.6685	0.6142	0.6648	0.6934	0.7449	0.7422	1.0
