	A1	A2	A3	A4	A5	A6	A7	A8
A1	1.0	0.8098	0.7935	0.8152	0.6495	0.606	0.5625	0.5435
A2	0.8098	1.0	0.8342	0.8641	0.6821	0.6332	0.6005	0.5842
A3	0.7935	0.8342	1.0	0.962	0.6902	0.644	0.6087	0.6005
A4	0.8152	0.8641	0.962	1.0	0.7174	0.6685	0.625	0.6168
A5	0.6495	0.6821	0.6902	0.7174	1.0	0.8424	0.6005	0.5978
A6	0.606	0.6332	0.644	0.6685	0.8424	1.0	0.5598	0.5408
A7	0.5625	0.6005	0.6087	0.625	0.6005	0.5598	1.0	0.7473
A8	0.5435	0.5842	0.6005	0.6168	0.5978	0.5408	0.7473	1.0
