	A1	A2	A3	A4	A5	A7	A8
A1	1.0	0.8866	0.5669	0.6163	0.5291	0.5901	0.593
A2	0.8866	1.0	0.6424	0.6948	0.5988	0.6453	0.6512
A3	0.5669	0.6424	1.0	0.7355	0.4651	0.4593	0.4622
A4	0.6163	0.6948	0.7355	1.0	0.4855	0.5087	0.5116
A5	0.5291	0.5988	0.4651	0.4855	1.0	0.6017	0.6047
A7	0.5901	0.6453	0.4593	0.5087	0.6017	1.0	0.9884
A8	0.593	0.6512	0.4622	0.5116	0.6047	0.9884	1.0
