	A1	A2	A3	A4	A5	A6	A7	A8
A1	1.0	0.7601	0.7168	0.7254	0.4509	0.4711	0.4364	0.4422
A2	0.7601	1.0	0.7948	0.7919	0.4682	0.5116	0.4827	0.4855
A3	0.7168	0.7948	1.0	0.8815	0.5289	0.578	0.5549	0.5491
A4	0.7254	0.7919	0.8815	1.0	0.5087	0.5491	0.5	0.5173
A5	0.4509	0.4682	0.5289	0.5087	1.0	0.8613	0.6561	0.6445
A6	0.4711	0.5116	0.578	0.5491	0.8613	1.0	0.7197	0.7312
A7	0.4364	0.4827	0.5549	0.5	0.6561	0.7197	1.0	0.7283
A8	0.4422	0.4855	0.5491	0.5173	0.6445	0.7312	0.7283	1.0
