	A1	A2	A3	A4	A7	A8	A6	A5
A1	1.0	0.3166	0.1236	0.0965	0.1313	0.1506	0.1313	0.1042
A2	0.3166	1.0	0.1313	0.1158	0.1429	0.139	0.1351	0.1236
A3	0.1236	0.1313	1.0	0.417	0.1467	0.2085	0.1931	0.1544
A4	0.0965	0.1158	0.417	1.0	0.1197	0.1699	0.1429	0.1429
A7	0.1313	0.1429	0.1467	0.1197	1.0	0.2896	0.1892	0.2046
A8	0.1506	0.139	0.2085	0.1699	0.2896	1.0	0.2625	0.2819
A6	0.1313	0.1351	0.1931	0.1429	0.1892	0.2625	1.0	0.2973
A5	0.1042	0.1236	0.1544	0.1429	0.2046	0.2819	0.2973	1.0
