	A1	A2	A3	A4	A5	A6	A7	A8
A1	1.0	0.8839	0.5833	0.4613	0.5089	0.4762	0.4792	0.4315
A2	0.8839	1.0	0.6369	0.5	0.5506	0.5179	0.5149	0.4673
A3	0.5833	0.6369	1.0	0.7054	0.5982	0.5417	0.5625	0.5149
A4	0.4613	0.5	0.7054	1.0	0.5804	0.5238	0.5417	0.5149
A5	0.5089	0.5506	0.5982	0.5804	1.0	0.875	0.7976	0.7083
A6	0.4762	0.5179	0.5417	0.5238	0.875	1.0	0.7381	0.6518
A7	0.4792	0.5149	0.5625	0.5417	0.7976	0.7381	1.0	0.8214
A8	0.4315	0.4673	0.5149	0.5149	0.7083	0.6518	0.8214	1.0
