	A1	A2	A3	A4	A5	A6	A7	A8
A1	1.0	0.8529	0.5886	0.5395	0.6294	0.6022	0.5668	0.5041
A2	0.8529	1.0	0.6458	0.5858	0.6621	0.6349	0.5967	0.5341
A3	0.5886	0.6458	1.0	0.7793	0.673	0.6294	0.6131	0.5477
A4	0.5395	0.5858	0.7793	1.0	0.6076	0.5586	0.5504	0.5123
A5	0.6294	0.6621	0.673	0.6076	1.0	0.8828	0.7875	0.6921
A6	0.6022	0.6349	0.6294	0.5586	0.8828	1.0	0.7357	0.6431
A7	0.5668	0.5967	0.6131	0.5504	0.7875	0.7357	1.0	0.8093
A8	0.5041	0.5341	0.5477	0.5123	0.6921	0.6431	0.8093	1.0
