	A1	A2	A3	A4	A5	A6	A7	A8
A1	1.0	0.767	0.5864	0.5576	0.5157	0.4974	0.4921	0.5471
A2	0.767	1.0	0.6021	0.5681	0.5366	0.5183	0.5	0.5524
A3	0.5864	0.6021	1.0	0.8455	0.6178	0.6178	0.5445	0.6309
A4	0.5576	0.5681	0.8455	1.0	0.5864	0.5916	0.5209	0.6021
A5	0.5157	0.5366	0.6178	0.5864	1.0	0.7958	0.6178	0.7068
A6	0.4974	0.5183	0.6178	0.5916	0.7958	1.0	0.6204	0.6937
A7	0.4921	0.5	0.5445	0.5209	0.6178	0.6204	1.0	0.7225
A8	0.5471	0.5524	0.6309	0.6021	0.7068	0.6937	0.7225	1.0
