	A1	A2	A3	A4	A5	A6	A7	A8
A1	1.0	0.7477	0.5428	0.6155	0.5205	0.5009	0.5503	0.5624
A2	0.7477	1.0	0.581	0.6192	0.5484	0.5317	0.5764	0.5894
A3	0.5428	0.581	1.0	0.6667	0.4581	0.4367	0.4767	0.4795
A4	0.6155	0.6192	0.6667	1.0	0.4749	0.4665	0.5056	0.5149
A5	0.5205	0.5484	0.4581	0.4749	1.0	0.6974	0.6052	0.5996
A6	0.5009	0.5317	0.4367	0.4665	0.6974	1.0	0.5642	0.5521
A7	0.5503	0.5764	0.4767	0.5056	0.6052	0.5642	1.0	0.9162
A8	0.5624	0.5894	0.4795	0.5149	0.5996	0.5521	0.9162	1.0
