	A7	A8	A5	A6	A1	A2	A4	A3
A7	1.0	0.7742	0.5572	0.5425	0.5367	0.5308	0.5073	0.5894
A8	0.7742	1.0	0.6012	0.5865	0.5748	0.5777	0.5513	0.6364
A5	0.5572	0.6012	1.0	0.868	0.5132	0.5572	0.5279	0.607
A6	0.5425	0.5865	0.868	1.0	0.4868	0.522	0.4956	0.5748
A1	0.5367	0.5748	0.5132	0.4868	1.0	0.7742	0.6804	0.8035
A2	0.5308	0.5777	0.5572	0.522	0.7742	1.0	0.7009	0.824
A4	0.5073	0.5513	0.5279	0.4956	0.6804	0.7009	1.0	0.8065
A3	0.5894	0.6364	0.607	0.5748	0.8035	0.824	0.8065	1.0
