	A7	A8	A5	A6	A1	A2	A4	A3
A7	1.0	0.7742	0.5513	0.5367	0.5367	0.5308	0.4809	0.5894
A8	0.7742	1.0	0.5924	0.5777	0.5748	0.5777	0.522	0.6364
A5	0.5513	0.5924	1.0	0.868	0.5103	0.5513	0.5367	0.6012
A6	0.5367	0.5777	0.868	1.0	0.4839	0.5161	0.5073	0.5689
A1	0.5367	0.5748	0.5103	0.4839	1.0	0.7742	0.654	0.8035
A2	0.5308	0.5777	0.5513	0.5161	0.7742	1.0	0.6686	0.824
A4	0.4809	0.522	0.5367	0.5073	0.654	0.6686	1.0	0.7683
A3	0.5894	0.6364	0.6012	0.5689	0.8035	0.824	0.7683	1.0
