	A7	A8	A5	A6	A1	A2	A4	A3
A7	1.0	0.7657	0.5749	0.5559	0.5422	0.5422	0.5177	0.6104
A8	0.7657	1.0	0.6076	0.5886	0.5695	0.5777	0.5504	0.6458
A5	0.5749	0.6076	1.0	0.8719	0.5232	0.5695	0.5422	0.6294
A6	0.5559	0.5886	0.8719	1.0	0.4932	0.5313	0.5068	0.594
A1	0.5422	0.5695	0.5232	0.4932	1.0	0.7711	0.6676	0.7984
A2	0.5422	0.5777	0.5695	0.5313	0.7711	1.0	0.6948	0.8229
A4	0.5177	0.5504	0.5422	0.5068	0.6676	0.6948	1.0	0.8038
A3	0.6104	0.6458	0.6294	0.594	0.7984	0.8229	0.8038	1.0
