	A1	A2	A3	A4	A5	A6	A7	A8
A1	1.0	0.7885	0.5687	0.6786	0.5027	0.511	0.4505	0.511
A2	0.7885	1.0	0.4258	0.5247	0.4038	0.4093	0.3681	0.4066
A3	0.5687	0.4258	1.0	0.7967	0.3984	0.4066	0.3516	0.3819
A4	0.6786	0.5247	0.7967	1.0	0.4863	0.5	0.4505	0.478
A5	0.5027	0.4038	0.3984	0.4863	1.0	0.7225	0.6264	0.7198
A6	0.511	0.4093	0.4066	0.5	0.7225	1.0	0.5934	0.6758
A7	0.4505	0.3681	0.3516	0.4505	0.6264	0.5934	1.0	0.7692
A8	0.511	0.4066	0.3819	0.478	0.7198	0.6758	0.7692	1.0
