	A1	A2	A7	A8	A5	A6	A3	A4
A1	1.0	0.7694	0.5639	0.5639	0.5944	0.5417	0.475	0.5083
A2	0.7694	1.0	0.6611	0.6639	0.6694	0.6278	0.5583	0.5861
A7	0.5639	0.6611	1.0	0.975	0.7667	0.7194	0.5944	0.6111
A8	0.5639	0.6639	0.975	1.0	0.7639	0.7194	0.5944	0.6056
A5	0.5944	0.6694	0.7667	0.7639	1.0	0.8139	0.6028	0.6167
A6	0.5417	0.6278	0.7194	0.7194	0.8139	1.0	0.5944	0.575
A3	0.475	0.5583	0.5944	0.5944	0.6028	0.5944	1.0	0.7278
A4	0.5083	0.5861	0.6111	0.6056	0.6167	0.575	0.7278	1.0
