	A1	A2	A7	A8	A5	A6	A3	A4
A1	1.0	0.7663	0.5533	0.5533	0.6036	0.5355	0.4704	0.5
A2	0.7663	1.0	0.645	0.6479	0.6716	0.6154	0.5473	0.571
A7	0.5533	0.645	1.0	0.9734	0.7811	0.7189	0.5917	0.6036
A8	0.5533	0.6479	0.9734	1.0	0.7781	0.7189	0.5917	0.5976
A5	0.6036	0.6716	0.7811	0.7781	1.0	0.8284	0.6183	0.6272
A6	0.5355	0.6154	0.7189	0.7189	0.8284	1.0	0.5976	0.571
A3	0.4704	0.5473	0.5917	0.5917	0.6183	0.5976	1.0	0.7278
A4	0.5	0.571	0.6036	0.5976	0.6272	0.571	0.7278	1.0
