	A1	A2	A3	A4	A5	A6	A7	A8
A1	1.0	0.9021	0.7328	0.7566	0.4656	0.3862	0.3942	0.4286
A2	0.9021	1.0	0.7593	0.7778	0.4868	0.4074	0.4339	0.4603
A3	0.7328	0.7593	1.0	0.8413	0.4683	0.4021	0.418	0.4497
A4	0.7566	0.7778	0.8413	1.0	0.5026	0.4206	0.455	0.4709
A5	0.4656	0.4868	0.4683	0.5026	1.0	0.8148	0.6138	0.6323
A6	0.3862	0.4074	0.4021	0.4206	0.8148	1.0	0.4974	0.5265
A7	0.3942	0.4339	0.418	0.455	0.6138	0.4974	1.0	0.709
A8	0.4286	0.4603	0.4497	0.4709	0.6323	0.5265	0.709	1.0
