	A1	A2	A3	A4	A5	A6	A7	A8
A1	1.0	0.7566	0.4545	0.4663	0.5865	0.5308	0.5455	0.5455
A2	0.7566	1.0	0.5249	0.5484	0.6598	0.607	0.6364	0.6393
A3	0.4545	0.5249	1.0	0.7273	0.5924	0.5601	0.5777	0.5777
A4	0.4663	0.5484	0.7273	1.0	0.61	0.5543	0.6012	0.5953
A5	0.5865	0.6598	0.5924	0.61	1.0	0.8211	0.7742	0.7713
A6	0.5308	0.607	0.5601	0.5543	0.8211	1.0	0.7126	0.7126
A7	0.5455	0.6364	0.5777	0.6012	0.7742	0.7126	1.0	0.9736
A8	0.5455	0.6393	0.5777	0.5953	0.7713	0.7126	0.9736	1.0
