	A1	A2	A3	A4	A5	A6	A7	A8
A1	1.0	0.7298	0.5951	0.602	0.5932	0.5795	0.6244	0.6263
A2	0.7298	1.0	0.6	0.6049	0.5854	0.6029	0.6439	0.6371
A3	0.5951	0.6	1.0	0.6351	0.5571	0.5473	0.5766	0.5737
A4	0.602	0.6049	0.6351	1.0	0.5541	0.5395	0.5795	0.5912
A5	0.5932	0.5854	0.5571	0.5541	1.0	0.682	0.6195	0.6273
A6	0.5795	0.6029	0.5473	0.5395	0.682	1.0	0.6263	0.6224
A7	0.6244	0.6439	0.5766	0.5795	0.6195	0.6263	1.0	0.8722
A8	0.6263	0.6371	0.5737	0.5912	0.6273	0.6224	0.8722	1.0
