	A7	A8	A5	A6	A1	A2	A4	A3
A7	1.0	0.3373	0.1843	0.2039	0.1176	0.1529	0.1569	0.1647
A8	0.3373	1.0	0.2392	0.2157	0.1059	0.1569	0.1686	0.1765
A5	0.1843	0.2392	1.0	0.2706	0.1137	0.1569	0.1216	0.1843
A6	0.2039	0.2157	0.2706	1.0	0.1216	0.149	0.1373	0.1686
A1	0.1176	0.1059	0.1137	0.1216	1.0	0.3059	0.1137	0.1569
A2	0.1529	0.1569	0.1569	0.149	0.3059	1.0	0.2039	0.2353
A4	0.1569	0.1686	0.1216	0.1373	0.1137	0.2039	1.0	0.349
A3	0.1647	0.1765	0.1843	0.1686	0.1569	0.2353	0.349	1.0
