	A1	A2	A3	A4	A5	A6	A8	A7
A1	1.0	0.8855	0.6566	0.75	0.6114	0.6145	0.4669	0.4548
A2	0.8855	1.0	0.6416	0.7139	0.5693	0.5723	0.4307	0.4187
A3	0.6566	0.6416	1.0	0.8494	0.5241	0.5331	0.4036	0.3795
A4	0.75	0.7139	0.8494	1.0	0.5964	0.5994	0.4518	0.4307
A5	0.6114	0.5693	0.5241	0.5964	1.0	0.988	0.6627	0.6536
A6	0.6145	0.5723	0.5331	0.5994	0.988	1.0	0.6717	0.6566
A8	0.4669	0.4307	0.4036	0.4518	0.6627	0.6717	1.0	0.7048
A7	0.4548	0.4187	0.3795	0.4307	0.6536	0.6566	0.7048	1.0
