	A5	A6	A7	A8	A1	A2	A3	A4
A5	1.0	0.2952	0.3911	0.4649	0.3358	0.3985	0.3838	0.3395
A6	0.2952	1.0	0.3875	0.321	0.3542	0.3063	0.4022	0.3284
A7	0.3911	0.3875	1.0	0.5203	0.3911	0.3358	0.3542	0.3948
A8	0.4649	0.321	0.5203	1.0	0.4465	0.3469	0.4096	0.3764
A1	0.3358	0.3542	0.3911	0.4465	1.0	0.4502	0.3653	0.3985
A2	0.3985	0.3063	0.3358	0.3469	0.4502	1.0	0.3506	0.3727
A3	0.3838	0.4022	0.3542	0.4096	0.3653	0.3506	1.0	0.4133
A4	0.3395	0.3284	0.3948	0.3764	0.3985	0.3727	0.4133	1.0
