	A5	A6	A7	A8	A1	A2	A3	A4
A5	1.0	0.6459	0.5329	0.5871	0.3941	0.4071	0.4035	0.3659
A6	0.6459	1.0	0.5035	0.5776	0.4071	0.4082	0.3788	0.3682
A7	0.5329	0.5035	1.0	0.66	0.4	0.4094	0.4012	0.3965
A8	0.5871	0.5776	0.66	1.0	0.4176	0.4494	0.4424	0.4247
A1	0.3941	0.4071	0.4	0.4176	1.0	0.7165	0.4106	0.3953
A2	0.4071	0.4082	0.4094	0.4494	0.7165	1.0	0.4282	0.3976
A3	0.4035	0.3788	0.4012	0.4424	0.4106	0.4282	1.0	0.7176
A4	0.3659	0.3682	0.3965	0.4247	0.3953	0.3976	0.7176	1.0
