	A1	A3	A4	A2	A8	A7	A5	A6
A1	1.0	0.1739	0.1449	0.3297	0.2029	0.163	0.192	0.1884
A3	0.1739	1.0	0.4384	0.1522	0.221	0.1486	0.1957	0.1667
A4	0.1449	0.4384	1.0	0.1377	0.2029	0.1341	0.1993	0.1775
A2	0.3297	0.1522	0.1377	1.0	0.1812	0.163	0.1812	0.192
A8	0.2029	0.221	0.2029	0.1812	1.0	0.3551	0.2899	0.308
A7	0.163	0.1486	0.1341	0.163	0.3551	1.0	0.2862	0.279
A5	0.192	0.1957	0.1993	0.1812	0.2899	0.2862	1.0	0.3877
A6	0.1884	0.1667	0.1775	0.192	0.308	0.279	0.3877	1.0
