	A5	A6	A8	A1	A2	A3
A5	1.0	0.3525	0.2529	0.1226	0.1418	0.1034
A6	0.3525	1.0	0.2222	0.1341	0.1188	0.1533
A8	0.2529	0.2222	1.0	0.1073	0.1226	0.1533
A1	0.1226	0.1341	0.1073	1.0	0.4789	0.2107
A2	0.1418	0.1188	0.1226	0.4789	1.0	0.2222
A3	0.1034	0.1533	0.1533	0.2107	0.2222	1.0
