	A1	A2	A3	A4	A5	A6	A7	A8
A1	1.0	0.7901	0.6122	0.5685	0.5714	0.5743	0.4082	0.4752
A2	0.7901	1.0	0.6093	0.5685	0.5802	0.5773	0.4315	0.4985
A3	0.6122	0.6093	1.0	0.8659	0.656	0.6735	0.4665	0.5452
A4	0.5685	0.5685	0.8659	1.0	0.6122	0.6239	0.4548	0.5131
A5	0.5714	0.5802	0.656	0.6122	1.0	0.8659	0.5743	0.6531
A6	0.5743	0.5773	0.6735	0.6239	0.8659	1.0	0.5685	0.6531
A7	0.4082	0.4315	0.4665	0.4548	0.5743	0.5685	1.0	0.8338
A8	0.4752	0.4985	0.5452	0.5131	0.6531	0.6531	0.8338	1.0
