	A1	A2	A3	A4	A5	A6	A7	A8
A1	1.0	0.7836	0.6111	0.5673	0.576	0.5789	0.4561	0.5234
A2	0.7836	1.0	0.6111	0.5702	0.5848	0.5819	0.4708	0.5322
A3	0.6111	0.6111	1.0	0.8655	0.6696	0.6871	0.5175	0.5965
A4	0.5673	0.5702	0.8655	1.0	0.6257	0.6374	0.5058	0.5614
A5	0.576	0.5848	0.6696	0.6257	1.0	0.8655	0.6287	0.7135
A6	0.5789	0.5819	0.6871	0.6374	0.8655	1.0	0.6228	0.7193
A7	0.4561	0.4708	0.5175	0.5058	0.6287	0.6228	1.0	0.8246
A8	0.5234	0.5322	0.5965	0.5614	0.7135	0.7193	0.8246	1.0
