	A1	A2	A3	A4	A5	A6	A7	A8
A1	1.0	0.7872	0.6093	0.5656	0.5773	0.5802	0.4548	0.5219
A2	0.7872	1.0	0.6093	0.5685	0.5889	0.586	0.4665	0.5335
A3	0.6093	0.6093	1.0	0.8659	0.6647	0.6822	0.516	0.6006
A4	0.5656	0.5685	0.8659	1.0	0.621	0.6327	0.5044	0.5656
A5	0.5773	0.5889	0.6647	0.621	1.0	0.8659	0.6239	0.7114
A6	0.5802	0.586	0.6822	0.6327	0.8659	1.0	0.621	0.7172
A7	0.4548	0.4665	0.516	0.5044	0.6239	0.621	1.0	0.8163
A8	0.5219	0.5335	0.6006	0.5656	0.7114	0.7172	0.8163	1.0
