	A5	A6	A7	A8	A1	A2	A3	A4
A5	1.0	0.4879	0.4355	0.5323	0.3387	0.4073	0.3589	0.3589
A6	0.4879	1.0	0.4073	0.4798	0.379	0.4637	0.3992	0.4234
A7	0.4355	0.4073	1.0	0.4234	0.3347	0.3347	0.3952	0.3468
A8	0.5323	0.4798	0.4234	1.0	0.3992	0.375	0.4153	0.3952
A1	0.3387	0.379	0.3347	0.3992	1.0	0.3629	0.3669	0.4032
A2	0.4073	0.4637	0.3347	0.375	0.3629	1.0	0.3347	0.3427
A3	0.3589	0.3992	0.3952	0.4153	0.3669	0.3347	1.0	0.5565
A4	0.3589	0.4234	0.3468	0.3952	0.4032	0.3427	0.5565	1.0
