	A5	A6	A7	A8	A1	A2	A3	A4
A5	1.0	0.5135	0.4054	0.4595	0.3745	0.3591	0.4556	0.3977
A6	0.5135	1.0	0.4208	0.471	0.3552	0.3668	0.3475	0.3089
A7	0.4054	0.4208	1.0	0.5174	0.3668	0.3591	0.4093	0.4015
A8	0.4595	0.471	0.5174	1.0	0.3668	0.4054	0.4595	0.4286
A1	0.3745	0.3552	0.3668	0.3668	1.0	0.5174	0.3282	0.3475
A2	0.3591	0.3668	0.3591	0.4054	0.5174	1.0	0.3514	0.3089
A3	0.4556	0.3475	0.4093	0.4595	0.3282	0.3514	1.0	0.5637
A4	0.3977	0.3089	0.4015	0.4286	0.3475	0.3089	0.5637	1.0
