	A1	A2	A3	A4	A5	A6	A7	A8
A1	1.0	0.8659	0.6788	0.7654	0.6704	0.6816	0.6536	0.5978
A2	0.8659	1.0	0.7402	0.838	0.7318	0.743	0.7095	0.6564
A3	0.6788	0.7402	1.0	0.8464	0.6648	0.676	0.6536	0.6061
A4	0.7654	0.838	0.8464	1.0	0.7626	0.7765	0.7458	0.6955
A5	0.6704	0.7318	0.6648	0.7626	1.0	0.9581	0.824	0.7849
A6	0.6816	0.743	0.676	0.7765	0.9581	1.0	0.838	0.8017
A7	0.6536	0.7095	0.6536	0.7458	0.824	0.838	1.0	0.8324
A8	0.5978	0.6564	0.6061	0.6955	0.7849	0.8017	0.8324	1.0
