	A5	A6	A7	A8	A1	A2	A3	A4
A5	1.0	0.3561	0.2878	0.3237	0.2014	0.1978	0.1295	0.1871
A6	0.3561	1.0	0.2842	0.3201	0.1871	0.1727	0.1331	0.1942
A7	0.2878	0.2842	1.0	0.3489	0.1835	0.1583	0.1295	0.1691
A8	0.3237	0.3201	0.3489	1.0	0.1835	0.2446	0.1691	0.1978
A1	0.2014	0.1871	0.1835	0.1835	1.0	0.3633	0.1187	0.1475
A2	0.1978	0.1727	0.1583	0.2446	0.3633	1.0	0.1187	0.1439
A3	0.1295	0.1331	0.1295	0.1691	0.1187	0.1187	1.0	0.4317
A4	0.1871	0.1942	0.1691	0.1978	0.1475	0.1439	0.4317	1.0
