	A1	A2	A3	A4	A5	A6	A7	A8
A1	1.0	0.8182	0.7961	0.8044	0.4793	0.4766	0.5372	0.573
A2	0.8182	1.0	0.7328	0.7383	0.4408	0.438	0.4931	0.5399
A3	0.7961	0.7328	1.0	0.9862	0.5758	0.562	0.6336	0.6832
A4	0.8044	0.7383	0.9862	1.0	0.5868	0.562	0.6391	0.6915
A5	0.4793	0.4408	0.5758	0.5868	1.0	0.6722	0.6171	0.6584
A6	0.4766	0.438	0.562	0.562	0.6722	1.0	0.5785	0.6143
A7	0.5372	0.4931	0.6336	0.6391	0.6171	0.5785	1.0	0.8237
A8	0.573	0.5399	0.6832	0.6915	0.6584	0.6143	0.8237	1.0
