	A1	A2	A3	A4	A5	A6	A7	A8
A1	1.0	0.8249	0.7864	0.7953	0.4837	0.4629	0.454	0.5549
A2	0.8249	1.0	0.724	0.73	0.4481	0.4303	0.4184	0.5252
A3	0.7864	0.724	1.0	0.9852	0.5816	0.549	0.549	0.6677
A4	0.7953	0.73	0.9852	1.0	0.5935	0.549	0.5549	0.6766
A5	0.4837	0.4481	0.5816	0.5935	1.0	0.6973	0.5638	0.6677
A6	0.4629	0.4303	0.549	0.549	0.6973	1.0	0.4866	0.6053
A7	0.454	0.4184	0.549	0.5549	0.5638	0.4866	1.0	0.7567
A8	0.5549	0.5252	0.6677	0.6766	0.6677	0.6053	0.7567	1.0
