	A1	A2	A3	A4	A5	A6	A7	A8
A1	1.0	0.8584	0.5405	0.5434	0.5318	0.5087	0.685	0.7023
A2	0.8584	1.0	0.5925	0.5867	0.5173	0.5	0.6965	0.7168
A3	0.5405	0.5925	1.0	0.711	0.4306	0.4162	0.5549	0.5694
A4	0.5434	0.5867	0.711	1.0	0.4884	0.4769	0.5434	0.552
A5	0.5318	0.5173	0.4306	0.4884	1.0	0.8295	0.6445	0.659
A6	0.5087	0.5	0.4162	0.4769	0.8295	1.0	0.604	0.6214
A7	0.685	0.6965	0.5549	0.5434	0.6445	0.604	1.0	0.9653
A8	0.7023	0.7168	0.5694	0.552	0.659	0.6214	0.9653	1.0
