	A1	A2	A3	A4	A5	A6	A7	A8
A1	1.0	0.7232	0.6935	0.7024	0.6161	0.6756	0.6548	0.5595
A2	0.7232	1.0	0.6756	0.7113	0.5804	0.6458	0.6012	0.494
A3	0.6935	0.6756	1.0	0.75	0.5952	0.6726	0.6488	0.5417
A4	0.7024	0.7113	0.75	1.0	0.5982	0.6815	0.6577	0.5804
A5	0.6161	0.5804	0.5952	0.5982	1.0	0.7798	0.7113	0.5952
A6	0.6756	0.6458	0.6726	0.6815	0.7798	1.0	0.7798	0.6577
A7	0.6548	0.6012	0.6488	0.6577	0.7113	0.7798	1.0	0.6726
A8	0.5595	0.494	0.5417	0.5804	0.5952	0.6577	0.6726	1.0
