	A1	A2	A3	A4	A5	A6	A7	A8
A1	1.0	0.8979	0.7958	0.6623	0.699	0.7435	0.6387	0.6309
A2	0.8979	1.0	0.767	0.6257	0.6754	0.7199	0.6204	0.623
A3	0.7958	0.767	1.0	0.8115	0.6466	0.6937	0.6152	0.5942
A4	0.6623	0.6257	0.8115	1.0	0.5288	0.5681	0.4974	0.4712
A5	0.699	0.6754	0.6466	0.5288	1.0	0.9293	0.7461	0.7382
A6	0.7435	0.7199	0.6937	0.5681	0.9293	1.0	0.7958	0.7853
A7	0.6387	0.6204	0.6152	0.4974	0.7461	0.7958	1.0	0.733
A8	0.6309	0.623	0.5942	0.4712	0.7382	0.7853	0.733	1.0
