	A1	A2	A3	A4	A7	A8	A6	A5
A1	1.0	0.6715	0.5592	0.5252	0.5314	0.5942	0.5294	0.4367
A2	0.6715	1.0	0.5324	0.4974	0.4758	0.5438	0.5221	0.3975
A3	0.5592	0.5324	1.0	0.7384	0.5613	0.6241	0.5654	0.5057
A4	0.5252	0.4974	0.7384	1.0	0.5324	0.5747	0.5324	0.4408
A7	0.5314	0.4758	0.5613	0.5324	1.0	0.6869	0.5633	0.4912
A8	0.5942	0.5438	0.6241	0.5747	0.6869	1.0	0.6282	0.5561
A6	0.5294	0.5221	0.5654	0.5324	0.5633	0.6282	1.0	0.5675
A5	0.4367	0.3975	0.5057	0.4408	0.4912	0.5561	0.5675	1.0
