	A1	A2	A3	A4	A5	A6	A7	A8
A1	1.0	0.8402	0.787	0.7663	0.4911	0.497	0.5651	0.5414
A2	0.8402	1.0	0.8639	0.8373	0.5473	0.5503	0.6213	0.5947
A3	0.787	0.8639	1.0	0.9675	0.6095	0.6213	0.7012	0.6746
A4	0.7663	0.8373	0.9675	1.0	0.5976	0.6065	0.6834	0.6568
A5	0.4911	0.5473	0.6095	0.5976	1.0	0.8314	0.7308	0.6982
A6	0.497	0.5503	0.6213	0.6065	0.8314	1.0	0.7692	0.7249
A7	0.5651	0.6213	0.7012	0.6834	0.7308	0.7692	1.0	0.8757
A8	0.5414	0.5947	0.6746	0.6568	0.6982	0.7249	0.8757	1.0
