	A1	A2	A3	A4	A5	A6	A7	A8
A1	1.0	0.8202	0.7684	0.7493	0.4659	0.4741	0.564	0.5422
A2	0.8202	1.0	0.8501	0.8256	0.5286	0.5341	0.6267	0.6022
A3	0.7684	0.8501	1.0	0.97	0.6104	0.624	0.7248	0.7003
A4	0.7493	0.8256	0.97	1.0	0.5995	0.6104	0.7084	0.6839
A5	0.4659	0.5286	0.6104	0.5995	1.0	0.8311	0.7221	0.6921
A6	0.4741	0.5341	0.624	0.6104	0.8311	1.0	0.7602	0.7193
A7	0.564	0.6267	0.7248	0.7084	0.7221	0.7602	1.0	0.8856
A8	0.5422	0.6022	0.7003	0.6839	0.6921	0.7193	0.8856	1.0
