	A1	A2	A3	A4	A5	A6	A7	A8
A1	1.0	0.956	0.7155	0.6657	0.607	0.6334	0.5279	0.478
A2	0.956	1.0	0.7302	0.6774	0.6217	0.6481	0.5396	0.4839
A3	0.7155	0.7302	1.0	0.8123	0.5073	0.5337	0.4164	0.4047
A4	0.6657	0.6774	0.8123	1.0	0.4692	0.4927	0.3988	0.3724
A5	0.607	0.6217	0.5073	0.4692	1.0	0.9501	0.7449	0.7038
A6	0.6334	0.6481	0.5337	0.4927	0.9501	1.0	0.7742	0.7331
A7	0.5279	0.5396	0.4164	0.3988	0.7449	0.7742	1.0	0.7155
A8	0.478	0.4839	0.4047	0.3724	0.7038	0.7331	0.7155	1.0
