	A1	A2	A3	A4	A5	A6	A7	A8
A1	1.0	0.8171	0.6824	0.7421	0.6381	0.5659	0.5486	0.5717
A2	0.8171	1.0	0.7074	0.7478	0.6343	0.5698	0.5669	0.5688
A3	0.6824	0.7074	1.0	0.692	0.5948	0.5265	0.5197	0.5322
A4	0.7421	0.7478	0.692	1.0	0.6092	0.5361	0.5313	0.5707
A5	0.6381	0.6343	0.5948	0.6092	1.0	0.7064	0.642	0.6545
A6	0.5659	0.5698	0.5265	0.5361	0.7064	1.0	0.5717	0.591
A7	0.5486	0.5669	0.5197	0.5313	0.642	0.5717	1.0	0.6237
A8	0.5717	0.5688	0.5322	0.5707	0.6545	0.591	0.6237	1.0
