	A5	A6	A7	A8	A1	A2	A3	A4
A5	1.0	0.368	0.3643	0.3457	0.4126	0.4424	0.4312	0.4164
A6	0.368	1.0	0.3346	0.3271	0.368	0.3755	0.3346	0.3717
A7	0.3643	0.3346	1.0	0.4535	0.3457	0.342	0.3606	0.3532
A8	0.3457	0.3271	0.4535	1.0	0.3532	0.3643	0.3866	0.3606
A1	0.4126	0.368	0.3457	0.3532	1.0	0.5204	0.4312	0.3755
A2	0.4424	0.3755	0.342	0.3643	0.5204	1.0	0.5019	0.4833
A3	0.4312	0.3346	0.3606	0.3866	0.4312	0.5019	1.0	0.5465
A4	0.4164	0.3717	0.3532	0.3606	0.3755	0.4833	0.5465	1.0
