	A7	A6	A8	A1	A2	A5	A3	A4
A7	1.0	0.361	0.3538	0.3574	0.3863	0.4188	0.343	0.2996
A6	0.361	1.0	0.5018	0.4621	0.4188	0.4657	0.4296	0.4621
A8	0.3538	0.5018	1.0	0.4946	0.4801	0.5271	0.5235	0.4332
A1	0.3574	0.4621	0.4946	1.0	0.6245	0.4152	0.4549	0.4188
A2	0.3863	0.4188	0.4801	0.6245	1.0	0.4621	0.4765	0.4657
A5	0.4188	0.4657	0.5271	0.4152	0.4621	1.0	0.4368	0.3899
A3	0.343	0.4296	0.5235	0.4549	0.4765	0.4368	1.0	0.5235
A4	0.2996	0.4621	0.4332	0.4188	0.4657	0.3899	0.5235	1.0
