	A7	A8	A5	A6	A1	A2	A3	A4
A7	1.0	0.7389	0.6583	0.6167	0.5556	0.5472	0.4778	0.4361
A8	0.7389	1.0	0.7556	0.7111	0.6194	0.6083	0.5333	0.4944
A5	0.6583	0.7556	1.0	0.9389	0.7694	0.7528	0.6556	0.625
A6	0.6167	0.7111	0.9389	1.0	0.7194	0.7028	0.6083	0.5806
A1	0.5556	0.6194	0.7694	0.7194	1.0	0.9722	0.7722	0.7417
A2	0.5472	0.6083	0.7528	0.7028	0.9722	1.0	0.7556	0.7278
A3	0.4778	0.5333	0.6556	0.6083	0.7722	0.7556	1.0	0.8444
A4	0.4361	0.4944	0.625	0.5806	0.7417	0.7278	0.8444	1.0
