	A3	A4	A1	A2	A7	A8	A5	A6
A3	1.0	0.7248	0.6322	0.6512	0.6158	0.6185	0.545	0.5749
A4	0.7248	1.0	0.6349	0.6621	0.6185	0.6185	0.5695	0.5777
A1	0.6322	0.6349	1.0	0.8747	0.6866	0.6948	0.6267	0.6567
A2	0.6512	0.6621	0.8747	1.0	0.7112	0.7221	0.6431	0.673
A7	0.6158	0.6185	0.6866	0.7112	1.0	0.9755	0.6948	0.7357
A8	0.6185	0.6185	0.6948	0.7221	0.9755	1.0	0.703	0.7466
A5	0.545	0.5695	0.6267	0.6431	0.6948	0.703	1.0	0.8038
A6	0.5749	0.5777	0.6567	0.673	0.7357	0.7466	0.8038	1.0
