	A3	A4	A1	A2	A7	A8	A5	A6
A3	1.0	0.6676	0.6353	0.65	0.6029	0.6059	0.5412	0.5676
A4	0.6676	1.0	0.5882	0.6176	0.5588	0.5588	0.5294	0.5324
A1	0.6353	0.5882	1.0	0.8882	0.6824	0.6912	0.6324	0.6588
A2	0.65	0.6176	0.8882	1.0	0.7029	0.7147	0.6441	0.6706
A7	0.6029	0.5588	0.6824	0.7029	1.0	0.9735	0.6912	0.7294
A8	0.6059	0.5588	0.6912	0.7147	0.9735	1.0	0.7	0.7412
A5	0.5412	0.5294	0.6324	0.6441	0.6912	0.7	1.0	0.8118
A6	0.5676	0.5324	0.6588	0.6706	0.7294	0.7412	0.8118	1.0
