	A1	A2	A3	A4	A5	A6	A7	A8
A1	1.0	0.8174	0.6886	0.7246	0.5419	0.6198	0.503	0.503
A2	0.8174	1.0	0.6587	0.7186	0.5449	0.6108	0.521	0.5329
A3	0.6886	0.6587	1.0	0.7754	0.482	0.5509	0.476	0.476
A4	0.7246	0.7186	0.7754	1.0	0.518	0.5868	0.482	0.479
A5	0.5419	0.5449	0.482	0.518	1.0	0.8743	0.5898	0.5509
A6	0.6198	0.6108	0.5509	0.5868	0.8743	1.0	0.6766	0.6407
A7	0.503	0.521	0.476	0.482	0.5898	0.6766	1.0	0.6976
A8	0.503	0.5329	0.476	0.479	0.5509	0.6407	0.6976	1.0
