	A1	A2	A3	A4	A5	A6	A7
A1	1.0	0.7829	0.5627	0.6544	0.4465	0.422	0.3823
A2	0.7829	1.0	0.7064	0.8257	0.5749	0.5596	0.4954
A3	0.5627	0.7064	1.0	0.8318	0.4954	0.5046	0.4526
A4	0.6544	0.8257	0.8318	1.0	0.5719	0.581	0.5015
A5	0.4465	0.5749	0.4954	0.5719	1.0	0.8349	0.6758
A6	0.422	0.5596	0.5046	0.581	0.8349	1.0	0.6881
A7	0.3823	0.4954	0.4526	0.5015	0.6758	0.6881	1.0
