	A5	A6	A7	A8	A1	A2	A3	A4
A5	1.0	0.9286	0.744	0.7292	0.5565	0.5804	0.5446	0.503
A6	0.9286	1.0	0.7292	0.7113	0.5446	0.5685	0.5357	0.4911
A7	0.744	0.7292	1.0	0.8661	0.6607	0.6935	0.6577	0.6071
A8	0.7292	0.7113	0.8661	1.0	0.6429	0.6667	0.6488	0.5982
A1	0.5565	0.5446	0.6607	0.6429	1.0	0.8988	0.6964	0.6488
A2	0.5804	0.5685	0.6935	0.6667	0.8988	1.0	0.7351	0.6756
A3	0.5446	0.5357	0.6577	0.6488	0.6964	0.7351	1.0	0.8125
A4	0.503	0.4911	0.6071	0.5982	0.6488	0.6756	0.8125	1.0
