	A1	A2	A3	A4	A5	A6	A7	A8
A1	1.0	0.787	0.6893	0.7219	0.6746	0.6509	0.6953	0.7515
A2	0.787	1.0	0.6361	0.6598	0.6006	0.571	0.6272	0.6686
A3	0.6893	0.6361	1.0	0.8817	0.5799	0.5592	0.6154	0.6686
A4	0.7219	0.6598	0.8817	1.0	0.6183	0.5917	0.6361	0.6953
A5	0.6746	0.6006	0.5799	0.6183	1.0	0.7367	0.7101	0.784
A6	0.6509	0.571	0.5592	0.5917	0.7367	1.0	0.713	0.7604
A7	0.6953	0.6272	0.6154	0.6361	0.7101	0.713	1.0	0.8225
A8	0.7515	0.6686	0.6686	0.6953	0.784	0.7604	0.8225	1.0
