	A1	A2	A3	A4	A5	A6	A7	A8
A1	1.0	0.9396	0.7069	0.6344	0.7341	0.71	0.7402	0.7432
A2	0.9396	1.0	0.7492	0.6677	0.7795	0.7583	0.7734	0.7885
A3	0.7069	0.7492	1.0	0.7069	0.71	0.719	0.7069	0.7221
A4	0.6344	0.6677	0.7069	1.0	0.6254	0.6526	0.6465	0.6344
A5	0.7341	0.7795	0.71	0.6254	1.0	0.8338	0.7734	0.7885
A6	0.71	0.7583	0.719	0.6526	0.8338	1.0	0.7674	0.7885
A7	0.7402	0.7734	0.7069	0.6465	0.7734	0.7674	1.0	0.7976
A8	0.7432	0.7885	0.7221	0.6344	0.7885	0.7885	0.7976	1.0
