	A1	A2	A3	A4	A5	A6	A7	A8
A1	1.0	0.9396	0.7039	0.6284	0.7462	0.716	0.7462	0.7492
A2	0.9396	1.0	0.7432	0.6586	0.7855	0.7613	0.7795	0.7915
A3	0.7039	0.7432	1.0	0.7069	0.716	0.7221	0.713	0.7221
A4	0.6284	0.6586	0.7069	1.0	0.6344	0.6586	0.6465	0.6344
A5	0.7462	0.7855	0.716	0.6344	1.0	0.8399	0.7764	0.7915
A6	0.716	0.7613	0.7221	0.6586	0.8399	1.0	0.7674	0.7885
A7	0.7462	0.7795	0.713	0.6465	0.7764	0.7674	1.0	0.7976
A8	0.7492	0.7915	0.7221	0.6344	0.7915	0.7885	0.7976	1.0
