	A1	A2	A3	A4	A5	A6	A7	A8
A1	1.0	0.9278	0.6944	0.6194	0.7139	0.6889	0.7222	0.7167
A2	0.9278	1.0	0.7472	0.6639	0.7667	0.7472	0.7694	0.7722
A3	0.6944	0.7472	1.0	0.725	0.7194	0.7278	0.725	0.725
A4	0.6194	0.6639	0.725	1.0	0.6389	0.6639	0.6583	0.6389
A5	0.7139	0.7667	0.7194	0.6389	1.0	0.8333	0.7639	0.7694
A6	0.6889	0.7472	0.7278	0.6639	0.8333	1.0	0.7667	0.7833
A7	0.7222	0.7694	0.725	0.6583	0.7639	0.7667	1.0	0.7944
A8	0.7167	0.7722	0.725	0.6389	0.7694	0.7833	0.7944	1.0
