	A1	A2	A3	A4	A5	A6	A7	A8
A1	1.0	0.9278	0.6972	0.625	0.7028	0.6833	0.7167	0.7111
A2	0.9278	1.0	0.7528	0.6722	0.7611	0.7444	0.7639	0.7694
A3	0.6972	0.7528	1.0	0.725	0.7139	0.725	0.7194	0.725
A4	0.625	0.6722	0.725	1.0	0.6306	0.6583	0.6583	0.6389
A5	0.7028	0.7611	0.7139	0.6306	1.0	0.8278	0.7611	0.7667
A6	0.6833	0.7444	0.725	0.6583	0.8278	1.0	0.7667	0.7833
A7	0.7167	0.7639	0.7194	0.6583	0.7611	0.7667	1.0	0.7944
A8	0.7111	0.7694	0.725	0.6389	0.7667	0.7833	0.7944	1.0
