	A1	A2	A3	A4	A5	A6	A7	A8
A1	1.0	0.8328	0.4388	0.5134	0.5821	0.609	0.594	0.5612
A2	0.8328	1.0	0.409	0.4836	0.5493	0.5761	0.5642	0.5373
A3	0.4388	0.409	1.0	0.7104	0.4866	0.5015	0.4776	0.4687
A4	0.5134	0.4836	0.7104	1.0	0.5881	0.609	0.5851	0.5761
A5	0.5821	0.5493	0.4866	0.5881	1.0	0.9522	0.7433	0.7343
A6	0.609	0.5761	0.5015	0.609	0.9522	1.0	0.7642	0.7522
A7	0.594	0.5642	0.4776	0.5851	0.7433	0.7642	1.0	0.8925
A8	0.5612	0.5373	0.4687	0.5761	0.7343	0.7522	0.8925	1.0
