	A5	A6	A7	A8	A1	A2	A3	A4
A5	1.0	0.3765	0.2157	0.3059	0.1529	0.1294	0.1765	0.1569
A6	0.3765	1.0	0.2078	0.3216	0.1765	0.1529	0.1569	0.1373
A7	0.2157	0.2078	1.0	0.3176	0.1569	0.1686	0.1412	0.1451
A8	0.3059	0.3216	0.3176	1.0	0.1569	0.1804	0.1882	0.149
A1	0.1529	0.1765	0.1569	0.1569	1.0	0.3255	0.149	0.1412
A2	0.1294	0.1529	0.1686	0.1804	0.3255	1.0	0.1529	0.1529
A3	0.1765	0.1569	0.1412	0.1882	0.149	0.1529	1.0	0.4314
A4	0.1569	0.1373	0.1451	0.149	0.1412	0.1529	0.4314	1.0
