	A5	A6	A7	A8	A1	A2	A3	A4
A5	1.0	0.6585	0.5606	0.6364	0.4254	0.4476	0.4371	0.4371
A6	0.6585	1.0	0.5221	0.6002	0.4068	0.4219	0.4336	0.4266
A7	0.5606	0.5221	1.0	0.6935	0.4534	0.4709	0.4522	0.4359
A8	0.6364	0.6002	0.6935	1.0	0.4825	0.5152	0.4918	0.4814
A1	0.4254	0.4068	0.4534	0.4825	1.0	0.6958	0.4371	0.4697
A2	0.4476	0.4219	0.4709	0.5152	0.6958	1.0	0.4184	0.4417
A3	0.4371	0.4336	0.4522	0.4918	0.4371	0.4184	1.0	0.6888
A4	0.4371	0.4266	0.4359	0.4814	0.4697	0.4417	0.6888	1.0
