	A1	A2	A3	A4	A5	A6	A7	A8
A1	1.0	0.4434	0.3139	0.2686	0.3366	0.2913	0.1974	0.2816
A2	0.4434	1.0	0.288	0.2524	0.2816	0.2621	0.165	0.2298
A3	0.3139	0.288	1.0	0.4595	0.356	0.301	0.1942	0.2848
A4	0.2686	0.2524	0.4595	1.0	0.3074	0.2686	0.165	0.2589
A5	0.3366	0.2816	0.356	0.3074	1.0	0.4531	0.233	0.3689
A6	0.2913	0.2621	0.301	0.2686	0.4531	1.0	0.233	0.3398
A7	0.1974	0.165	0.1942	0.165	0.233	0.233	1.0	0.2686
A8	0.2816	0.2298	0.2848	0.2589	0.3689	0.3398	0.2686	1.0
