	A1	A2	A5	A6	A7	A8	A3	A4
A1	1.0	0.6749	0.5565	0.5399	0.5427	0.5234	0.6639	0.6143
A2	0.6749	1.0	0.5096	0.4876	0.5344	0.5096	0.6281	0.5813
A5	0.5565	0.5096	1.0	0.7741	0.6501	0.6474	0.6171	0.5813
A6	0.5399	0.4876	0.7741	1.0	0.6226	0.6171	0.6006	0.562
A7	0.5427	0.5344	0.6501	0.6226	1.0	0.9311	0.6722	0.6364
A8	0.5234	0.5096	0.6474	0.6171	0.9311	1.0	0.6584	0.6143
A3	0.6639	0.6281	0.6171	0.6006	0.6722	0.6584	1.0	0.7769
A4	0.6143	0.5813	0.5813	0.562	0.6364	0.6143	0.7769	1.0
