	A3	A4	A1	A2	A5	A6	A7	A8
A3	1.0	0.916	0.7778	0.7127	0.5149	0.5583	0.5881	0.5881
A4	0.916	1.0	0.7209	0.6694	0.4797	0.5149	0.5447	0.5447
A1	0.7778	0.7209	1.0	0.9214	0.5637	0.5881	0.6423	0.6369
A2	0.7127	0.6694	0.9214	1.0	0.5339	0.5528	0.6098	0.6016
A5	0.5149	0.4797	0.5637	0.5339	1.0	0.71	0.7046	0.7019
A6	0.5583	0.5149	0.5881	0.5528	0.71	1.0	0.7425	0.7371
A7	0.5881	0.5447	0.6423	0.6098	0.7046	0.7425	1.0	0.9404
A8	0.5881	0.5447	0.6369	0.6016	0.7019	0.7371	0.9404	1.0
