	A3	A4	A1	A2	A5	A6	A7	A8
A3	1.0	0.9117	0.7749	0.7094	0.5128	0.5641	0.5783	0.584
A4	0.9117	1.0	0.7151	0.6638	0.4758	0.5185	0.5328	0.5385
A1	0.7749	0.7151	1.0	0.9202	0.5556	0.5869	0.6268	0.6268
A2	0.7094	0.6638	0.9202	1.0	0.5271	0.5527	0.5954	0.5926
A5	0.5128	0.4758	0.5556	0.5271	1.0	0.7179	0.7066	0.7094
A6	0.5641	0.5185	0.5869	0.5527	0.7179	1.0	0.7521	0.7521
A7	0.5783	0.5328	0.6268	0.5954	0.7066	0.7521	1.0	0.9487
A8	0.584	0.5385	0.6268	0.5926	0.7094	0.7521	0.9487	1.0
