	A5	A6	A7	A8	A1	A2	A3	A4
A5	1.0	0.3095	0.1786	0.2698	0.119	0.1151	0.127	0.1151
A6	0.3095	1.0	0.1746	0.2381	0.1627	0.1151	0.1984	0.1151
A7	0.1786	0.1746	1.0	0.3214	0.119	0.127	0.1587	0.1865
A8	0.2698	0.2381	0.3214	1.0	0.1508	0.1468	0.1944	0.1905
A1	0.119	0.1627	0.119	0.1508	1.0	0.3214	0.1627	0.1429
A2	0.1151	0.1151	0.127	0.1468	0.3214	1.0	0.1429	0.1071
A3	0.127	0.1984	0.1587	0.1944	0.1627	0.1429	1.0	0.3492
A4	0.1151	0.1151	0.1865	0.1905	0.1429	0.1071	0.3492	1.0
