	A1	A2	A3	A4	A5	A6	A7	A8
A1	1.0	0.9619	0.7918	0.8299	0.651	0.5191	0.5249	0.563
A2	0.9619	1.0	0.7947	0.8387	0.6569	0.5249	0.5337	0.5689
A3	0.7918	0.7947	1.0	0.7595	0.6129	0.4927	0.5044	0.5337
A4	0.8299	0.8387	0.7595	1.0	0.607	0.4956	0.5044	0.5279
A5	0.651	0.6569	0.6129	0.607	1.0	0.7977	0.7566	0.8065
A6	0.5191	0.5249	0.4927	0.4956	0.7977	1.0	0.6334	0.6804
A7	0.5249	0.5337	0.5044	0.5044	0.7566	0.6334	1.0	0.7713
A8	0.563	0.5689	0.5337	0.5279	0.8065	0.6804	0.7713	1.0
