	A1	A2	A3	A4	A5	A6	A7	A8
A1	1.0	0.9595	0.8	0.8243	0.7027	0.5676	0.5784	0.6108
A2	0.9595	1.0	0.8081	0.8378	0.7135	0.5784	0.5892	0.6189
A3	0.8	0.8081	1.0	0.7622	0.6405	0.5216	0.5351	0.5595
A4	0.8243	0.8378	0.7622	1.0	0.6568	0.5432	0.5541	0.573
A5	0.7027	0.7135	0.6405	0.6568	1.0	0.7919	0.7297	0.7757
A6	0.5676	0.5784	0.5216	0.5432	0.7919	1.0	0.5946	0.6378
A7	0.5784	0.5892	0.5351	0.5541	0.7297	0.5946	1.0	0.7459
A8	0.6108	0.6189	0.5595	0.573	0.7757	0.6378	0.7459	1.0
