	A1	A2	A3	A4	A5	A6	A7	A8
A1	1.0	0.8726	0.6066	0.6205	0.6066	0.6371	0.6704	0.6787
A2	0.8726	1.0	0.6288	0.651	0.626	0.6593	0.6981	0.7091
A3	0.6066	0.6288	1.0	0.7091	0.5208	0.5485	0.5873	0.59
A4	0.6205	0.651	0.7091	1.0	0.5568	0.5568	0.5983	0.5983
A5	0.6066	0.626	0.5208	0.5568	1.0	0.8033	0.6842	0.6925
A6	0.6371	0.6593	0.5485	0.5568	0.8033	1.0	0.7258	0.7368
A7	0.6704	0.6981	0.5873	0.5983	0.6842	0.7258	1.0	0.9751
A8	0.6787	0.7091	0.59	0.5983	0.6925	0.7368	0.9751	1.0
