	A1	A2	A3	A4	A5	A6	A7	A8
A1	1.0	0.8882	0.6147	0.6324	0.6147	0.6412	0.6706	0.6794
A2	0.8882	1.0	0.6324	0.6588	0.6294	0.6588	0.6941	0.7059
A3	0.6147	0.6324	1.0	0.7029	0.5118	0.5441	0.5794	0.5824
A4	0.6324	0.6588	0.7029	1.0	0.55	0.5559	0.5941	0.5941
A5	0.6147	0.6294	0.5118	0.55	1.0	0.8147	0.6824	0.6912
A6	0.6412	0.6588	0.5441	0.5559	0.8147	1.0	0.7206	0.7324
A7	0.6706	0.6941	0.5794	0.5941	0.6824	0.7206	1.0	0.9735
A8	0.6794	0.7059	0.5824	0.5941	0.6912	0.7324	0.9735	1.0
